Pedestrian -1 -1 -1.9529 1545.2069 812.6091 1640.1321 978.9387 1.6854 0.7187 0.7538 6.9080 3.7903 16.3898 -1.5784 0.7778
Pedestrian -1 -1 -1.6576 404.9720 815.2485 468.7356 985.9227 1.4076 0.5100 0.6243 -4.7671 3.1857 13.5826 -1.9681 0.6102
Pedestrian -1 -1 -1.0094 265.4030 802.1357 369.7964 998.6249 1.5701 0.5710 0.6418 -5.5792 3.1526 12.9836 -1.3825 0.5739
Pedestrian -1 -1 1.2148 1625.3086 826.5844 1704.5970 983.2282 1.7089 0.6494 0.6396 8.2371 4.1181 17.5247 1.6295 0.2872
Pedestrian -1 -1 1.6038 72.7578 813.5417 141.2222 969.8204 1.6131 0.6288 0.7834 -9.7617 3.8330 17.1080 1.1192 0.2567
Pedestrian -1 -1 1.5144 48.3883 848.8482 103.9442 980.7377 1.6530 0.6454 0.6192 -12.2230 4.8102 20.6490 1.0122 0.1978
Pedestrian -1 -1 1.5952 681.4294 711.4901 830.7179 1100.0103 1.7997 0.7058 0.6958 -1.0109 2.2547 7.4776 1.4727 0.1697
Pedestrian -1 -1 -0.3552 644.4472 856.4785 703.6885 1009.4812 1.5232 0.5650 0.4751 -3.1430 4.1118 16.3526 -0.5292 0.1378
Pedestrian -1 -1 2.2424 1252.6097 816.2366 1284.9777 875.6210 1.7119 0.6605 0.7645 9.6285 7.7667 46.8235 2.4446 0.1298
Pedestrian -1 -1 2.5682 449.9415 819.3992 517.6435 982.5338 1.6095 0.5763 0.4548 -5.1006 3.7339 15.9738 2.2827 0.1187
Cyclist -1 -1 -2.5613 145.8898 807.0610 474.3246 1070.1311 1.7410 0.8789 2.2085 -4.9705 3.2178 11.4662 -2.9335 0.2279
Cyclist -1 -1 1.2678 1443.8667 774.3641 1489.3768 840.0245 1.8269 0.7672 2.1159 16.0428 6.6831 47.5230 1.5900 0.1490
Car -1 -1 1.4457 1353.7983 828.3613 1513.8274 968.5644 1.4281 1.8427 3.8050 7.2050 4.8530 23.1454 1.7351 0.2641
Car -1 -1 -0.1732 1141.7281 843.5968 1375.2711 948.9071 1.5552 1.8027 3.8551 5.2694 5.6219 26.8779 0.0150 0.1617
