Pedestrian -1 -1 1.4109 530.2411 822.5947 605.4451 1010.7434 1.4694 0.5435 0.6658 -3.4138 3.2368 12.9570 1.1752 0.8427
Pedestrian -1 -1 1.0273 1697.7949 817.7736 1806.5551 995.1671 1.6973 0.7018 0.7631 8.2442 3.7639 15.6124 1.4832 0.8243
Pedestrian -1 -1 -1.0868 407.0354 794.8123 509.6960 994.0963 1.5087 0.5713 0.6147 -4.1220 2.9447 12.2827 -1.3833 0.6960
Pedestrian -1 -1 1.6738 161.3020 828.8511 233.7583 991.5561 1.6259 0.6158 0.7762 -8.4587 3.9516 16.5850 1.2351 0.3974
Pedestrian -1 -1 1.5711 869.9952 727.2300 1023.7792 1115.6233 1.8148 0.7423 0.8463 -0.0752 2.3670 7.6417 1.5565 0.2683
Pedestrian -1 -1 -1.9655 1784.9723 837.5113 1898.4550 1009.4985 1.6508 0.7408 0.9073 9.4340 4.0031 16.0556 -1.4654 0.2300
Pedestrian -1 -1 1.7924 697.7775 846.1703 763.2999 1005.7656 1.6186 0.5916 0.5633 -2.5119 4.0780 16.3170 1.6527 0.1641
Pedestrian -1 -1 1.2957 1621.1235 732.5940 1771.6534 1070.0267 1.9069 0.6470 0.6339 4.4233 2.5832 9.0349 1.7012 0.1621
Pedestrian -1 -1 -1.7891 1556.5780 807.5013 1585.5369 878.5721 1.7730 0.5983 0.5381 15.9943 6.6018 39.2327 -1.4092 0.1510
Pedestrian -1 -1 3.0583 563.3288 820.4113 618.9659 1008.9734 1.7674 0.5761 0.5097 -3.7402 3.7871 15.0971 2.8355 0.1480
Pedestrian -1 -1 -0.3472 826.5908 824.7225 887.9825 994.3844 1.7379 0.6530 0.4920 -1.1620 4.0161 16.6521 -0.4102 0.1468
Pedestrian -1 -1 -0.1688 753.1471 885.2737 803.2040 1059.1692 1.6289 0.5976 0.4228 -1.8879 4.3684 15.3887 -0.2793 0.1302
Cyclist -1 -1 -2.1936 221.2107 795.0907 508.6419 1097.2380 1.7771 0.8945 2.1575 -4.3616 3.1267 10.8791 -2.5392 0.1415
Cyclist -1 -1 1.6901 156.9099 828.7562 234.1510 992.3193 1.6114 0.6313 0.9118 -8.4820 3.9457 16.5919 1.2504 0.1065
Cyclist -1 -1 -1.7971 1797.5442 825.6522 1907.5612 1010.6904 1.7361 0.7557 1.1095 9.5427 3.9763 16.0510 -1.2919 0.1034
Car -1 -1 1.5590 1514.5845 810.9255 1666.3282 966.1476 1.4847 1.8699 4.0584 9.1160 4.4834 21.8770 1.9367 0.3245
Car -1 -1 2.1178 724.1623 792.4016 870.8456 875.8030 1.5134 1.7467 4.3687 -4.1832 6.1346 38.9110 2.0194 0.2575
