Pedestrian -1 -1 1.0829 1725.1974 820.2007 1841.4203 995.1971 1.6419 0.7094 0.8827 8.4904 3.7215 15.4767 1.5538 0.8581
Pedestrian -1 -1 -1.6062 560.5038 831.0757 629.2654 1008.2108 1.3586 0.5586 0.7119 -3.1524 3.1875 12.8508 -1.8263 0.8455
Pedestrian -1 -1 2.6933 422.3200 817.1942 532.0242 1010.6829 1.4041 0.5487 0.6829 -3.9303 3.0213 12.1443 2.4073 0.6273
Pedestrian -1 -1 -0.8516 1828.9587 837.7177 1935.6802 1004.6888 1.5959 0.6762 0.6922 9.7414 3.9101 15.8288 -0.3321 0.5526
Pedestrian -1 -1 -0.1898 762.7490 901.0760 812.5677 1069.3724 1.5666 0.5783 0.4120 -1.7870 4.4657 15.3617 -0.2944 0.2462
Pedestrian -1 -1 -0.8818 1894.3109 854.6743 1936.0000 1034.2531 1.7239 0.6714 0.5546 10.3767 4.2157 15.8092 -0.3348 0.1773
Pedestrian -1 -1 -1.5649 894.8832 699.5712 1042.7527 1090.8356 1.8472 0.7120 0.7236 0.0376 2.2430 7.5622 -1.5670 0.1673
Pedestrian -1 -1 1.5101 175.6055 827.2266 244.3890 1004.4036 1.7287 0.6509 0.9565 -8.2857 4.0364 16.4810 1.0774 0.1644
Pedestrian -1 -1 1.5277 411.1025 807.9005 478.3947 969.5451 1.5567 0.6759 1.0406 -5.6642 3.6347 16.3764 1.2191 0.1516
Pedestrian -1 -1 1.1883 1623.8342 804.3483 1656.6282 879.2347 1.7274 0.5704 0.5023 16.3443 6.0793 36.0062 1.6052 0.1501
Pedestrian -1 -1 -0.6572 905.3454 867.8056 987.5711 1043.5015 1.5200 0.5956 0.5443 -0.1450 3.9329 14.4527 -0.6655 0.1496
Pedestrian -1 -1 2.0270 1584.1150 792.1725 1615.6512 864.0136 1.8094 0.6215 0.4930 17.0404 6.3174 39.9061 2.4235 0.1376
Cyclist -1 -1 -2.2679 207.2905 798.7805 531.7867 1101.1450 1.7635 0.9672 2.3304 -4.3268 3.1465 10.8875 -2.6106 0.2080
Cyclist -1 -1 3.6525 0.0000 822.3628 119.6001 992.3110 1.7061 0.8160 1.8350 -10.3888 3.9298 16.4176 3.1257 0.1651
Cyclist -1 -1 1.0829 1725.1974 820.2007 1841.4203 995.1971 1.6419 0.7094 0.8827 8.4904 3.7215 15.4767 1.5538 0.1176
Car -1 -1 1.4501 1516.3328 812.6387 1698.1797 968.2460 1.4806 1.8597 3.9141 9.1601 4.4481 21.5059 1.8349 0.6997
Car -1 -1 -1.4697 852.6769 771.0565 926.7512 837.1436 1.3926 1.6910 4.2419 -2.0195 5.8339 43.2732 -1.5100 0.1596
Car -1 -1 2.1301 749.4976 800.1612 893.8058 886.2069 1.5781 1.7378 4.2345 -3.5691 6.4153 38.9947 2.0471 0.1504
