Pedestrian -1 -1 1.0024 1760.7000 821.6597 1883.2407 1001.7673 1.6591 0.6971 0.9046 8.7882 3.7351 15.2996 1.4918 0.8292
Pedestrian -1 -1 1.8459 580.8347 835.9917 662.8672 994.2409 1.2152 0.5279 0.5865 -2.8581 3.0414 12.6258 1.6421 0.6097
Pedestrian -1 -1 2.3923 449.2494 795.6163 565.9742 1022.8778 1.6540 0.6249 0.6417 -3.6293 3.0713 11.9778 2.1239 0.5694
Pedestrian -1 -1 1.4445 1874.9492 852.0519 1936.0000 1030.9669 1.6554 0.6491 0.7368 9.9004 4.0791 15.4895 1.9792 0.4181
Pedestrian -1 -1 1.7930 731.3110 835.5645 796.3597 1004.8912 1.6877 0.5744 0.5635 -2.1051 3.9834 15.9863 1.6735 0.3608
Pedestrian -1 -1 2.6805 186.1419 818.6317 275.5558 988.7881 1.6903 0.5908 0.6958 -7.9837 3.8676 16.3509 2.2584 0.3606
Pedestrian -1 -1 1.4606 1718.7653 753.7275 1879.6962 1113.2274 1.8741 0.7054 0.6012 4.7328 2.6396 8.4850 1.9122 0.2550
Pedestrian -1 -1 -0.6689 785.2989 890.0100 849.3742 1061.2239 1.5962 0.5762 0.3809 -1.4778 4.3753 15.3363 -0.7555 0.2202
Pedestrian -1 -1 1.4958 930.5734 717.0648 1080.6188 1105.4261 1.8041 0.6923 0.7494 0.2054 2.2924 7.5283 1.5131 0.2088
Pedestrian -1 -1 -1.4991 795.9631 863.2891 851.8192 1014.0638 1.4910 0.5505 0.5919 -1.4673 4.0946 16.0333 -1.5818 0.1793
Pedestrian -1 -1 1.7885 1723.7651 800.5278 1817.7043 1020.0225 1.7087 0.6086 0.5815 6.8897 3.2523 12.7265 2.2473 0.1726
Cyclist -1 -1 -2.5767 261.4149 783.0761 604.0895 1075.7184 1.7631 0.8116 2.1668 -3.6634 2.9343 10.4030 -2.8830 0.2231
Cyclist -1 -1 3.5416 0.0000 817.4467 133.9677 993.8119 1.7427 0.8483 1.6552 -10.1450 3.9240 16.4242 3.0251 0.2052
Cyclist -1 -1 1.0024 1760.7000 821.6597 1883.2407 1001.7673 1.6591 0.6971 0.9046 8.7882 3.7351 15.2996 1.4918 0.1012
Car -1 -1 1.4402 1554.0482 813.2153 1742.5614 971.3732 1.4737 1.8397 3.8887 9.5635 4.3989 21.1080 1.8465 0.6502
