Pedestrian -1 -1 -1.5611 478.0420 823.7430 542.8258 996.9735 1.3856 0.5271 0.6785 -3.9904 3.2020 13.2647 -1.8291 0.8827
Pedestrian -1 -1 2.4185 325.3416 806.7483 439.9625 1024.2382 1.6588 0.6129 0.6595 -4.8601 3.2411 12.5747 2.0810 0.6410
Pedestrian -1 -1 1.0079 1626.2740 816.3727 1731.0150 992.4969 1.7146 0.6905 0.7770 7.6330 3.8107 15.9367 1.4269 0.5495
Pedestrian -1 -1 1.0103 1563.4043 824.6567 1660.6085 1016.8615 1.6441 0.5904 0.6037 6.0272 3.5435 13.8695 1.3901 0.4304
Pedestrian -1 -1 1.5201 122.4652 825.6622 187.1451 991.6337 1.6856 0.6251 0.6742 -9.0178 3.9898 16.7164 1.0593 0.4235
Pedestrian -1 -1 1.7437 1729.2505 814.8115 1807.7457 986.1726 1.7521 0.6921 0.6148 9.0413 3.9365 16.7480 2.2106 0.2804
Pedestrian -1 -1 -1.0138 1806.8699 807.6547 1891.0909 986.5900 1.7854 0.5913 0.5348 9.5555 3.8009 16.1036 -0.5090 0.2112
Pedestrian -1 -1 -1.2152 1504.0426 798.2693 1533.4811 867.5833 1.7944 0.6094 0.5439 15.3381 6.6113 41.1443 -0.8641 0.1798
Pedestrian -1 -1 -1.5770 769.0935 712.8578 912.2202 1106.2821 1.8451 0.6872 0.6723 -0.6072 2.3099 7.5389 -1.6527 0.1410
Pedestrian -1 -1 -1.0085 1846.7844 787.0148 1927.9528 982.1825 1.8631 0.5641 0.4251 9.4111 3.5490 15.2037 -0.4872 0.1400
Pedestrian -1 -1 -1.5130 755.5945 820.5242 787.4282 895.2202 1.1245 0.4775 0.4981 -3.0617 4.3181 24.1507 -1.6295 0.1358
Pedestrian -1 -1 0.9817 1335.7828 826.3262 1373.3521 887.6274 1.7113 0.6944 0.9748 12.1187 7.9976 46.0969 1.2364 0.1357
Pedestrian -1 -1 3.1095 512.3900 813.7447 566.3094 987.2247 1.6688 0.5806 0.5285 -4.3770 3.6717 15.5074 2.8560 0.1296
Pedestrian -1 -1 -1.8633 1495.4430 805.5244 1524.5897 873.5140 1.7463 0.6081 0.5220 14.7328 6.6302 40.1581 -1.5177 0.1269
Cyclist -1 -1 1.1260 1333.4817 825.0821 1375.5715 887.7495 1.6956 0.7119 1.4171 12.1141 7.9689 46.1012 1.3806 0.1564
Cyclist -1 -1 -2.6102 165.6028 811.1187 505.7949 1080.9164 1.7428 0.9129 2.2027 -4.6489 3.2152 11.1839 -2.9678 0.1297
Cyclist -1 -1 -2.4296 452.5909 825.5109 562.4639 997.7603 1.3655 0.5662 0.7427 -4.0125 3.1968 13.2362 -2.6996 0.1153
Car -1 -1 1.4685 1439.5511 827.7618 1604.2477 977.4639 1.4350 1.8293 3.9877 8.2497 4.7552 22.3223 1.8072 0.2710
Car -1 -1 -0.2266 1229.1543 848.9454 1478.3113 962.7026 1.6370 1.8417 3.9057 6.8085 5.7128 26.2476 0.0187 0.1300
