Pedestrian -1 -1 1.6783 415.5511 826.3441 490.3710 1005.9137 1.4737 0.5534 0.6954 -4.5965 3.3523 13.5520 1.3782 0.7972
Pedestrian -1 -1 -0.5243 284.4283 827.4564 388.6751 1012.4895 1.4219 0.5414 0.6468 -5.3600 3.2179 12.8374 -0.8872 0.7935
Pedestrian -1 -1 -1.9242 1575.4224 817.0369 1666.4260 981.2609 1.6502 0.6985 0.6851 7.1404 3.7787 16.2121 -1.5349 0.6355
Pedestrian -1 -1 1.9144 72.6336 824.7146 170.3519 988.3972 1.6757 0.6818 0.9089 -9.5392 4.0156 17.0161 1.4378 0.5275
Pedestrian -1 -1 1.2697 1657.5856 821.7791 1740.4596 981.8749 1.7190 0.6871 0.6563 8.5428 4.0503 17.3377 1.7018 0.4467
Pedestrian -1 -1 3.1117 466.7363 829.3907 522.1269 1001.0118 1.6685 0.5748 0.5471 -4.9160 3.8706 15.7468 2.8328 0.3200
Pedestrian -1 -1 -3.1737 1601.0549 834.1660 1647.7983 912.8338 1.1876 0.7823 0.6978 11.3795 4.8497 25.6790 -2.7711 0.1633
Pedestrian -1 -1 -3.3305 1606.4410 829.0947 1660.5710 925.8811 1.4338 0.7937 0.6628 11.0272 4.8486 24.5499 -2.9241 0.1591
Pedestrian -1 -1 2.1108 1722.0192 820.7144 1801.5708 967.8091 1.5704 0.6480 0.5196 9.3524 3.9131 17.4781 2.5757 0.1245
Pedestrian -1 -1 -0.9309 1739.1238 815.2009 1824.1854 980.3780 1.6952 0.6502 0.5228 9.1526 3.8713 16.6934 -0.4577 0.1109
Cyclist -1 -1 1.9144 72.6336 824.7146 170.3519 988.3972 1.6757 0.6818 0.9089 -9.5392 4.0156 17.0161 1.4378 0.1322
Cyclist -1 -1 -2.2528 1536.0054 810.2447 1666.3746 989.1786 1.7161 0.7406 1.1528 6.9865 3.8271 16.3719 -1.8742 0.1230
Cyclist -1 -1 -2.2780 126.7822 807.4917 424.3532 1095.3113 1.8177 0.9772 2.1267 -5.2911 3.3375 11.5289 -2.6695 0.1130
Car -1 -1 1.4499 1381.4395 818.3229 1548.4008 961.4888 1.4541 1.9078 3.9324 7.6270 4.7013 22.9963 1.7569 0.3592
Car -1 -1 -0.3724 1478.0604 813.8552 1651.0104 879.0002 1.5731 1.8658 4.1643 17.0938 7.0633 42.5099 0.0037 0.1283
