Pedestrian -1 -1 -1.8461 502.3875 811.9614 586.6017 1001.7254 1.4959 0.5493 0.7197 -3.6621 3.1935 13.1227 -2.0955 0.7673
Pedestrian -1 -1 -1.1468 387.2818 794.9094 486.1078 1002.2675 1.6072 0.5735 0.5975 -4.3627 3.0615 12.4622 -1.4552 0.6543
Pedestrian -1 -1 -2.1096 1671.5640 807.1573 1779.8323 988.7534 1.7668 0.7324 0.7414 8.0464 3.7375 15.7651 -1.6666 0.5699
Pedestrian -1 -1 -0.5594 1867.6262 813.7836 1936.0000 987.7632 1.6974 0.5804 0.5631 9.8747 3.6969 15.5334 -0.0260 0.3815
Pedestrian -1 -1 1.6385 1767.4011 829.6336 1844.7695 997.4269 1.6586 0.7136 0.6541 9.2580 3.9654 16.3841 2.1232 0.2669
Pedestrian -1 -1 2.1223 127.2450 826.8413 230.1475 992.2089 1.6599 0.6452 0.8576 -8.6699 3.9627 16.5936 1.6742 0.2637
Pedestrian -1 -1 -3.6666 1883.8300 810.0508 1936.0000 1001.4933 1.7839 0.5633 0.5370 9.5540 3.6483 14.7728 -3.1275 0.2485
Pedestrian -1 -1 1.9904 674.6842 861.5566 745.2368 1019.6442 1.5860 0.5814 0.5584 -2.7490 4.2337 16.3853 1.8385 0.1913
Pedestrian -1 -1 -1.8612 1384.3098 827.0431 1410.8126 883.0118 1.6140 0.6160 0.6585 13.3753 7.8574 45.8565 -1.5805 0.1755
Pedestrian -1 -1 -1.6086 831.3448 703.8813 979.0707 1097.9061 1.8613 0.7157 0.7064 -0.2977 2.2825 7.5965 -1.6487 0.1496
Pedestrian -1 -1 2.1257 571.4294 872.8689 641.7219 1028.5813 1.5272 0.5547 0.4918 -3.7978 4.2384 16.0258 1.9125 0.1269
Cyclist -1 -1 1.4779 1433.0315 838.8305 1479.5720 940.5154 1.6988 0.6993 1.9928 10.0610 6.2038 30.4434 1.7880 0.1908
Cyclist -1 -1 2.1697 101.1778 829.3904 241.9820 997.4958 1.5868 0.6963 1.3949 -8.7678 3.9664 16.6608 1.7188 0.1745
Cyclist -1 -1 -2.5502 199.4020 800.0258 527.1852 1082.1068 1.7712 0.8431 2.1270 -4.3386 3.1250 10.8909 -2.8938 0.1295
Car -1 -1 -0.2658 1264.4807 843.0168 1525.9939 957.3362 1.6506 1.9044 4.0352 7.5241 5.6147 26.2178 0.0041 0.2402
Car -1 -1 2.8554 1287.7975 832.3525 1479.9053 914.6840 1.5941 1.7953 3.9245 9.7187 6.5219 34.5896 3.1236 0.1317
