Pedestrian -1 -1 -1.6543 680.0777 778.2729 771.5933 1020.1106 1.6214 0.6143 0.7169 -1.7365 2.7900 10.9754 -1.7977 0.8759
Pedestrian -1 -1 -2.0997 763.5432 811.0568 868.4899 1039.2000 1.5968 0.5703 0.6311 -1.1279 3.0908 11.5789 -2.1887 0.8550
Pedestrian -1 -1 -1.4206 1044.2336 856.7767 1111.3563 1036.3610 1.6700 0.6037 0.5356 1.1795 4.0593 15.0815 -1.3477 0.4901
Pedestrian -1 -1 2.4197 331.8285 795.9205 419.3690 968.8820 1.6824 0.5571 0.6570 -6.1846 3.5380 15.8033 2.0739 0.4384
Pedestrian -1 -1 1.8037 564.7839 807.0964 609.0679 907.7354 1.6222 0.6209 0.5049 -6.3236 4.7327 25.2767 1.5742 0.3701
Pedestrian -1 -1 1.9626 733.6845 795.0111 813.3848 986.7280 1.6747 0.5907 0.4957 -1.7470 3.2978 13.9493 1.8483 0.3147
Pedestrian -1 -1 -1.7221 970.8289 851.5826 1037.4183 1037.2350 1.6805 0.5679 0.6103 0.4153 3.9600 14.7000 -1.6953 0.3024
Pedestrian -1 -1 -0.7805 942.0107 866.4469 1011.5855 1060.9376 1.6869 0.5765 0.3536 0.1446 4.0209 14.1203 -0.7703 0.2071
Pedestrian -1 -1 -1.4546 44.5049 810.4302 126.7287 995.3116 1.8519 0.6739 0.7269 -9.5720 3.9400 16.3690 -1.9477 0.1565
Pedestrian -1 -1 0.5619 187.0438 806.5402 334.8131 977.5656 1.7329 0.7766 1.2743 -7.7877 3.8150 16.6594 0.1552 0.1443
Pedestrian -1 -1 -3.2378 1142.4429 844.9276 1203.1016 1000.9432 1.3845 0.6444 0.5177 2.0488 3.5715 14.5337 -3.1084 0.1390
Pedestrian -1 -1 -1.5472 440.6411 832.6005 483.2997 958.8830 1.7054 0.5609 0.4818 -7.1800 4.7368 21.5180 -1.8476 0.1312
Pedestrian -1 -1 -1.7386 1210.1669 666.3151 1419.9279 1115.9742 1.9138 0.7504 1.0569 1.6183 2.1225 6.9999 -1.5499 0.1270
Pedestrian -1 -1 1.3316 874.7652 805.6531 947.4676 987.8951 1.6643 0.5829 0.6585 -0.5034 3.5052 14.8354 1.3010 0.1221
Pedestrian -1 -1 -1.0233 342.3238 761.1956 397.6398 891.2529 1.7979 0.6020 0.4318 -8.5013 3.7828 21.5084 -1.3776 0.1159
Cyclist -1 -1 2.1189 164.6010 806.9908 316.6712 992.2918 1.7478 0.7919 1.5549 -7.9364 3.8626 16.5455 1.7031 0.3297
Cyclist -1 -1 -2.6857 341.2991 773.7568 740.0596 1076.0641 1.6973 0.8532 2.3692 -2.7098 2.7306 9.7156 -2.9312 0.1608
Car -1 -1 1.2015 1712.9113 786.0095 1936.0000 982.2515 1.7307 1.9660 4.5646 11.6660 4.0933 19.5298 1.7154 0.6170
