Pedestrian -1 -1 1.0475 855.2444 802.4376 969.5145 1031.3135 1.5140 0.5751 0.6887 -0.3659 2.8758 11.0261 1.0157 0.7901
Pedestrian -1 -1 -1.1109 772.7625 767.7546 896.7036 1022.5093 1.6095 0.6137 0.6843 -0.8686 2.6409 10.3645 -1.1885 0.7716
Pedestrian -1 -1 1.9037 630.9873 796.1852 678.4561 897.9469 1.5825 0.6054 0.5860 -5.0619 4.4513 24.7129 1.7151 0.6480
Pedestrian -1 -1 2.5672 403.1787 795.2028 499.1023 974.0786 1.6880 0.6301 0.7174 -5.2842 3.5072 15.4978 2.2634 0.5987
Pedestrian -1 -1 -1.9165 1350.4430 685.3566 1573.5398 1117.7666 1.8112 0.7049 0.8077 2.2535 2.1041 6.8142 -1.6480 0.3295
Pedestrian -1 -1 2.0685 823.4958 774.0638 910.4002 985.0005 1.7832 0.5948 0.5489 -0.8510 3.1719 13.5477 2.0107 0.3078
Pedestrian -1 -1 -1.4965 1136.1810 885.1442 1199.9998 1076.0697 1.6928 0.5773 0.4955 1.9924 4.2472 14.3785 -1.3694 0.3070
Pedestrian -1 -1 -1.2047 1168.5057 835.9104 1249.4355 1052.9991 1.7542 0.5555 0.5257 2.1824 3.6629 13.1611 -1.0548 0.2188
Pedestrian -1 -1 -0.4886 1241.4482 877.9593 1319.2565 1056.5045 1.4947 0.5829 0.4832 2.9515 3.8989 13.8585 -0.2959 0.2022
Pedestrian -1 -1 -0.0863 1031.9525 869.8316 1084.2651 1064.9485 1.6354 0.5357 0.4237 0.8692 3.8904 13.4946 -0.0273 0.1645
Pedestrian -1 -1 -1.0599 1059.1674 871.2490 1146.2228 1075.6049 1.7350 0.6360 0.5343 1.3309 4.1172 14.0608 -0.9728 0.1580
Pedestrian -1 -1 1.9825 272.8767 813.0270 394.1003 989.4938 1.7208 0.7895 1.2251 -6.9254 3.8826 16.5546 1.6149 0.1246
Pedestrian -1 -1 0.9789 898.3667 792.6094 1006.8647 974.0800 1.5476 0.7335 0.7603 -0.0863 3.2026 14.2365 0.9733 0.1205
Cyclist -1 -1 -2.6209 462.8316 755.4426 881.5304 1092.4128 1.7177 0.8066 2.4079 -1.7489 2.5744 9.0243 -2.7939 0.2327
Cyclist -1 -1 1.8350 271.2701 813.4316 384.8933 991.8010 1.7077 0.8017 1.3404 -6.9700 3.8805 16.5253 1.4647 0.1228
Cyclist -1 -1 2.4672 407.6426 802.3550 506.8933 985.8350 1.7213 0.6424 0.7321 -5.2022 3.6118 15.4479 2.1673 0.1052
