Pedestrian -1 -1 -2.0718 623.8762 804.1219 724.1432 998.4733 1.4449 0.5505 0.7051 -2.3835 2.9835 12.3904 -2.2458 0.8019
Pedestrian -1 -1 -1.2486 521.7743 781.5015 622.0183 1001.2648 1.6224 0.5913 0.6309 -3.0802 2.9008 11.8670 -1.4806 0.7176
Pedestrian -1 -1 -1.2679 1833.3274 816.8199 1932.5320 1009.6259 1.7388 0.6781 0.7196 9.2212 3.7223 14.9623 -0.7496 0.6760
Pedestrian -1 -1 2.3076 212.9675 826.2082 320.7379 995.2634 1.6397 0.6073 0.9031 -7.5496 3.9026 16.2839 1.9047 0.3946
Pedestrian -1 -1 2.0740 283.1637 856.4939 346.6714 986.0240 1.6992 0.5711 0.6670 -9.1964 5.0533 21.2922 1.6931 0.3417
Pedestrian -1 -1 -1.4031 847.9190 886.9995 911.1978 1057.1469 1.6286 0.5774 0.4803 -0.8387 4.3804 15.4279 -1.4513 0.3139
Pedestrian -1 -1 1.7600 768.8445 847.4659 833.3842 1014.3812 1.6313 0.5747 0.5691 -1.6815 4.0219 15.7522 1.6633 0.2796
Pedestrian -1 -1 1.4800 1001.3259 714.1716 1153.2533 1102.1639 1.7856 0.6754 0.7640 0.5596 2.2542 7.4560 1.5383 0.2143
Pedestrian -1 -1 -0.7085 814.3171 878.2372 882.1996 1053.1344 1.5979 0.5818 0.3983 -1.1363 4.2004 15.0156 -0.7765 0.2095
Pedestrian -1 -1 1.4576 1802.0098 681.5102 1936.0000 1074.9602 1.9981 0.6974 0.6121 5.0120 2.3213 8.1265 1.9489 0.1868
Cyclist -1 -1 2.3174 0.0000 817.0278 185.9800 1002.6064 1.6705 0.7609 1.7944 -9.5101 3.9044 16.4233 1.8281 0.3765
Cyclist -1 -1 -2.5203 284.1853 777.6436 661.9957 1085.0298 1.7802 0.8868 2.4337 -3.3589 2.9156 10.2961 -2.8053 0.2766
Cyclist -1 -1 1.5687 1585.9700 834.7570 1631.3279 937.7949 1.6972 0.7829 1.5193 12.5210 5.8799 28.9539 1.9641 0.1320
Car -1 -1 2.1768 1606.7728 824.8004 1936.0000 1002.2281 1.6983 1.7821 4.4912 11.0502 4.6592 20.3081 2.6520 0.2298
