Pedestrian -1 -1 1.0235 729.7139 803.8526 836.3054 1016.1946 1.4999 0.5522 0.6990 -1.4056 2.9604 11.7596 0.9145 0.7913
Pedestrian -1 -1 2.4319 630.8640 784.8943 749.4197 1024.4738 1.6298 0.6042 0.6331 -2.0275 2.8741 11.1934 2.2685 0.6489
Pedestrian -1 -1 1.9265 542.4985 815.2843 587.1246 916.2294 1.6186 0.5827 0.5193 -6.7218 4.8852 25.3677 1.6840 0.5211
Pedestrian -1 -1 -1.1175 1010.5079 851.9556 1083.3236 1032.7516 1.6880 0.6004 0.4524 0.8699 4.0432 15.1686 -1.0636 0.3320
Pedestrian -1 -1 1.9627 304.4728 810.0938 390.1783 972.5466 1.5955 0.5902 0.7514 -6.5372 3.6182 15.9491 1.6020 0.3163
Pedestrian -1 -1 -1.6433 940.4050 849.3732 1000.8584 1031.3466 1.6912 0.5645 0.6034 0.0882 3.9918 15.0069 -1.6368 0.2844
Pedestrian -1 -1 1.4021 1153.0620 693.0582 1326.7794 1092.7169 1.8004 0.6939 0.7255 1.3269 2.1469 7.2322 1.5520 0.2031
Pedestrian -1 -1 -1.7154 1577.2148 674.9450 1809.9792 1151.2473 1.7912 0.6659 1.1052 3.0708 2.0250 6.3685 -1.3346 0.1568
Pedestrian -1 -1 -0.6370 1049.7968 872.1505 1122.4041 1075.8967 1.7535 0.5576 0.4330 1.1718 4.1386 14.0742 -0.5603 0.1513
Pedestrian -1 -1 2.0148 711.1588 801.6615 785.5823 999.0878 1.7560 0.5599 0.4388 -2.0080 3.4606 14.1257 1.8855 0.1490
Pedestrian -1 -1 1.3804 870.8489 836.2131 936.3171 1020.7812 1.7359 0.5748 0.5175 -0.5868 3.9151 15.1057 1.3458 0.1474
Pedestrian -1 -1 2.2034 128.7652 826.3427 289.0177 1013.4933 1.7412 0.8179 1.5161 -8.2724 4.0767 16.5131 1.7720 0.1340
Pedestrian -1 -1 -0.2148 924.8640 858.2166 979.9280 1050.3739 1.6783 0.5795 0.4086 -0.0886 3.9422 14.1833 -0.2198 0.1296
Cyclist -1 -1 0.5588 341.4070 763.8959 751.9540 1079.8904 1.7397 0.8718 2.5151 -2.6981 2.7202 9.7447 0.3150 0.3570
Cyclist -1 -1 2.1017 129.6698 809.2308 289.4356 995.1571 1.7388 0.8280 1.6435 -8.2763 3.8843 16.5474 1.6703 0.3202
Cyclist -1 -1 1.6004 828.0417 764.5554 865.4975 856.1080 1.8601 0.7847 1.7766 -2.5951 5.1235 34.0415 1.5315 0.1769
Cyclist -1 -1 -1.8230 1539.9410 665.1102 1843.6915 1151.2072 1.8005 0.7596 1.3867 3.0499 1.9923 6.3962 -1.4458 0.1104
