Pedestrian -1 -1 1.2571 598.2006 800.4323 688.1438 999.8091 1.5180 0.5618 0.6998 -2.6867 3.0497 12.6070 1.0649 0.8001
Pedestrian -1 -1 2.0968 483.6075 778.4386 588.7953 999.4913 1.6378 0.5895 0.5842 -3.3872 2.9009 11.9418 1.8442 0.7690
Pedestrian -1 -1 1.0826 1786.3269 827.2233 1899.8691 1001.8206 1.6168 0.6820 0.8087 8.9486 3.7287 15.2020 1.5820 0.5732
Pedestrian -1 -1 1.7409 209.0613 833.4910 278.3181 1003.1252 1.6946 0.5583 0.6595 -7.8027 4.0194 16.2798 1.3263 0.3270
Pedestrian -1 -1 -1.8936 1910.2485 849.1567 1936.0000 1026.6289 1.6285 0.6397 0.7132 10.1451 3.9717 15.2049 -1.3402 0.2447
Pedestrian -1 -1 -2.6440 899.7408 848.3586 968.0010 1009.3572 1.5609 0.7075 0.4491 -0.2898 4.0254 16.0754 -2.6592 0.1977
Pedestrian -1 -1 -1.2570 753.5338 870.7752 821.7618 1038.7633 1.6427 0.5742 0.5566 -1.8442 4.3158 15.9266 -1.3616 0.1937
Pedestrian -1 -1 -1.6172 961.7871 724.4340 1106.6848 1105.3461 1.7819 0.6875 0.6852 0.3507 2.3058 7.5239 -1.5832 0.1724
Cyclist -1 -1 2.2697 0.0000 810.0789 153.9810 990.3231 1.6533 0.8130 1.7039 -9.8858 3.8111 16.5112 1.7660 0.2815
Cyclist -1 -1 -2.6262 260.5639 786.5002 618.1982 1081.6068 1.7827 0.8399 2.2366 -3.6053 2.9755 10.3904 -2.9281 0.2500
Cyclist -1 -1 1.4844 1529.8378 835.2875 1582.9574 940.5870 1.7060 0.7867 1.8057 11.5657 5.9383 29.1066 1.8509 0.1845
Cyclist -1 -1 1.0043 1777.6495 826.5840 1904.9570 1004.4187 1.6163 0.6978 0.9596 8.9455 3.7387 15.2343 1.5027 0.1267
Car -1 -1 1.3405 1559.8260 813.1136 1777.0587 977.2950 1.5132 1.7739 4.0265 9.6980 4.4055 20.8377 1.7563 0.8077
