Pedestrian -1 -1 -1.3894 703.2859 775.9057 809.5213 1025.0236 1.6624 0.6361 0.7049 -1.4675 2.7902 10.7987 -1.5130 0.8059
Pedestrian -1 -1 2.1971 352.0487 801.3858 441.0978 974.0292 1.6769 0.5937 0.6689 -5.9444 3.5848 15.7609 1.8632 0.6602
Pedestrian -1 -1 1.8273 580.8246 799.6549 626.8395 901.7128 1.6297 0.6315 0.5334 -5.9982 4.5968 25.1118 1.6078 0.6248
Pedestrian -1 -1 1.1977 797.9578 794.4968 896.7819 1007.3602 1.4709 0.5468 0.6750 -0.8767 2.8150 11.4290 1.1267 0.6025
Pedestrian -1 -1 1.9407 757.4866 785.7184 837.5285 975.0482 1.6389 0.5680 0.5714 -1.5160 3.1706 13.8925 1.8408 0.4146
Pedestrian -1 -1 -1.2899 1061.0841 848.3716 1135.1553 1029.8962 1.6473 0.6036 0.5576 1.3623 3.9208 14.8460 -1.2048 0.3753
Pedestrian -1 -1 1.3146 1254.0956 696.9880 1446.4445 1096.1123 1.7584 0.6921 0.7661 1.8313 2.1214 7.1308 1.5252 0.3642
Pedestrian -1 -1 -1.5527 1004.5053 870.5141 1063.5596 1055.1877 1.6593 0.5592 0.5086 0.7056 4.0741 14.4311 -1.5070 0.3069
Pedestrian -1 -1 -0.2799 1163.7595 874.3676 1236.0808 1031.3315 1.3743 0.6126 0.5394 2.3094 3.8519 14.5125 -0.1341 0.2147
Pedestrian -1 -1 1.8923 212.9392 812.6972 312.6310 986.1511 1.7423 0.7198 0.9484 -7.7426 3.8917 16.6128 1.4870 0.2141
Cyclist -1 -1 -2.5729 397.4991 755.8832 775.1950 1083.6610 1.7598 0.8732 2.2009 -2.3626 2.6555 9.4417 -2.7941 0.2632
Cyclist -1 -1 1.9796 199.2600 810.5682 333.9195 989.8369 1.7245 0.8305 1.4079 -7.6588 3.8676 16.5554 1.5770 0.2438
Car -1 -1 1.2797 1773.0928 773.4631 1936.0000 959.4446 1.6158 1.8758 4.3934 12.0356 3.7496 19.1200 1.8163 0.4190
