Pedestrian -1 -1 1.3448 822.7117 786.7833 915.1763 1010.9319 1.5512 0.5711 0.6326 -0.7038 2.8146 11.2871 1.2867 0.7470
Pedestrian -1 -1 2.6259 374.0194 797.6174 465.6319 972.9743 1.6775 0.5921 0.7075 -5.6734 3.5412 15.6753 2.3045 0.5460
Pedestrian -1 -1 -0.8320 712.5114 780.9216 849.4770 1019.7634 1.5213 0.6158 0.7601 -1.2784 2.6837 10.6523 -0.9418 0.4892
Pedestrian -1 -1 -1.3089 601.8854 797.5487 646.9011 897.6432 1.5922 0.6142 0.5294 -5.6367 4.5154 25.0390 -1.5160 0.3386
Pedestrian -1 -1 1.3426 1277.1915 680.3827 1480.0446 1101.5864 1.8182 0.6970 0.9124 1.9319 2.0961 7.0333 1.5674 0.2338
Pedestrian -1 -1 -0.9390 1130.1614 830.9100 1205.6415 1041.0181 1.7578 0.5346 0.4127 1.8644 3.6634 13.4994 -0.8134 0.1639
Pedestrian -1 -1 -1.9004 1006.7509 828.7077 1087.5542 1026.2268 1.7362 0.5835 0.6886 0.8204 3.7553 14.4042 -1.8475 0.1391
Pedestrian -1 -1 -0.3467 1186.0764 862.2930 1250.5951 1047.2275 1.6143 0.5345 0.4410 2.4257 3.9071 14.1392 -0.1902 0.1384
Pedestrian -1 -1 -2.1370 252.5447 808.1725 379.4412 988.8345 1.7656 0.8156 1.1659 -7.1850 3.8885 16.6506 -2.5152 0.1342
Pedestrian -1 -1 -1.3943 1098.0492 824.5408 1166.0604 1019.1581 1.7871 0.5876 0.5179 1.6872 3.7991 14.7407 -1.2887 0.1148
Cyclist -1 -1 2.0225 220.8226 813.3636 367.8982 1002.2172 1.7749 0.8324 1.6099 -7.3384 3.9641 16.5412 1.6351 0.2628
Cyclist -1 -1 -2.6545 378.6693 767.8070 776.1094 1083.2900 1.6971 0.8389 2.3001 -2.3947 2.6611 9.3844 -2.8797 0.2173
Cyclist -1 -1 2.1932 370.3922 797.8206 484.6472 972.6392 1.6496 0.6415 1.0458 -5.6539 3.5552 15.8841 1.8766 0.1190
Cyclist -1 -1 -1.9010 1432.8759 644.3916 1761.2249 1111.4844 1.7712 0.7563 1.5959 2.6908 1.8668 6.5353 -1.5709 0.1169
