Pedestrian -1 -1 1.1271 652.8055 803.3577 748.5456 1010.9430 1.5361 0.5473 0.6567 -2.1337 3.0456 12.2234 0.9690 0.8865
Pedestrian -1 -1 -0.7567 539.5044 784.0253 656.1924 1002.7817 1.5481 0.5902 0.6581 -2.8290 2.8352 11.6583 -0.9742 0.7883
Pedestrian -1 -1 1.5101 1879.6442 821.7233 1936.0000 1010.7891 1.7066 0.6455 0.6277 9.5028 3.7125 14.8137 2.0455 0.7658
Pedestrian -1 -1 -0.3412 849.6718 887.2305 904.7713 1065.2267 1.5959 0.5786 0.3727 -0.8323 4.2417 14.7443 -0.3916 0.3508
Pedestrian -1 -1 2.6348 236.8352 812.9235 339.9954 976.2431 1.5820 0.5925 0.8396 -7.2749 3.6808 16.1800 2.2423 0.2958
Pedestrian -1 -1 -0.4524 992.1505 814.5666 1062.5985 981.2219 1.6860 0.6114 0.5610 0.7216 3.8176 16.4145 -0.4103 0.2707
Pedestrian -1 -1 1.4266 1046.7960 685.7272 1223.8346 1105.8300 1.8950 0.7112 1.0207 0.8354 2.2187 7.4278 1.5169 0.2561
Pedestrian -1 -1 -1.2393 868.9979 887.5756 938.2620 1055.1973 1.5697 0.5784 0.4962 -0.5876 4.3200 15.3357 -1.2730 0.2302
Pedestrian -1 -1 2.1124 633.4927 801.1072 714.2709 987.2786 1.6865 0.5947 0.5035 -2.7900 3.4396 14.5362 1.9383 0.2176
Pedestrian -1 -1 1.9064 313.5139 845.4451 373.3254 970.9451 1.6732 0.6110 0.6185 -8.8250 4.8726 21.3758 1.5403 0.2167
Pedestrian -1 -1 0.8997 1833.6235 785.9293 1936.0000 1188.0144 1.9344 0.8170 0.6054 5.1657 2.8185 7.8476 1.4145 0.1591
Pedestrian -1 -1 1.1198 87.9555 820.6090 202.7123 993.5509 1.6966 0.7755 1.0260 -9.1083 3.9624 16.6935 0.6545 0.1547
Pedestrian -1 -1 -1.2096 490.1564 822.9591 541.0813 916.7020 1.4998 0.6233 0.7241 -7.7296 4.9891 25.9571 -1.4812 0.1501
Pedestrian -1 -1 -0.5100 939.6776 848.3230 1007.8174 1015.9908 1.6068 0.6354 0.4678 0.1277 4.0205 15.7645 -0.5012 0.1458
Pedestrian -1 -1 0.6440 1519.2958 841.6574 1588.1042 963.2968 1.4604 0.6105 0.6078 7.8710 4.4020 19.8740 1.0023 0.1396
Pedestrian -1 -1 1.5240 811.2543 858.5421 867.5960 1026.6838 1.6376 0.5680 0.5058 -1.2786 4.1262 15.6429 1.4503 0.1200
Cyclist -1 -1 2.1290 45.8650 810.9950 190.9174 986.3782 1.6733 0.7461 1.3898 -9.2816 3.8196 16.5247 1.6517 0.3121
Cyclist -1 -1 -2.6950 331.7849 785.9518 695.9231 1076.1484 1.7285 0.8403 2.2486 -3.0319 2.8957 10.2174 -2.9556 0.1291
Cyclist -1 -1 2.1296 229.2036 806.2111 358.1938 973.1342 1.5796 0.6958 1.2730 -7.2645 3.6425 16.3286 1.7405 0.1169
Cyclist -1 -1 1.5372 1585.2426 825.7769 1628.6091 924.3898 1.5781 0.6815 1.6508 12.2747 5.5210 28.4607 1.9317 0.1150
Car -1 -1 -1.3975 935.1827 775.7025 1020.6760 844.0737 1.3946 1.7041 4.4317 0.5382 5.9818 43.1514 -1.3805 0.1210
Car -1 -1 2.2468 1596.5992 824.2412 1936.0000 996.6779 1.6324 1.7832 4.6107 10.8960 4.5264 19.9590 2.7230 0.1144
