Pedestrian -1 -1 1.2384 1043.6541 774.6723 1164.3165 1041.2660 1.6317 0.5991 0.7176 0.9480 2.6804 10.0493 1.3195 0.8136
Pedestrian -1 -1 -1.7298 946.2267 761.8835 1064.7977 1042.3701 1.6477 0.6500 0.7028 0.2708 2.5595 9.5613 -1.7083 0.6909
Pedestrian -1 -1 2.4588 519.9380 792.0886 621.7925 975.5549 1.6769 0.6188 0.7769 -3.9302 3.4173 15.0705 2.2237 0.5489
Pedestrian -1 -1 1.7674 739.5037 796.4611 779.8295 901.9233 1.5952 0.5464 0.4838 -3.1962 4.3476 23.7308 1.6437 0.5339
Pedestrian -1 -1 -0.9834 1333.9622 897.8472 1428.6174 1131.2512 1.6950 0.5411 0.5269 3.4033 3.9760 12.1200 -0.7355 0.3605
Pedestrian -1 -1 1.8318 926.0475 777.9085 1007.3936 987.3491 1.6964 0.5883 0.5226 0.0519 3.0523 12.9225 1.8347 0.3511
Pedestrian -1 -1 -0.4396 1178.4587 852.3486 1255.5773 1058.7561 1.5902 0.5621 0.4368 2.1465 3.5544 12.5829 -0.2863 0.2555
Pedestrian -1 -1 1.8691 428.6279 799.8574 534.6922 972.3499 1.6790 0.7524 1.2602 -5.2627 3.6812 16.4787 1.5829 0.2321
Pedestrian -1 -1 2.6302 1398.8807 904.6070 1473.4115 1111.0944 1.6183 0.5157 0.4013 4.0664 4.0720 12.8218 2.9104 0.2158
Pedestrian -1 -1 1.6566 1300.5984 898.7107 1366.2120 1100.5624 1.6250 0.5319 0.5245 3.3052 4.1148 13.2674 1.8798 0.2020
Pedestrian -1 -1 -0.5829 1450.1881 880.3643 1552.7848 1090.1360 1.5375 0.6119 0.5331 4.4055 3.6870 12.2169 -0.2677 0.1573
Pedestrian -1 -1 1.2834 1141.2955 795.1495 1228.0323 1010.6343 1.8201 0.6221 0.6167 2.0151 3.4016 13.5397 1.4187 0.1544
Pedestrian -1 -1 -1.5367 1010.6329 799.6365 1080.1869 1002.9293 1.6763 0.5990 0.6831 0.7571 3.2762 13.3262 -1.4851 0.1543
Cyclist -1 -1 -2.7794 555.2162 771.2983 980.1849 1111.3745 1.6354 0.8082 2.2346 -1.0740 2.5256 8.4285 -2.8950 0.2973
Cyclist -1 -1 2.0414 426.9623 791.4617 562.4022 968.9996 1.6882 0.8329 1.4642 -5.1240 3.6166 16.5159 1.7627 0.2201
