Pedestrian -1 -1 -1.7325 1021.9695 760.4037 1156.7537 1056.3184 1.6758 0.7092 0.7526 0.7768 2.5508 9.2490 -1.6622 0.7707
Pedestrian -1 -1 1.5319 1135.8234 764.0878 1243.4609 1046.2766 1.6550 0.6368 0.7462 1.4465 2.5827 9.5666 1.6620 0.7014
Pedestrian -1 -1 2.2681 580.2200 798.7088 680.3983 983.0687 1.6592 0.6232 0.7643 -3.2817 3.4423 14.8569 2.0681 0.6753
Pedestrian -1 -1 -2.2971 1746.6195 649.6067 1936.0000 1178.8384 1.9427 0.7107 0.8075 3.7613 2.0500 6.0132 -1.8203 0.5962
Pedestrian -1 -1 1.4011 1360.9946 827.4302 1442.8021 1032.8722 1.6650 0.5898 0.5323 3.8188 3.4635 12.9880 1.6628 0.4614
Pedestrian -1 -1 2.0509 783.3937 804.0264 830.6635 912.5634 1.5938 0.5776 0.4798 -2.4100 4.4345 23.3839 1.9568 0.3167
Pedestrian -1 -1 -1.3126 1241.9207 827.3956 1338.1646 1049.6685 1.6469 0.6511 0.5702 2.6872 3.3537 12.2064 -1.1162 0.3070
Pedestrian -1 -1 -1.5676 992.5248 772.3396 1063.4811 973.7233 1.6293 0.5913 0.4719 0.5665 2.9070 12.7109 -1.5279 0.3004
Pedestrian -1 -1 -0.5217 1563.8423 817.4763 1676.6013 1006.6375 1.3862 0.6120 0.5948 5.2808 2.9769 12.0069 -0.1422 0.2854
Pedestrian -1 -1 2.5332 1481.4729 890.2979 1570.4197 1104.4043 1.5955 0.5313 0.4541 4.6199 3.8260 12.2503 2.8617 0.2189
Pedestrian -1 -1 -1.5993 1273.2616 797.1601 1355.2203 1010.2507 1.6853 0.6528 0.6681 3.0205 3.2093 12.8422 -1.3885 0.2118
Pedestrian -1 -1 -1.0732 1495.0403 802.3361 1605.8209 1036.0063 1.6037 0.5782 0.5854 4.4503 2.9930 11.2981 -0.7328 0.1845
Pedestrian -1 -1 1.8028 501.7094 788.4303 615.4468 964.3899 1.6813 0.8449 1.5963 -4.4348 3.5824 16.5825 1.5610 0.1806
Pedestrian -1 -1 1.2597 1162.5386 769.0047 1262.7406 994.2691 1.8276 0.6710 0.7073 2.1837 3.1240 13.0507 1.4109 0.1768
Pedestrian -1 -1 -1.0017 1412.3143 844.6996 1515.7148 1080.2137 1.6827 0.5822 0.5356 3.9712 3.4777 11.8177 -0.7077 0.1607
Pedestrian -1 -1 2.9464 1158.2579 756.5687 1182.7115 824.6704 1.7898 0.6282 0.5513 5.7201 5.4204 40.9050 3.0858 0.1507
Cyclist -1 -1 1.8028 501.7094 788.4303 615.4468 964.3899 1.6813 0.8449 1.5963 -4.4348 3.5824 16.5825 1.5610 0.4338
Cyclist -1 -1 -2.8846 523.4236 774.7177 1006.0093 1111.4535 1.6399 0.8171 2.5584 -1.0664 2.5389 8.3885 -2.9999 0.2015
