Pedestrian -1 -1 1.0307 966.1417 771.1819 1087.4918 1030.9457 1.6637 0.5935 0.6615 0.4542 2.7331 10.4987 1.0669 0.8092
Pedestrian -1 -1 -1.5501 880.3085 759.6400 980.9948 1029.4651 1.6615 0.6455 0.7587 -0.1963 2.5938 9.9671 -1.5708 0.7435
Pedestrian -1 -1 1.9816 690.0787 794.7488 734.5383 897.7156 1.5749 0.5664 0.4677 -4.0192 4.3524 24.1559 1.8283 0.5852
Pedestrian -1 -1 1.9093 867.2399 770.2475 951.3364 970.6409 1.6493 0.5821 0.5774 -0.4535 2.9674 13.1979 1.8772 0.4575
Pedestrian -1 -1 2.3872 463.8791 793.9681 557.2277 974.6869 1.6856 0.6229 0.6638 -4.5857 3.4576 15.2277 2.1172 0.3897
Pedestrian -1 -1 1.2450 1496.0049 652.2863 1746.3424 1107.0225 1.8473 0.7314 0.8618 2.8611 1.9756 6.5671 1.5932 0.3854
Pedestrian -1 -1 1.7262 1215.1729 862.9495 1285.1932 1064.3689 1.7059 0.5684 0.5079 2.6664 3.9530 13.7839 1.9016 0.3746
Pedestrian -1 -1 -0.4951 1310.7728 880.8506 1382.3975 1079.9374 1.6158 0.5211 0.4094 3.4032 3.9319 13.2269 -0.2647 0.2102
Pedestrian -1 -1 -1.1211 1251.4484 824.1173 1341.6165 1047.3666 1.7239 0.5772 0.5215 2.8285 3.4550 12.6124 -0.9204 0.2025
Pedestrian -1 -1 -0.5206 1403.5664 838.0660 1506.9874 1011.0660 1.3490 0.6595 0.5984 4.2883 3.2586 13.0081 -0.2284 0.1763
Pedestrian -1 -1 3.4196 374.5767 794.7250 521.4437 964.6924 1.7521 0.8059 1.3713 -5.7040 3.6942 16.6799 3.1141 0.1567
Pedestrian -1 -1 1.2810 1065.5088 798.6462 1148.6300 1009.2922 1.8262 0.6290 0.5639 1.3456 3.4762 13.8631 1.3699 0.1503
Pedestrian -1 -1 -1.2765 1113.4668 825.2988 1199.7798 1033.3954 1.6846 0.6287 0.5442 1.7284 3.5044 13.2045 -1.1578 0.1353
Cyclist -1 -1 -2.6253 511.1589 759.3211 921.6447 1107.2639 1.7054 0.8292 2.2579 -1.4335 2.5622 8.7374 -2.7726 0.3383
Cyclist -1 -1 2.0143 338.7450 801.6195 487.8339 987.2300 1.7041 0.8127 1.7996 -5.9915 3.7613 16.4660 1.6910 0.2768
