Pedestrian -1 -1 -1.4576 998.0154 764.4771 1109.6525 1042.9392 1.5975 0.6287 0.7276 0.5934 2.5134 9.4016 -1.4055 0.8564
Pedestrian -1 -1 1.0989 1087.2101 763.2847 1230.8937 1050.0541 1.6877 0.6176 0.8184 1.2786 2.6371 9.7675 1.2117 0.8363
Pedestrian -1 -1 -1.7642 1345.0275 840.4391 1428.6726 1040.2488 1.6057 0.5852 0.5954 3.6938 3.5263 13.0109 -1.5111 0.5999
Pedestrian -1 -1 2.0376 772.7783 800.6663 822.0262 908.4142 1.5864 0.5997 0.5159 -2.5732 4.3898 23.5033 1.9374 0.4864
Pedestrian -1 -1 2.6017 555.3654 809.0640 666.8344 982.4294 1.5355 0.6087 0.8971 -3.4850 3.4351 14.8968 2.3902 0.3964
Pedestrian -1 -1 -1.4222 969.9066 772.3602 1050.2280 977.8796 1.6374 0.6082 0.5576 0.4208 2.9235 12.7140 -1.3930 0.3877
Pedestrian -1 -1 -1.9276 1235.6591 805.2061 1334.1615 1020.1699 1.7157 0.6378 0.6525 2.7907 3.3206 12.9366 -1.7337 0.3807
Pedestrian -1 -1 -0.8363 1520.9758 872.8114 1624.7928 1076.1788 1.4829 0.5724 0.5376 4.9870 3.5688 12.2047 -0.4821 0.3562
Pedestrian -1 -1 1.7927 487.8737 794.7531 577.2712 963.4921 1.6764 0.7206 1.0133 -4.6921 3.6006 16.4219 1.5352 0.2819
Pedestrian -1 -1 -0.9755 1380.5283 820.4162 1483.4387 1054.2092 1.6934 0.5700 0.5585 3.7428 3.3006 11.8952 -0.6989 0.2767
Pedestrian -1 -1 1.3193 1146.8086 776.5929 1242.4845 997.7513 1.8192 0.6756 0.6984 2.0520 3.1985 13.2131 1.4600 0.2575
Pedestrian -1 -1 3.3797 332.9645 767.6125 395.7447 901.9232 1.5333 0.6135 0.5670 -7.2286 3.2955 18.1277 3.0244 0.2185
Pedestrian -1 -1 -0.5414 1440.9803 872.1896 1520.4182 1084.3427 1.6406 0.5186 0.4164 4.3596 3.7685 12.5671 -0.2366 0.2081
Pedestrian -1 -1 -1.5407 1056.1956 780.9343 1127.8325 983.7891 1.6498 0.6073 0.6228 1.1456 3.0454 13.0325 -1.4612 0.1946
Pedestrian -1 -1 -1.6906 1234.4277 817.9365 1321.3823 1038.6328 1.7066 0.6356 0.5186 2.6036 3.3352 12.3356 -1.5020 0.1517
Pedestrian -1 -1 -0.5921 1507.6356 833.8927 1616.9406 1052.5328 1.5517 0.6043 0.5384 4.6765 3.2309 11.6569 -0.2450 0.1422
Cyclist -1 -1 1.9056 470.2980 789.4473 587.3022 968.8903 1.7237 0.8043 1.3662 -4.7119 3.6045 16.3815 1.6465 0.2074
Cyclist -1 -1 0.2662 542.9801 763.5980 989.3031 1093.5400 1.6278 0.8268 2.3667 -1.0693 2.4667 8.4584 0.1512 0.1989
Cyclist -1 -1 1.2488 1440.8741 720.2639 1517.6986 820.0698 1.8526 0.8460 2.1565 10.6760 3.8920 30.9010 1.5738 0.1430
Cyclist -1 -1 -0.9239 559.5716 802.1564 685.3851 979.9187 1.5543 0.6251 1.2123 -3.4072 3.4269 15.1167 -1.1280 0.1423
