Pedestrian -1 -1 -1.6710 1153.1636 750.5673 1295.5256 1071.1727 1.6880 0.7105 0.8332 1.5003 2.4509 8.6457 -1.5241 0.8533
Pedestrian -1 -1 -1.7212 1277.9088 750.5667 1415.0919 1063.1353 1.7073 0.6645 0.7317 2.2664 2.4850 8.8671 -1.5035 0.7238
Pedestrian -1 -1 2.3253 687.6362 796.3412 782.8813 983.0563 1.6484 0.6055 0.6870 -2.1872 3.3623 14.4944 2.1878 0.7012
Pedestrian -1 -1 -1.5914 1102.8058 768.2224 1183.9067 986.8231 1.7111 0.6485 0.4972 1.4955 2.9206 12.3439 -1.4826 0.4549
Pedestrian -1 -1 -1.4429 1408.1746 801.7548 1500.8674 1034.0834 1.7020 0.6481 0.6205 3.9635 3.1705 12.0024 -1.1527 0.3260
Pedestrian -1 -1 -1.3912 397.9625 798.6117 466.3525 975.2333 1.7509 0.5536 0.7248 -5.6523 3.6556 16.0009 -1.7055 0.2781
Pedestrian -1 -1 -1.0432 1540.2231 804.3300 1661.5897 1067.1272 1.7638 0.6038 0.6208 4.7261 3.1416 11.0536 -0.6771 0.2694
Pedestrian -1 -1 1.4673 1494.8625 855.6515 1577.2682 1077.4484 1.6652 0.5637 0.4961 4.6691 3.5902 12.1697 1.8013 0.2458
Pedestrian -1 -1 1.6821 1150.1990 706.0004 1211.9282 875.3794 1.7196 0.5895 0.6254 2.3442 2.6033 15.9179 1.8187 0.2055
Pedestrian -1 -1 -0.6488 1707.3214 853.1739 1844.8585 1061.8531 1.3717 0.6425 0.6240 5.9965 3.1123 11.0272 -0.1945 0.1821
Pedestrian -1 -1 2.1720 609.1716 780.5185 729.7797 962.0214 1.7546 0.7073 1.2457 -3.1816 3.5347 16.3930 1.9951 0.1789
Pedestrian -1 -1 -0.4677 1651.5717 810.0040 1778.7109 1042.1655 1.4998 0.5931 0.5778 5.2627 2.8332 10.4636 -0.0454 0.1504
Cyclist -1 -1 1.9315 606.1833 777.8495 732.1645 965.1730 1.7422 0.7794 1.6866 -3.1479 3.4994 16.2797 1.7552 0.3555
Cyclist -1 -1 1.6758 1220.3076 784.0804 1264.9712 880.2140 1.7184 0.7240 1.8796 5.8558 5.1315 31.0604 1.8588 0.2471
Cyclist -1 -1 1.7010 1236.3623 781.0813 1290.5038 894.1709 1.6633 0.6808 1.9512 5.2442 4.4742 25.8818 1.8950 0.2394
Cyclist -1 -1 -0.1909 1569.8356 714.6193 1683.7159 813.6788 1.8347 0.8653 1.9152 13.0883 3.6402 29.4648 0.2166 0.2048
Cyclist -1 -1 0.2158 704.6863 770.8696 1140.7245 1128.9474 1.6001 0.8201 2.1422 -0.1717 2.4189 7.7826 0.1910 0.1742
