Pedestrian -1 -1 1.0290 1753.5796 748.1662 1936.0000 1133.1217 1.6243 0.6581 0.6416 4.1494 2.2191 6.8730 1.5005 0.8333
Pedestrian -1 -1 1.1898 1623.3918 718.2211 1873.8949 1145.9011 1.6827 0.6481 0.8758 3.3987 2.1179 6.5263 1.5999 0.8313
Pedestrian -1 -1 2.1557 983.6005 769.5995 1071.6353 968.9554 1.6422 0.5878 0.5260 0.5896 2.9629 13.2636 2.1958 0.5790
Pedestrian -1 -1 -1.5799 667.9424 767.8620 731.0786 940.3742 1.6597 0.6290 0.7303 -2.7078 3.1796 15.4850 -1.7398 0.3589
Pedestrian -1 -1 1.9940 1788.3048 695.2709 1936.0000 970.2034 1.6891 0.6763 0.6948 5.9955 2.1782 9.9130 2.4894 0.2013
Pedestrian -1 -1 2.4564 805.6443 768.6581 870.3511 910.8477 1.7218 0.6292 0.5667 -1.5989 3.6263 19.3881 2.3810 0.1737
Pedestrian -1 -1 -1.6230 584.4812 744.8464 669.4694 935.3369 1.7541 0.7968 0.8134 -3.3364 2.9880 14.8880 -1.8269 0.1715
Pedestrian -1 -1 1.3532 1673.5691 683.8821 1813.1399 954.9804 1.7851 0.7075 0.6968 5.4433 2.2135 10.4458 1.7906 0.1492
Pedestrian -1 -1 1.5265 1463.4436 771.5222 1564.3121 1013.6483 1.6482 0.6529 0.4701 4.0083 2.7455 10.8761 1.8453 0.1372
Pedestrian -1 -1 -2.8047 927.7682 767.7100 1040.7982 947.2924 1.7405 0.7030 1.0193 0.2490 3.2981 15.8045 -2.7894 0.1097
Pedestrian -1 -1 -1.8430 1559.6710 760.2103 1594.4219 840.0129 1.7328 0.5952 0.5603 13.9298 4.8228 33.8387 -1.4609 0.1050
Pedestrian -1 -1 2.0473 866.6208 781.2861 930.9857 912.4070 1.6072 0.6360 0.6151 -0.8211 3.7138 19.7308 2.0102 0.1043
Pedestrian -1 -1 0.1728 1892.5297 709.3066 1936.0000 965.2631 1.5941 0.6904 0.7243 6.7998 2.1946 10.1406 0.7141 0.1001
Cyclist -1 -1 -1.3834 935.1193 770.4783 1023.1965 956.7026 1.6847 0.6329 1.6273 0.2098 3.3002 15.7346 -1.3703 0.3935
Cyclist -1 -1 -1.8331 1468.9047 728.4729 1531.9091 816.9247 1.8381 0.8292 2.1809 12.5283 4.3271 34.8169 -1.4943 0.1653
