Pedestrian -1 -1 -1.9846 1518.3929 725.5652 1741.3453 1120.0588 1.6591 0.6399 0.8161 3.0703 2.1544 6.9323 -1.6281 0.8431
Pedestrian -1 -1 -2.1681 1629.1766 760.0145 1830.8306 1122.8196 1.6159 0.6085 0.6459 3.7416 2.3104 7.3129 -1.7577 0.7719
Pedestrian -1 -1 2.0894 928.0544 776.5020 1015.6617 978.1482 1.6955 0.5754 0.5974 0.0995 3.1133 13.5827 2.0957 0.5978
Pedestrian -1 -1 1.5946 1127.6866 768.6999 1172.4167 889.9597 1.6124 0.6115 0.5568 2.6497 3.6590 20.9632 1.7156 0.3764
Pedestrian -1 -1 -1.3747 605.4208 764.8212 682.2119 938.7164 1.6962 0.6409 0.7322 -3.2905 3.1851 15.5451 -1.5676 0.3322
Pedestrian -1 -1 -3.4886 1900.5615 741.0622 1936.0000 1057.8213 1.8455 0.6599 0.5283 6.3116 2.6018 9.3614 -2.9509 0.2198
Pedestrian -1 -1 1.9137 1050.6670 778.3951 1106.2067 908.1916 1.7358 0.6390 0.5565 1.6705 3.9607 21.2921 1.9901 0.2176
Pedestrian -1 -1 -1.4053 880.0726 781.5954 958.0916 959.9957 1.7233 0.6682 1.0440 -0.4391 3.4589 15.9999 -1.4299 0.2094
Pedestrian -1 -1 2.8455 757.5043 772.4097 811.5239 914.0037 1.7414 0.6212 0.5499 -2.3206 3.7142 19.6061 2.7368 0.1516
Pedestrian -1 -1 1.7365 1710.6281 734.5544 1827.7024 977.3336 1.5578 0.6425 0.6974 5.6713 2.3616 10.4909 2.1882 0.1511
Pedestrian -1 -1 1.3428 1580.1891 697.7650 1712.3203 953.9453 1.7431 0.6825 0.8207 4.9710 2.2965 10.8972 1.7325 0.1496
Pedestrian -1 -1 2.4815 1825.5864 748.6993 1936.0000 974.6144 1.4847 0.5980 0.5218 6.5371 2.3842 10.5302 2.9905 0.1416
Cyclist -1 -1 -1.1062 865.7764 780.1393 967.5757 962.0773 1.7217 0.6159 1.1881 -0.4621 3.4480 15.9613 -1.1321 0.1752
Cyclist -1 -1 0.3387 955.2458 760.0280 1491.1902 1216.0000 1.7019 0.8674 2.1654 1.1341 2.3768 6.5876 0.4759 0.1221
Car -1 -1 1.8508 452.1479 831.8640 610.4039 944.5383 1.5897 1.9808 4.5325 -9.0198 6.3047 31.7830 1.5910 0.1464
