Pedestrian -1 -1 1.4107 1346.7190 727.2620 1511.4688 1083.4716 1.6948 0.6711 0.7936 2.4129 2.2572 7.7886 1.6685 0.7098
Pedestrian -1 -1 1.3747 1651.0225 774.4708 1758.6437 1011.8848 1.6793 0.6142 0.5787 5.6407 2.8516 11.3702 1.7956 0.3659
Pedestrian -1 -1 2.4203 804.7073 768.6840 895.1831 968.0101 1.7408 0.5900 0.6144 -1.0494 3.1376 14.1011 2.3519 0.3390
Pedestrian -1 -1 1.8687 750.4996 776.5366 836.9216 952.1815 1.7460 0.6822 0.9472 -1.8164 3.4541 16.3138 1.7668 0.3330
Pedestrian -1 -1 -1.8494 1529.7007 779.6241 1653.9283 1019.4014 1.6331 0.6618 0.6942 4.6394 2.8140 11.0401 -1.4885 0.3174
Pedestrian -1 -1 -0.5468 1723.8335 741.1327 1850.6661 1009.5452 1.7213 0.6073 0.5033 5.6199 2.5391 10.1966 -0.0894 0.2276
Pedestrian -1 -1 -2.1575 1422.9739 742.0811 1638.8275 1080.3994 1.6419 0.6784 0.9379 3.0885 2.3251 8.1766 -1.8429 0.1964
Pedestrian -1 -1 -3.0435 1879.4938 836.2570 1936.0000 1092.1670 1.4706 0.7030 0.5766 6.3822 2.9194 9.7969 -2.5195 0.1693
Pedestrian -1 -1 0.7641 1407.9379 730.2404 1565.7948 981.2480 1.7878 0.7387 0.9036 4.1027 2.6528 11.7064 1.0710 0.1404
Pedestrian -1 -1 0.8378 540.7222 784.4713 627.3156 926.5024 1.5337 0.7136 0.6979 -4.4742 3.4800 17.7470 0.6082 0.1292
Cyclist -1 -1 1.6321 755.5425 773.9241 831.9991 955.9810 1.7660 0.7348 1.4092 -1.8187 3.4721 16.4019 1.5306 0.1565
Cyclist -1 -1 0.2729 816.7954 763.3687 1300.9622 1166.1572 1.6021 0.8633 2.1862 0.4816 2.3412 7.2251 0.3234 0.1549
