Pedestrian -1 -1 -1.4598 1116.2761 769.8809 1188.9739 978.4939 1.6431 0.5527 0.5841 1.6186 2.8990 12.6075 -1.3442 0.4739
Pedestrian -1 -1 2.2500 909.3529 764.2180 980.3589 905.3600 1.6661 0.6611 0.6156 -0.2075 3.4761 18.9816 2.2414 0.4735
Pedestrian -1 -1 -0.8925 808.1204 773.5143 880.1337 924.3538 1.6002 0.5820 0.5829 -1.3353 3.3368 17.0688 -0.9642 0.2761
Pedestrian -1 -1 -1.2046 1069.3733 779.2039 1149.4045 948.1779 1.5799 0.5720 0.8024 1.5273 3.2147 15.3574 -1.1123 0.2558
Pedestrian -1 -1 -1.6904 776.8326 770.0023 848.2299 938.9047 1.5747 0.6402 0.7124 -1.5058 3.0775 15.0719 -1.7823 0.2249
Pedestrian -1 -1 1.5056 1635.3779 732.6893 1744.0936 1007.7150 1.7495 0.6077 0.5431 4.9321 2.5071 10.1518 1.9144 0.1769
Pedestrian -1 -1 -2.2662 1872.6688 683.8572 1936.0000 1191.5270 1.7389 0.6676 0.8750 4.1167 1.9836 5.7208 -1.7326 0.1747
Pedestrian -1 -1 -0.0045 630.7231 790.4813 699.3741 945.2597 1.5535 0.6031 0.7138 -3.1935 3.3814 16.1465 -0.1849 0.1549
Pedestrian -1 -1 1.6271 1330.1537 768.6887 1385.4272 911.8136 1.7689 0.6777 0.8142 5.2967 3.7349 19.9566 1.8741 0.1324
Pedestrian -1 -1 -1.6674 1155.8384 776.9854 1215.5157 941.0445 1.5994 0.5478 0.6299 2.3209 3.2100 15.5103 -1.5290 0.1273
Pedestrian -1 -1 0.1596 1812.2174 691.0217 1936.0000 960.8642 1.5710 0.7572 0.8222 5.9549 2.0168 9.5290 0.6673 0.1167
Pedestrian -1 -1 -0.8677 636.9832 764.6275 730.6254 941.4771 1.6301 0.6724 0.6267 -2.7654 3.0655 14.9214 -1.0370 0.1020
Cyclist -1 -1 0.2411 1158.4862 717.4946 1754.8094 1216.0000 1.7081 0.9000 2.0237 1.8648 2.1144 5.6824 0.4977 0.1776
Cyclist -1 -1 -1.7301 1566.2926 734.2734 1623.3198 826.2957 1.8246 0.8323 2.1138 14.1490 4.3534 33.4496 -1.3383 0.1090
