Pedestrian -1 -1 2.1650 837.7789 775.1446 932.1416 970.7072 1.6761 0.6067 0.6700 -0.7075 3.1216 13.9433 2.1182 0.7532
Pedestrian -1 -1 -1.8566 1391.3358 735.1225 1569.2075 1100.8894 1.6675 0.6184 0.7595 2.5552 2.2430 7.4276 -1.5735 0.7153
Pedestrian -1 -1 1.0461 1487.4581 758.4683 1671.4264 1095.6825 1.6183 0.6026 0.7231 3.2527 2.3619 7.9135 1.3851 0.7012
Pedestrian -1 -1 -1.8357 1559.1394 781.8102 1684.2980 1025.8419 1.5984 0.6578 0.6021 4.6504 2.7418 10.5619 -1.4607 0.5866
Pedestrian -1 -1 1.1366 1518.7255 733.2456 1644.2992 979.9724 1.7763 0.6566 0.6664 4.7310 2.6309 11.4381 1.4940 0.3445
Pedestrian -1 -1 -0.5144 1753.1246 762.6772 1891.0592 1046.2379 1.7744 0.6227 0.5513 5.7389 2.7249 9.9940 -0.0420 0.3346
Pedestrian -1 -1 -1.3269 535.2259 768.8680 615.0103 949.5854 1.7879 0.6463 0.7280 -4.0568 3.3394 15.7481 -1.5601 0.2394
Pedestrian -1 -1 1.6642 1038.3859 782.1094 1085.2955 905.1211 1.6396 0.6084 0.6296 1.4305 3.9071 21.2101 1.7301 0.2206
Pedestrian -1 -1 1.2034 1437.9021 747.6672 1573.5958 990.3945 1.6821 0.6879 0.8310 4.0722 2.6399 11.2342 1.5187 0.1919
Pedestrian -1 -1 -1.6051 1299.2234 766.1729 1386.3093 1005.6038 1.7661 0.6316 0.4611 2.9648 2.8942 11.6550 -1.3799 0.1756
Pedestrian -1 -1 -0.9809 1854.6666 794.3509 1936.0000 1020.1509 1.4899 0.5784 0.4774 6.8744 2.7529 10.7810 -0.4603 0.1675
Pedestrian -1 -1 2.5700 584.2363 765.0010 655.0921 918.3441 1.7003 0.6316 0.5750 -4.0640 3.4069 17.7887 2.3612 0.1433
Pedestrian -1 -1 1.9006 776.3921 773.8204 886.1711 957.5717 1.7244 0.7395 1.4493 -1.3784 3.4083 16.1149 1.8223 0.1222
Cyclist -1 -1 1.8321 774.5533 780.5425 889.6763 961.0090 1.6714 0.8340 1.6725 -1.3789 3.4612 16.2985 1.7547 0.4637
Cyclist -1 -1 0.5797 0.0000 777.9299 75.1686 993.8925 1.7205 0.7678 1.9534 -8.8402 3.0817 12.8952 0.0226 0.2248
