Pedestrian -1 -1 1.1859 1394.6156 757.8828 1554.5541 1072.6503 1.5960 0.6050 0.6876 2.8216 2.3644 8.2690 1.4717 0.7845
Pedestrian -1 -1 1.3561 1287.1321 732.4923 1443.7262 1069.0049 1.6841 0.6800 0.5872 2.1386 2.2789 7.9709 1.5806 0.7500
Pedestrian -1 -1 2.2051 775.0185 789.2408 869.6590 982.3173 1.6726 0.5940 0.6974 -1.3127 3.2804 14.1778 2.1204 0.5845
Pedestrian -1 -1 -1.1200 1673.7383 772.9149 1796.7131 1049.5629 1.7628 0.5943 0.5324 5.3562 2.8272 10.3544 -0.6875 0.3704
Pedestrian -1 -1 2.0055 1504.4246 780.5504 1623.5194 1003.9199 1.5696 0.6604 0.6391 4.6780 2.8256 11.6080 2.3546 0.3051
Pedestrian -1 -1 -1.8152 1468.3317 785.1041 1585.8755 1036.9978 1.7146 0.6520 0.6528 4.1403 2.9285 10.9791 -1.4893 0.2632
Pedestrian -1 -1 1.6570 719.8153 780.9739 800.3163 961.3463 1.7156 0.7279 1.4529 -2.1654 3.4879 16.2421 1.5350 0.2156
Pedestrian -1 -1 1.4684 1608.2496 784.8402 1700.5226 1019.1362 1.6977 0.5825 0.5347 5.3847 2.9791 11.6406 1.8643 0.1979
Pedestrian -1 -1 -0.9066 1839.0394 763.4841 1936.0000 983.7501 1.4195 0.6013 0.5437 6.6307 2.4278 10.4990 -0.3905 0.1905
Pedestrian -1 -1 -0.5904 1789.9281 793.2581 1929.5795 1037.0145 1.4836 0.5972 0.5405 5.9197 2.6317 9.8740 -0.1005 0.1575
Pedestrian -1 -1 1.6387 1212.7842 779.2150 1294.5743 1012.0027 1.7537 0.6200 0.4757 2.3460 3.0211 11.9765 1.8135 0.1311
Pedestrian -1 -1 -0.5882 1747.3486 799.0178 1863.8740 1024.7327 1.4974 0.5835 0.4746 6.0476 2.7837 10.7294 -0.1199 0.1203
Pedestrian -1 -1 1.9959 934.3184 779.2141 988.5538 896.5992 1.6352 0.6162 0.5964 0.0050 3.9756 22.2810 1.9987 0.1069
Pedestrian -1 -1 3.1708 631.5106 768.5286 683.2756 898.0107 1.6328 0.6279 0.6526 -4.0619 3.5903 20.0205 2.9843 0.1066
Cyclist -1 -1 1.6558 720.4476 780.0073 801.7501 963.7075 1.7188 0.7197 1.6237 -2.1472 3.4855 16.2088 1.5346 0.3069
Cyclist -1 -1 0.4024 813.9797 748.0452 1310.1595 1167.8051 1.6453 0.7777 2.2550 0.4617 2.3072 7.1963 0.4506 0.1829
Cyclist -1 -1 2.4332 1651.8578 742.9940 1809.8733 847.1042 1.7867 0.9080 2.7292 14.5027 4.0742 28.1925 2.8952 0.1047
