Pedestrian -1 -1 1.0087 1651.5453 711.3835 1933.5820 1156.8735 1.6904 0.6441 0.8855 3.4886 2.0851 6.3430 1.4377 0.8263
Pedestrian -1 -1 1.0879 1785.1377 716.3321 1936.0000 1130.8066 1.6990 0.7212 0.7279 4.2282 2.1286 6.6589 1.5786 0.6951
Pedestrian -1 -1 -1.2595 1016.0281 769.4537 1097.7803 971.1794 1.6534 0.5728 0.5700 0.8457 2.9607 13.1552 -1.2015 0.3927
Pedestrian -1 -1 -1.6513 689.0807 775.9604 752.3951 945.0634 1.6223 0.6017 0.6237 -2.4792 3.2137 15.3828 -1.7987 0.2749
Pedestrian -1 -1 -0.5715 730.7692 769.0868 794.0122 918.0693 1.6214 0.5970 0.4864 -2.3163 3.3367 17.4054 -0.6938 0.2267
Pedestrian -1 -1 -1.2206 1032.7405 778.5095 1106.5242 946.5944 1.6431 0.5886 0.6618 1.1502 3.3106 15.8120 -1.1525 0.1712
Pedestrian -1 -1 2.3262 1810.1364 663.0055 1936.0000 936.9307 1.6992 0.7743 0.7862 6.2523 1.9638 9.8980 2.8408 0.1654
Pedestrian -1 -1 2.6232 826.6510 756.6175 886.9997 899.8844 1.7470 0.6169 0.5488 -1.3568 3.4914 19.3959 2.5594 0.1302
Pedestrian -1 -1 2.3012 884.2917 776.7651 949.7611 908.9902 1.6162 0.6356 0.5816 -0.5822 3.6590 19.6885 2.2754 0.1227
Cyclist -1 -1 -1.2895 957.8248 773.9860 1052.4919 952.0903 1.6411 0.6555 1.3180 0.4782 3.2813 15.7252 -1.2607 0.1994
Car -1 -1 -2.2943 0.0000 831.4243 100.2968 1011.5477 1.4781 1.6396 3.9565 -11.8330 3.9511 16.5945 -2.8746 0.1066
