Pedestrian -1 -1 -1.7878 1211.9949 744.1008 1363.1282 1064.6429 1.6453 0.6618 0.7366 1.8012 2.3402 8.3381 -1.6056 0.8304
Pedestrian -1 -1 1.2445 1328.6364 753.8118 1488.9309 1074.7461 1.6810 0.6477 0.7682 2.5447 2.4547 8.5679 1.4955 0.7511
Pedestrian -1 -1 1.9940 724.8559 786.1934 816.1481 978.0796 1.6893 0.6263 0.7123 -1.8205 3.2817 14.3297 1.8780 0.5830
Pedestrian -1 -1 -1.7331 1421.2594 787.7098 1532.5356 1006.4916 1.6092 0.7228 0.6971 4.1171 2.9569 11.9834 -1.4316 0.4689
Pedestrian -1 -1 1.7468 673.8347 784.9926 750.9243 956.7227 1.7437 0.6923 0.8085 -2.7137 3.5399 16.3663 1.5953 0.3740
Pedestrian -1 -1 -1.2739 1603.2708 765.6262 1720.0780 1029.8203 1.7386 0.6317 0.5806 5.0212 2.7873 10.7193 -0.8766 0.2994
Pedestrian -1 -1 -1.5443 1413.2552 791.5875 1506.2842 1028.3064 1.6413 0.6520 0.6485 3.7807 2.9528 11.3560 -1.2535 0.2872
Pedestrian -1 -1 -1.2635 432.2446 773.1809 508.7638 943.4923 1.7258 0.6010 0.6544 -5.2628 3.3513 16.0621 -1.5572 0.2760
Pedestrian -1 -1 1.2454 1542.1565 774.6019 1647.3223 1002.4965 1.7159 0.6109 0.5735 5.0520 2.9422 11.9515 1.6112 0.2446
Pedestrian -1 -1 1.6195 1305.8405 791.3947 1387.7826 1010.4220 1.6028 0.6191 0.6976 3.1013 2.9859 12.0030 1.8489 0.2189
Pedestrian -1 -1 2.3314 890.1761 781.0350 945.3322 895.6557 1.6094 0.6374 0.5357 -0.6560 4.0052 22.5343 2.3066 0.1331
Pedestrian -1 -1 -0.6930 1853.0226 846.4324 1936.0000 1091.7039 1.4251 0.6553 0.5697 6.3032 2.9218 9.7318 -0.1719 0.1289
Pedestrian -1 -1 1.3944 1186.9744 713.4810 1254.3929 886.9697 1.7441 0.5980 0.5680 2.7029 2.6863 15.6179 1.5543 0.1280
Pedestrian -1 -1 -0.9522 1751.7457 838.9839 1885.6315 1080.5748 1.4989 0.5964 0.5621 5.9404 3.0401 10.3715 -0.4799 0.1182
Cyclist -1 -1 0.3093 762.0167 757.7152 1229.6549 1148.5018 1.6395 0.8030 2.2068 0.1781 2.3709 7.5029 0.3236 0.2361
Cyclist -1 -1 1.6445 670.8447 777.6218 750.0679 962.5710 1.7853 0.7334 1.4789 -2.7414 3.5452 16.4664 1.4925 0.1765
