Pedestrian -1 -1 -1.6176 1345.3273 727.0332 1447.8953 971.3229 1.6938 0.6836 0.5873 3.1974 2.4712 11.0257 -1.3632 0.7106
Pedestrian -1 -1 2.5493 1019.1876 745.4069 1103.3781 910.6980 1.6502 0.6104 0.6715 1.0670 2.9740 15.9947 2.6117 0.5873
Pedestrian -1 -1 -1.6807 1123.1934 739.1856 1181.5295 881.8861 1.6346 0.6322 0.5307 2.2729 3.0176 17.8286 -1.5607 0.5541
Pedestrian -1 -1 -1.5559 1193.8027 743.0370 1245.6521 884.8904 1.6376 0.6095 0.5275 3.1287 3.0922 18.0995 -1.3939 0.4377
Pedestrian -1 -1 -1.9216 967.5562 722.4185 1064.9814 916.5598 1.6943 0.6780 0.7977 0.5068 2.6404 14.0231 -1.8889 0.2083
Pedestrian -1 -1 -0.3057 1075.2592 769.6153 1144.4678 908.3117 1.4916 0.5449 0.6527 1.6962 3.1805 17.1173 -0.2124 0.1935
Pedestrian -1 -1 2.4648 1613.8018 761.1861 1706.5648 910.9822 1.7132 0.6321 0.8092 8.5275 3.4147 18.2597 2.8795 0.1798
Pedestrian -1 -1 1.4824 946.4140 743.1570 1004.6409 901.0586 1.7126 0.6112 0.6279 0.1570 3.0884 17.0614 1.4919 0.1267
Pedestrian -1 -1 2.0050 1398.3702 736.4927 1470.3644 890.3615 1.7299 0.6047 0.6644 5.6683 3.1002 17.9138 2.2949 0.1166
Cyclist -1 -1 2.8126 1325.7770 730.5793 1549.7190 925.2538 1.7400 0.7522 1.8878 4.5112 2.7757 14.2374 3.0973 0.3226
Cyclist -1 -1 -0.2363 1527.3148 690.2193 1936.0000 1216.0000 1.6794 0.7719 1.8018 2.7787 1.9070 4.6538 0.2000 0.1630
Car -1 -1 2.4149 1595.5275 773.7582 1936.0000 968.7350 1.4864 1.8756 4.4235 8.8837 3.1137 14.9453 2.9192 0.1573
