Pedestrian -1 -1 1.9666 1167.6489 743.9521 1263.7053 955.4313 1.6033 0.5763 0.6473 2.0869 2.6120 12.2439 2.1194 0.7537
Pedestrian -1 -1 -0.6754 864.3483 750.9801 934.6732 911.0734 1.6835 0.5794 0.5447 -0.6927 3.1292 16.7493 -0.7131 0.4997
Pedestrian -1 -1 -1.8105 969.7781 753.2445 1029.6056 889.3633 1.6052 0.6216 0.6016 0.4752 3.2388 18.6745 -1.7852 0.3037
Pedestrian -1 -1 -1.6727 839.1603 748.5263 906.7752 919.5346 1.6006 0.6144 0.5916 -0.8812 2.8546 14.8292 -1.7277 0.2736
Pedestrian -1 -1 1.9583 1147.8955 756.5967 1229.7716 933.2678 1.6569 0.5904 0.7430 2.3169 3.0364 15.1951 2.0989 0.2389
Pedestrian -1 -1 -1.0344 1708.2821 645.4843 1857.6273 934.5029 1.7894 0.6180 0.6568 5.3585 1.9298 9.7598 -0.5789 0.2359
Pedestrian -1 -1 2.4456 1399.7411 757.8601 1474.5713 901.5998 1.7516 0.6840 0.6364 6.1930 3.5224 19.4765 2.7383 0.1833
Pedestrian -1 -1 -0.4398 1826.0781 682.0400 1936.0000 942.9615 1.5648 0.7525 0.8963 6.1830 1.9459 9.5615 0.0831 0.1496
Pedestrian -1 -1 -1.6263 744.0535 721.7481 825.1973 913.5570 1.7092 0.7302 0.8180 -1.6934 2.6626 14.2575 -1.7359 0.1482
Pedestrian -1 -1 -1.6690 1043.5535 758.0134 1099.8546 894.0573 1.6263 0.6463 0.6394 1.3860 3.3334 18.8489 -1.5985 0.1455
Pedestrian -1 -1 1.5293 1264.0132 748.8675 1311.9814 887.2614 1.7174 0.5815 0.5472 4.2428 3.3555 19.4430 1.7337 0.1137
Pedestrian -1 -1 -0.2459 695.0164 772.8620 767.4779 929.6202 1.5645 0.6175 0.6453 -2.4809 3.1981 16.1030 -0.3872 0.1104
Car -1 -1 -2.3909 1196.2246 729.7377 1936.0000 1216.0000 1.3341 1.6874 3.8869 2.6918 1.8721 5.5574 -2.0176 0.1839
