Pedestrian -1 -1 -1.5718 1049.2924 736.5695 1103.3783 875.0068 1.6173 0.6483 0.5547 1.4028 3.0028 18.2545 -1.4986 0.6425
Pedestrian -1 -1 -1.3302 1240.8967 713.8535 1344.7981 948.2383 1.7124 0.6722 0.6221 2.5927 2.4319 11.6720 -1.1328 0.6065
Pedestrian -1 -1 -1.3489 1105.2389 734.3925 1165.5873 876.4246 1.6642 0.6209 0.6376 2.1636 3.0516 18.5460 -1.2384 0.5087
Pedestrian -1 -1 3.0457 947.0493 737.3453 1000.7462 902.9584 1.7360 0.5910 0.5355 0.1338 2.9950 16.4257 3.0539 0.4521
Pedestrian -1 -1 1.8702 1322.3375 738.0867 1380.9227 882.9095 1.7149 0.5544 0.6363 4.9030 3.1674 18.7740 2.1126 0.3400
Pedestrian -1 -1 -1.0771 1843.1198 633.4798 1936.0000 925.4823 1.7287 0.5885 0.4455 5.8723 1.7839 9.2428 -0.5632 0.2466
Pedestrian -1 -1 -1.9028 899.0970 730.0900 980.6514 910.4144 1.6576 0.6411 0.5789 -0.2130 2.7095 14.5724 -1.9167 0.2331
Pedestrian -1 -1 2.4041 1496.6301 749.7386 1573.2817 896.3578 1.7486 0.6603 0.6259 7.2768 3.3686 18.9816 2.7520 0.2309
Pedestrian -1 -1 -2.1139 795.1526 695.9042 907.4941 898.1950 1.7673 0.7373 0.8093 -1.0330 2.4573 13.9894 -2.1828 0.1520
Pedestrian -1 -1 -0.0907 999.3448 771.4561 1061.0430 896.1508 1.3757 0.6081 0.6705 0.8037 3.1288 17.5687 -0.0469 0.1398
Pedestrian -1 -1 1.3636 1228.8857 739.0523 1322.0656 922.7241 1.6731 0.6741 1.1385 3.1153 2.8552 14.9113 1.5548 0.1070
Cyclist -1 -1 2.8320 1220.4938 723.8496 1443.2925 908.6594 1.7200 0.7605 2.0142 3.6659 2.7353 14.8801 3.0565 0.2028
Car -1 -1 -2.4815 1352.4993 748.8888 1936.0000 1216.0000 1.3254 1.6567 3.7260 3.1392 1.8917 4.7917 -2.0044 0.2119
