Pedestrian -1 -1 -1.5503 1154.7325 751.1702 1228.3003 964.0150 1.6476 0.5853 0.6138 1.9006 2.7190 12.3399 -1.4121 0.7495
Pedestrian -1 -1 1.8367 1116.4902 762.5837 1196.7869 938.9002 1.6548 0.6368 0.7730 2.0000 3.1039 15.2606 1.9579 0.5384
Pedestrian -1 -1 -0.7396 846.4752 771.4149 921.1470 922.9797 1.5881 0.5881 0.6049 -0.8756 3.2858 16.9066 -0.7868 0.4839
Pedestrian -1 -1 -1.6465 812.2004 763.0914 883.4508 935.0864 1.5912 0.6579 0.7654 -1.1418 3.0119 14.9472 -1.7169 0.4071
Pedestrian -1 -1 1.7848 1376.0259 771.9151 1434.1512 909.7177 1.6950 0.6258 0.6069 5.8471 3.6719 19.6944 2.0592 0.2615
Pedestrian -1 -1 2.4828 946.1371 759.6382 1016.2952 905.9644 1.7156 0.6585 0.6055 0.2488 3.4495 18.7985 2.4968 0.1864
Pedestrian -1 -1 -1.3180 1185.5645 766.9684 1259.8257 930.5189 1.5254 0.5784 0.7677 2.6679 3.0166 15.2286 -1.1568 0.1307
Pedestrian -1 -1 2.1559 1006.8896 767.7919 1076.5793 907.8145 1.6595 0.6442 0.6359 1.0282 3.5257 19.0834 2.2082 0.1196
Pedestrian -1 -1 -1.7402 186.1498 795.7250 246.5821 927.8404 1.5645 0.6145 0.6278 -9.5959 3.8142 19.2613 -2.1741 0.1192
Pedestrian -1 -1 -1.5136 108.0777 789.6868 193.5844 993.8946 1.8003 0.6653 0.5157 -7.6547 3.3994 14.1443 -1.9728 0.1175
Pedestrian -1 -1 -2.3539 670.1586 788.5529 771.4564 940.9808 1.4727 0.7043 0.8212 -2.5891 3.2935 16.1098 -2.5011 0.1152
Cyclist -1 -1 -0.0923 1195.6287 706.2203 1744.5657 1215.6954 1.6887 0.8086 1.8610 1.8338 2.0273 5.6793 0.1603 0.1203
Cyclist -1 -1 1.3984 1671.9027 725.2220 1737.8428 828.0920 1.9619 0.8297 2.5615 16.1260 4.2319 32.4910 1.8489 0.1078
Car -1 -1 -2.4133 1179.1315 737.3722 1936.0000 1216.0000 1.3765 1.7417 3.9015 2.6659 1.9539 5.5440 -2.0431 0.1392
