Pedestrian -1 -1 -1.4581 1286.8615 726.1353 1384.6946 966.4967 1.6850 0.6536 0.7892 2.8555 2.4870 11.3679 -1.2361 0.8180
Pedestrian -1 -1 -1.6485 1083.2806 734.8093 1137.3699 873.9088 1.6227 0.6124 0.4966 1.7994 2.9715 18.0991 -1.5543 0.4418
Pedestrian -1 -1 2.4836 968.8221 742.7091 1049.1486 912.2455 1.7231 0.5841 0.6489 0.5163 3.0345 16.2198 2.5137 0.3131
Pedestrian -1 -1 -1.4353 1149.8401 738.8082 1202.7290 875.7723 1.6080 0.5846 0.5070 2.6508 3.0354 18.4165 -1.2997 0.3090
Pedestrian -1 -1 2.1115 1352.6313 736.4620 1423.4999 882.5157 1.6869 0.5583 0.7083 5.2526 3.0930 18.4013 2.3750 0.2223
Pedestrian -1 -1 2.2324 1549.3234 753.2284 1631.1150 898.7855 1.6974 0.6323 0.7291 7.8634 3.3416 18.7027 2.6105 0.1562
Pedestrian -1 -1 -1.5648 940.8792 740.5880 1010.1083 920.2656 1.6359 0.6493 0.6226 0.1378 2.7696 14.3383 -1.5563 0.1249
Cyclist -1 -1 2.7781 1253.6970 725.1911 1476.8285 920.1868 1.7627 0.8040 1.9377 3.9131 2.7740 14.5635 3.0217 0.3888
Cyclist -1 -1 -0.1163 1426.4066 672.8616 1936.0000 1216.0000 1.6857 0.7543 1.6706 2.3684 1.8563 4.7462 0.2550 0.1722
Car -1 -1 2.2502 1608.6752 777.4533 1936.0000 938.9275 1.7051 1.8982 4.6164 11.5488 4.0258 20.9606 2.7325 0.1188
Car -1 -1 -2.4801 1452.6898 746.3824 1936.0000 1216.0000 1.3943 1.7283 3.7547 3.4158 1.9225 4.4394 -1.9408 0.1170
