Pedestrian -1 -1 -1.4823 1387.7917 732.0126 1486.8245 981.7175 1.6605 0.6400 0.6253 3.4119 2.4560 10.6999 -1.2046 0.8559
Pedestrian -1 -1 -1.4936 1159.3092 743.8388 1216.3616 890.2506 1.6323 0.6258 0.5470 2.6628 3.0549 17.5514 -1.3514 0.5574
Pedestrian -1 -1 -1.2773 1229.2618 746.0516 1292.6602 895.7975 1.6813 0.6051 0.5726 3.5738 3.1570 17.8213 -1.0904 0.4890
Pedestrian -1 -1 2.8156 1056.8834 743.9473 1134.8844 914.7088 1.7034 0.6019 0.6610 1.4173 2.9914 15.8077 2.8991 0.4423
Pedestrian -1 -1 -2.0590 993.5353 730.7822 1095.8269 924.1605 1.6669 0.6768 0.7453 0.7685 2.6850 13.8983 -2.0087 0.3093
Pedestrian -1 -1 -1.6164 930.9128 709.8224 1013.7225 912.6122 1.7560 0.7215 0.7052 0.0913 2.5505 13.6237 -1.6112 0.2037
Pedestrian -1 -1 2.6482 1433.2915 734.4409 1503.1766 887.8666 1.7208 0.5853 0.5645 5.9599 3.0346 17.5970 2.9568 0.1654
Pedestrian -1 -1 -3.1348 1111.0244 774.7149 1173.3689 909.3817 1.4245 0.5971 0.6875 2.0446 3.1521 16.9076 -3.0215 0.1514
Pedestrian -1 -1 0.5337 1554.5244 741.9272 1622.7329 844.3947 1.4270 0.6972 0.6878 9.4035 3.2194 22.4189 0.9157 0.1504
Pedestrian -1 -1 1.4522 1568.1183 726.9397 1612.7292 840.9330 1.7029 0.5740 0.5334 9.7839 3.3132 23.2677 1.8358 0.1466
Cyclist -1 -1 -0.1885 1358.1915 735.3170 1591.9623 939.9809 1.7735 0.8113 1.9460 4.7803 2.8476 14.0306 0.1159 0.3444
Cyclist -1 -1 -0.1993 1678.5361 636.7716 1936.0000 1216.0000 1.7743 0.7670 1.7327 3.1036 1.8139 4.3614 0.3041 0.2190
Car -1 -1 2.5480 1662.4293 805.1907 1936.0000 983.8679 1.4967 1.7785 3.8724 9.6691 3.5033 15.6194 3.0705 0.1270
