Pedestrian -1 -1 -1.4351 1224.9688 740.8176 1287.0881 881.9809 1.5228 0.6301 0.5872 3.3801 2.8799 17.1303 -1.2517 0.7944
Pedestrian -1 -1 1.2643 1471.7975 727.3814 1599.9073 991.2465 1.6704 0.6151 0.6700 3.8558 2.3841 10.0736 1.5923 0.6797
Pedestrian -1 -1 -1.5344 1302.0750 732.2935 1358.6820 877.9413 1.5971 0.6221 0.5625 4.2666 2.8628 17.2718 -1.3061 0.5939
Pedestrian -1 -1 -1.1331 1069.0448 743.3508 1167.1638 934.4930 1.5889 0.6152 0.7777 1.4249 2.6996 13.5312 -1.0373 0.3282
Pedestrian -1 -1 2.7456 1506.1490 728.5632 1586.9949 885.6066 1.6938 0.5834 0.6687 6.5834 2.8824 16.8401 3.0972 0.3094
Pedestrian -1 -1 -0.3768 1172.1415 761.1357 1254.3479 902.8918 1.4537 0.6392 0.7035 2.7689 2.9897 16.4721 -0.2206 0.2941
Pedestrian -1 -1 -1.6237 1080.8900 662.1183 1259.6221 1149.5107 1.8047 0.6464 0.6995 0.8109 1.9621 5.9590 -1.5199 0.2415
Pedestrian -1 -1 -0.4218 1118.0629 735.8698 1203.7113 913.4984 1.7315 0.6346 0.6756 2.0609 2.9104 15.4835 -0.2985 0.1987
Pedestrian -1 -1 -1.4411 1387.1135 731.8459 1443.6486 871.7302 1.5686 0.5833 0.5260 5.3688 2.8580 17.6726 -1.1623 0.1626
Pedestrian -1 -1 2.7600 1440.9277 722.6385 1682.2909 929.1725 1.7689 0.7750 1.8869 5.4370 2.6859 13.6160 3.1122 0.1382
Cyclist -1 -1 2.7600 1440.9277 722.6385 1682.2909 929.1725 1.7689 0.7750 1.8869 5.4370 2.6859 13.6160 3.1122 0.4480
Cyclist -1 -1 1.3519 1720.2614 627.3641 1936.0000 1216.0000 1.7167 0.7310 1.8395 2.5183 1.7245 3.7235 1.8167 0.2110
Car -1 -1 -2.3288 1727.7773 642.9451 1936.0000 1216.0000 1.5168 1.8408 4.1771 3.5097 1.5766 2.8304 -1.6141 0.1908
Car -1 -1 2.2152 1842.2963 776.0764 1936.0000 950.4670 1.7097 1.9090 4.5696 13.8452 3.8099 19.1375 2.8148 0.1336
