Pedestrian -1 -1 1.2788 1625.8258 719.6989 1775.8740 1013.4791 1.6845 0.6475 0.6372 4.5112 2.2875 9.1578 1.6882 0.7526
Pedestrian -1 -1 -1.5359 1414.1052 727.0744 1469.4928 874.0020 1.5429 0.5748 0.5710 5.3281 2.6999 16.5715 -1.2431 0.5868
Pedestrian -1 -1 -1.6483 1341.0852 737.2518 1403.4812 888.8027 1.5708 0.6054 0.5787 4.4832 2.8236 16.3379 -1.3970 0.4498
Pedestrian -1 -1 2.5179 1219.5209 740.2057 1309.1078 924.8899 1.7000 0.6070 0.6229 2.9707 2.8634 14.6811 2.7030 0.2914
Pedestrian -1 -1 1.2823 1826.2927 738.9296 1936.0000 1016.5252 1.5524 0.6119 0.6350 5.6815 2.2711 9.0482 1.7882 0.1993
Pedestrian -1 -1 2.6520 1604.6344 721.4026 1692.9417 895.8714 1.7721 0.6248 0.6266 7.3016 2.8200 15.9006 3.0573 0.1514
Pedestrian -1 -1 0.2165 1760.2855 732.4733 1841.1056 845.0595 1.4226 0.7444 0.8376 11.5136 2.9380 20.5114 0.7077 0.1495
Pedestrian -1 -1 1.7972 1515.9648 739.6201 1582.6205 888.2177 1.5645 0.5975 0.5351 6.5800 2.8778 16.7311 2.1506 0.1472
Pedestrian -1 -1 2.6811 1275.5004 765.6683 1362.7565 910.4827 1.4295 0.6104 0.6992 3.7940 2.9602 15.8809 2.9004 0.1274
Pedestrian -1 -1 -0.3601 1592.6720 715.6449 1851.7426 934.8470 1.7780 0.7779 1.8443 6.5570 2.5924 12.9643 0.0744 0.1256
Pedestrian -1 -1 1.3862 1777.1272 710.5847 1833.0768 834.2716 1.6948 0.5907 0.5809 12.0489 2.9400 21.3658 1.8804 0.1035
Pedestrian -1 -1 -1.7114 1097.5077 701.1071 1191.0547 930.3517 1.8279 0.6883 0.6075 1.5141 2.4783 12.4476 -1.6021 0.1015
Cyclist -1 -1 -0.3601 1592.6720 715.6449 1851.7426 934.8470 1.7780 0.7779 1.8443 6.5570 2.5924 12.9643 0.0744 0.3662
