Pedestrian -1 -1 1.2592 1569.6190 725.7570 1713.5095 1006.6375 1.6818 0.6573 0.6257 4.3189 2.3471 9.5296 1.6404 0.8692
Pedestrian -1 -1 -1.4433 1288.3257 741.3574 1351.8153 892.2197 1.5759 0.6197 0.6322 3.9981 2.9037 16.6470 -1.2219 0.7847
Pedestrian -1 -1 -1.5288 1368.7219 728.3889 1422.8005 879.4793 1.6254 0.5729 0.5075 4.9034 2.8155 16.8674 -1.2625 0.5295
Pedestrian -1 -1 2.4836 1168.8081 749.9427 1258.2277 926.6710 1.6509 0.5876 0.6610 2.5231 2.9379 14.9760 2.6384 0.3238
Pedestrian -1 -1 -1.4356 1466.5702 744.3457 1523.2340 885.6935 1.5422 0.5631 0.4801 6.1502 2.9456 17.2307 -1.1120 0.2427
Pedestrian -1 -1 -0.3728 1235.0238 767.3108 1320.3583 904.9152 1.3742 0.5924 0.7248 3.3846 2.9344 16.0270 -0.1782 0.1498
Pedestrian -1 -1 -0.8561 1558.1367 726.9804 1649.9525 896.7173 1.7283 0.6158 0.6871 6.9493 2.8620 16.1765 -0.4741 0.1395
Pedestrian -1 -1 -0.3430 1543.1980 720.9210 1780.3439 935.4465 1.7837 0.7786 1.7416 6.1818 2.6643 13.2720 0.0614 0.1255
Pedestrian -1 -1 2.3603 92.1868 733.9584 153.7579 854.7858 1.7113 0.6125 0.5148 -12.4007 3.3497 22.1276 1.8753 0.1031
Cyclist -1 -1 -3.5240 1535.4020 725.7103 1773.9786 936.5682 1.7624 0.7629 1.7638 6.1246 2.6842 13.2771 -3.1231 0.3395
