Pedestrian -1 -1 -1.5386 1709.3464 717.4243 1830.7283 1020.6638 1.6548 0.6106 0.6061 4.7567 2.2258 8.8197 -1.0965 0.8267
Pedestrian -1 -1 -1.7243 1450.6755 723.2383 1515.8169 875.9198 1.5937 0.5915 0.5046 5.6790 2.6844 16.2890 -1.4088 0.5035
Pedestrian -1 -1 -0.7731 1638.5608 717.8237 1741.0485 895.7387 1.7477 0.6385 0.7180 7.5712 2.7405 15.5541 -0.3468 0.4846
Pedestrian -1 -1 -1.5123 1554.2363 726.4457 1613.8904 876.8304 1.5837 0.5925 0.4949 6.9018 2.7324 16.5680 -1.1399 0.4628
Pedestrian -1 -1 2.2446 1696.2883 711.8404 1848.1772 935.8564 1.7635 0.6676 1.0014 6.8746 2.5309 12.6859 2.7054 0.2691
Pedestrian -1 -1 -1.4290 1382.1675 735.3010 1448.3921 895.0353 1.6038 0.6036 0.6436 4.8637 2.8164 16.0081 -1.1525 0.1976
Pedestrian -1 -1 2.6288 1251.1141 732.2333 1346.0748 918.2836 1.7082 0.5933 0.6983 3.2801 2.7816 14.5669 2.8341 0.1975
Pedestrian -1 -1 -1.3078 1908.0630 724.9102 1936.0000 1075.1967 1.6787 0.5815 0.6479 5.3932 2.2327 7.8490 -0.7714 0.1293
Pedestrian -1 -1 2.3536 822.8105 750.3365 918.7653 900.9703 1.3707 0.6245 0.7232 -0.8984 2.6591 14.8817 2.2975 0.1287
Pedestrian -1 -1 1.5998 1610.7725 724.7598 1664.8821 882.8116 1.7038 0.5499 0.5231 7.6536 2.8571 16.9186 2.0015 0.1184
Cyclist -1 -1 2.4978 1703.3405 715.9480 1934.8389 930.7417 1.6936 0.7367 1.5982 7.2666 2.4968 12.6999 2.9809 0.2852
