Pedestrian -1 -1 1.1265 1810.3367 713.0257 1936.0000 1046.0253 1.6922 0.6184 0.6382 5.0878 2.1901 8.1126 1.6254 0.7689
Pedestrian -1 -1 -1.6664 1529.6396 722.4798 1602.5176 884.9313 1.6150 0.6412 0.6093 6.3400 2.6641 15.6993 -1.3059 0.6616
Pedestrian -1 -1 2.4090 1734.0844 712.1555 1835.3346 902.6427 1.7818 0.5919 0.6398 8.0838 2.6606 14.6938 2.8815 0.4940
Pedestrian -1 -1 1.8716 6.3852 738.7329 80.7575 876.6973 1.5306 0.5995 0.5296 -10.6991 2.8834 17.4482 1.3529 0.3825
Pedestrian -1 -1 2.8653 1336.3569 717.6964 1424.6959 914.1142 1.7613 0.6371 0.6403 3.9281 2.6530 14.0440 3.1177 0.3695
Pedestrian -1 -1 2.0140 1625.8021 724.8987 1705.5237 881.8353 1.5815 0.5996 0.5505 7.5329 2.6783 15.9955 2.4290 0.3558
Pedestrian -1 -1 1.5417 1448.8912 717.9702 1513.8091 880.3063 1.6095 0.6113 0.5939 5.4252 2.6049 15.6230 1.8550 0.3144
Pedestrian -1 -1 -1.3861 1287.9954 723.0784 1385.4392 946.0209 1.6925 0.6574 0.7819 3.0888 2.5304 12.2736 -1.1616 0.2701
Pedestrian -1 -1 -0.2671 1796.1154 715.1516 1936.0000 955.1913 1.7954 0.7375 1.4169 7.6598 2.5595 12.1245 0.2559 0.1678
Pedestrian -1 -1 -1.3254 1184.9889 705.3289 1289.5747 951.9630 1.8163 0.6700 0.6899 2.1762 2.4728 11.7563 -1.1604 0.1177
Cyclist -1 -1 -0.2003 1748.3567 714.3527 1936.0000 954.2907 1.7947 0.7771 1.8291 7.5783 2.5706 12.3211 0.3118 0.2770
Cyclist -1 -1 0.6052 0.0000 721.1874 133.8116 947.7440 1.7761 0.8385 2.1500 -8.2806 2.6208 12.6296 0.0664 0.1670
