Pedestrian -1 -1 -1.5284 1491.7280 722.1180 1558.7223 882.7374 1.6277 0.6590 0.5562 6.0354 2.6923 15.9963 -1.1893 0.8063
Pedestrian -1 -1 1.2880 1759.4918 711.9771 1918.4127 1015.4290 1.6085 0.6146 0.5904 4.9552 2.1222 8.4746 1.7605 0.6984
Pedestrian -1 -1 -1.3481 1411.7299 729.4889 1481.4164 887.7946 1.5829 0.6003 0.5734 5.1545 2.7212 15.8766 -1.0537 0.5750
Pedestrian -1 -1 -3.3446 1684.0673 713.7779 1772.5221 897.1323 1.7817 0.6053 0.6830 7.8218 2.7117 15.2720 -2.8993 0.4155
Pedestrian -1 -1 -0.6429 1296.0480 736.7203 1390.5012 927.3928 1.7070 0.6143 0.6287 3.6411 2.8048 14.2733 -0.4117 0.3283
Pedestrian -1 -1 3.4434 0.0000 748.9585 61.3832 891.8386 1.5702 0.6619 0.4638 -10.8835 3.0496 17.4586 2.9182 0.3007
Pedestrian -1 -1 1.7065 1592.6880 725.5570 1658.3628 877.4310 1.5615 0.5968 0.5326 7.2246 2.6817 16.2613 2.1008 0.2662
Pedestrian -1 -1 -0.8094 1752.2455 715.1393 1935.0642 938.2555 1.7058 0.6665 1.2095 7.2766 2.4813 12.3458 -0.3151 0.2005
Pedestrian -1 -1 -0.5519 1352.2159 768.1066 1446.9546 923.9254 1.4802 0.5879 0.7277 4.4780 2.9820 15.2978 -0.2863 0.1630
Pedestrian -1 -1 -3.3544 1255.3011 715.9999 1390.1171 944.4271 1.7870 0.7080 0.9420 2.9658 2.5602 12.3373 -3.1396 0.1380
Pedestrian -1 -1 3.2320 0.0000 773.3495 49.2464 961.0066 1.4714 0.6481 0.6084 -8.2123 2.7857 12.8171 2.7035 0.1349
Pedestrian -1 -1 -2.2838 1151.5580 700.7413 1292.8365 945.4791 1.8290 0.7698 0.8246 2.0995 2.4694 12.0727 -2.1282 0.1333
Pedestrian -1 -1 2.1519 1641.5737 723.0875 1721.9469 878.0287 1.6233 0.5578 0.6231 7.9861 2.7383 16.5801 2.5763 0.1240
Cyclist -1 -1 -3.5964 1744.0300 709.0311 1936.0000 931.0886 1.7334 0.7235 1.5637 7.4500 2.4521 12.3757 -3.0930 0.2657
