Pedestrian -1 -1 -0.1563 0.0000 722.8677 55.4685 1026.0222 1.7431 0.6993 0.7191 -6.1786 2.3928 9.4192 -0.6849 0.6470
Pedestrian -1 -1 -3.4218 1444.6321 735.4629 1544.6810 935.3071 1.6850 0.6153 0.6828 4.7266 2.6906 13.2821 -3.1063 0.3890
Pedestrian -1 -1 2.5111 1858.1115 712.6766 1936.0000 922.8375 1.8027 0.6650 0.6499 8.6273 2.6160 13.4934 3.0440 0.3698
Pedestrian -1 -1 3.2458 39.4905 763.1650 155.8133 975.0898 1.6257 0.6873 0.7524 -7.2171 2.8264 12.5282 2.7629 0.2770
Pedestrian -1 -1 -1.3678 1654.7673 723.1149 1741.1738 894.9310 1.5911 0.6718 0.6071 7.2918 2.5922 14.7993 -0.9384 0.2079
Pedestrian -1 -1 2.4916 37.1085 784.8576 155.8152 969.4392 1.5149 0.6688 0.6623 -7.7888 3.0039 13.4796 2.0059 0.2024
Pedestrian -1 -1 1.8517 102.4974 745.0828 176.1445 891.6323 1.6290 0.6211 0.5307 -9.5923 3.0584 17.4667 1.3795 0.1960
Pedestrian -1 -1 2.1298 1720.9061 728.0858 1802.8977 893.5770 1.6139 0.5715 0.4992 8.2545 2.7040 15.4241 2.5928 0.1713
Pedestrian -1 -1 2.1302 1820.8619 727.8511 1908.5093 901.4927 1.6816 0.5631 0.5592 9.2484 2.7621 15.3149 2.6430 0.1679
Pedestrian -1 -1 1.7247 1577.2661 714.6655 1649.6479 890.4850 1.6344 0.5817 0.5988 6.4234 2.5426 14.7230 2.1097 0.1337
Cyclist -1 -1 3.4436 0.0000 758.1678 151.8325 978.6841 1.6429 0.7650 1.5451 -7.6361 2.7889 12.3245 2.9308 0.1103
Car -1 -1 -2.4967 0.0000 766.9745 27.1374 898.4908 1.5110 1.7966 4.5223 -15.4266 3.5210 20.2007 -3.1163 0.1116
