Pedestrian -1 -1 1.6529 1491.8081 727.5472 1558.8982 892.0349 1.5925 0.6117 0.5513 5.7834 2.6703 15.3250 1.9908 0.7443
Pedestrian -1 -1 -1.6191 1570.4103 725.7717 1645.2483 894.6500 1.6414 0.6641 0.6227 6.6565 2.7087 15.4197 -1.2366 0.6770
Pedestrian -1 -1 -1.9461 1380.3794 590.1299 1708.4103 1216.0000 1.9307 0.6758 0.7594 1.7625 1.8328 4.6177 -1.6617 0.4161
Pedestrian -1 -1 -0.5018 1770.2601 718.2825 1880.7216 911.6459 1.7757 0.6194 0.6998 8.2811 2.6914 14.3494 -0.0106 0.4130
Pedestrian -1 -1 -0.5474 1372.6458 738.6096 1480.0361 933.4070 1.6835 0.6008 0.7359 4.2735 2.7596 13.7640 -0.2692 0.3037
Pedestrian -1 -1 1.8008 1673.2037 729.2704 1745.4174 888.9606 1.5820 0.5787 0.5583 7.8711 2.7079 15.7338 2.2379 0.2431
Pedestrian -1 -1 3.0369 55.4395 759.3083 106.3301 901.1026 1.5494 0.5944 0.4691 -10.2664 3.1505 17.4358 2.5364 0.2106
Pedestrian -1 -1 -1.7109 1888.9617 691.0992 1936.0000 1065.9496 1.8180 0.6382 0.6879 5.3052 2.1848 7.8474 -1.1816 0.1942
Pedestrian -1 -1 -0.8502 1864.4950 718.7661 1936.0000 959.3169 1.8034 0.6578 0.8247 7.8502 2.5839 11.9943 -0.3123 0.1728
Pedestrian -1 -1 2.1498 1730.2101 726.5435 1816.5256 898.2562 1.7323 0.5691 0.6204 8.6658 2.8446 15.9630 2.6195 0.1564
Cyclist -1 -1 0.5009 0.0000 733.5316 136.9752 953.0205 1.7322 0.7373 1.9295 -8.1135 2.6759 12.5929 -0.0299 0.1809
