Pedestrian -1 -1 1.8136 245.9078 725.3889 319.4190 885.4900 1.7773 0.6416 0.5992 -7.8787 2.9685 17.3813 1.4144 0.6708
Pedestrian -1 -1 1.4184 1806.9958 692.4173 1908.3718 900.1657 1.7337 0.6506 0.6831 7.8939 2.3489 13.1937 1.9223 0.4200
Pedestrian -1 -1 -0.0671 35.9720 736.9352 114.6031 908.4871 1.7211 0.7231 0.7062 -9.5678 2.9677 16.1446 -0.5688 0.4087
Pedestrian -1 -1 2.9999 37.6022 712.0896 175.2874 1011.1675 1.6290 0.6604 0.6504 -5.0734 2.1727 8.8688 2.5293 0.4001
Pedestrian -1 -1 2.7592 80.9432 725.9711 163.4251 878.5624 1.6356 0.7701 0.5952 -9.6163 2.8261 17.1375 2.2780 0.2771
Pedestrian -1 -1 2.4966 1650.1991 743.4943 1774.7620 960.1318 1.6396 0.5819 0.6845 6.0532 2.6250 12.0678 2.9249 0.2423
Pedestrian -1 -1 1.5432 1752.9292 712.2303 1845.4716 923.7869 1.6940 0.6482 0.6769 7.1513 2.4668 12.7876 2.0172 0.2238
Pedestrian -1 -1 1.4511 1637.6698 715.2560 1767.3907 988.1782 1.7137 0.6708 0.7899 5.0255 2.3575 10.1804 1.8663 0.2112
Pedestrian -1 -1 1.6717 1523.6243 679.1430 1638.9753 969.1310 1.8204 0.6715 0.7259 4.1690 2.2017 10.0387 2.0259 0.1330
Car -1 -1 1.6935 611.1193 783.3967 754.4366 911.4987 1.4815 1.7580 3.9119 -4.4154 4.2602 24.2229 1.5254 0.1354
