Pedestrian -1 -1 1.0973 358.1823 811.9921 427.4048 947.6842 1.7477 0.6705 0.7102 -8.0186 4.4478 21.0940 0.7574 0.8078
Pedestrian -1 -1 -1.3210 649.0089 784.3577 752.3640 1008.7017 1.6611 0.6641 0.6554 -2.0699 2.9720 11.9373 -1.4780 0.5419
Pedestrian -1 -1 -0.8695 572.6227 783.9990 692.2620 1010.5395 1.7296 0.7069 0.6805 -2.7532 3.1140 12.5442 -1.0670 0.3629
Pedestrian -1 -1 1.3542 309.1940 810.4620 367.0541 938.1028 1.6111 0.6274 0.6224 -8.5719 4.2169 20.5675 0.9842 0.1758
Pedestrian -1 -1 1.4396 262.6624 778.4921 406.8869 1060.7043 1.7105 0.8212 1.6494 -4.6284 2.9335 10.9870 1.0769 0.1087
Cyclist -1 -1 -1.6473 263.6597 774.0520 408.5607 1051.5902 1.6791 0.9206 1.8441 -4.7069 2.8975 11.1855 -2.0103 0.4665
Cyclist -1 -1 -1.5151 0.0000 798.1442 85.5343 1096.0004 1.5760 0.6892 1.5899 -6.1952 2.8098 9.7849 -2.0279 0.2475
Cyclist -1 -1 0.5075 0.0000 780.3323 67.1491 979.5299 1.8609 0.8150 1.5279 -10.0318 3.4750 15.0915 -0.0398 0.1999
Cyclist -1 -1 -2.2404 986.6965 644.6784 1784.9723 1216.0000 1.7432 0.7641 2.0998 0.9227 1.8099 3.9390 -2.0771 0.1699
Car -1 -1 -1.3610 0.0000 791.5620 130.3529 1107.9911 1.4111 1.7341 3.6160 -7.3070 2.8325 10.7615 -1.9079 0.3668
Car -1 -1 2.0989 39.9950 824.4932 208.2025 912.3248 1.5088 1.7847 4.0401 -20.6523 6.7337 37.0908 1.6133 0.2826
Car -1 -1 2.1911 0.0000 762.4652 86.5422 1023.9185 1.6394 1.9360 4.3276 -10.3722 3.1151 13.8582 1.5915 0.1777
Car -1 -1 0.5788 0.0000 818.4523 118.7833 891.4421 1.6397 1.8227 4.1879 -25.0535 6.9283 39.8662 0.0403 0.1386
