Pedestrian -1 -1 -1.5888 1037.4546 780.7690 1132.5604 1032.8038 1.6719 0.6549 0.5986 0.8699 2.8126 10.6279 -1.5178 0.7409
Pedestrian -1 -1 -1.0299 939.4384 776.8135 1050.4347 1020.1948 1.6958 0.6348 0.5803 0.2584 2.8911 11.3517 -1.0112 0.6032
Pedestrian -1 -1 1.0914 738.1397 822.3863 798.7361 952.5112 1.6656 0.6174 0.6408 -2.6983 4.4851 20.9117 0.9736 0.5801
Pedestrian -1 -1 2.2038 376.8813 823.6027 472.4912 990.5901 1.5962 0.7048 0.6307 -5.6190 3.7336 15.6772 1.8858 0.4558
Pedestrian -1 -1 -1.8215 450.5187 812.7319 477.8366 873.9274 1.6326 0.6445 0.4764 -14.1455 7.0244 42.5547 -2.1266 0.2260
Pedestrian -1 -1 -1.0610 974.9523 776.4213 1083.1539 1006.5828 1.6903 0.6521 0.6104 0.5462 2.9478 11.9801 -1.0210 0.1720
Cyclist -1 -1 -1.7841 587.5156 808.8619 737.4625 1052.2795 1.6895 0.9102 2.0556 -2.6764 3.4518 13.2022 -1.9667 0.4840
Cyclist -1 -1 1.1374 1726.5265 552.9647 1936.0000 1216.0000 1.5888 0.6224 1.3523 1.8686 1.5063 2.4016 1.6040 0.1333
Car -1 -1 -1.2671 73.9730 796.1710 529.8435 1128.8370 1.5571 1.8245 3.7961 -4.5292 3.0331 10.9442 -1.6234 0.4121
Car -1 -1 -2.2908 1599.2225 632.2159 1936.0000 1216.0000 1.5529 1.8018 3.7197 2.6009 1.5719 1.9851 -1.6124 0.4109
