Pedestrian -1 -1 -1.3345 729.8819 778.5557 828.6931 1001.5612 1.6776 0.6632 0.6065 -1.4596 2.9524 12.0645 -1.4450 0.6624
Pedestrian -1 -1 1.0233 533.7518 822.3171 599.2365 951.6433 1.6704 0.6332 0.6968 -5.6024 4.5339 21.2210 0.7832 0.6384
Pedestrian -1 -1 -1.5182 817.3845 766.3073 907.4050 997.4812 1.6767 0.6587 0.6391 -0.7548 2.8006 11.5631 -1.5789 0.6199
Pedestrian -1 -1 -1.4174 779.2406 772.5338 871.5142 986.7453 1.6980 0.6856 0.6309 -1.1415 2.9812 12.6599 -1.5002 0.4338
Pedestrian -1 -1 1.1800 242.3723 806.7481 275.5911 875.1274 1.7608 0.6650 0.5804 -19.3927 6.8361 41.2960 0.7602 0.2387
Pedestrian -1 -1 -1.7772 262.8327 805.0032 288.4846 863.2000 1.7471 0.6543 0.5537 -21.9519 7.5637 47.8810 -2.1893 0.2341
Pedestrian -1 -1 1.9813 182.8158 808.3223 277.6590 973.0283 1.6007 0.6615 0.6861 -7.6407 3.5631 15.6529 1.5595 0.2278
Pedestrian -1 -1 2.7287 52.8338 754.1279 151.3579 978.5682 2.0193 0.7392 0.5959 -8.3030 3.3083 14.4522 2.2443 0.2181
Pedestrian -1 -1 2.0905 0.0000 800.0866 113.0203 999.6505 1.6807 0.7217 0.5968 -8.1502 3.2898 13.4318 1.5858 0.1861
Pedestrian -1 -1 1.4344 497.4984 822.5135 550.4022 952.6202 1.6355 0.6222 0.6907 -6.0196 4.4121 20.5728 1.1694 0.1805
Pedestrian -1 -1 -2.2767 364.7151 792.7773 578.9659 1052.0829 1.7508 0.7961 1.5845 -3.8865 3.1675 11.8539 -2.5653 0.1533
Cyclist -1 -1 -1.5501 407.4923 797.4553 541.1129 1048.2921 1.6556 0.9488 1.8157 -3.9432 3.1841 12.2466 -1.8344 0.5374
Cyclist -1 -1 0.9100 1299.7804 623.1792 1936.0000 1216.0000 1.7226 0.7361 1.8147 1.5360 1.7201 3.1883 1.2326 0.2219
Car -1 -1 -1.2099 0.0000 791.8030 355.3284 1095.6282 1.4295 1.7529 3.6248 -5.9254 2.8664 10.9908 -1.6616 0.4594
Car -1 -1 -0.8247 0.0000 707.8246 94.2096 1216.0000 1.5012 1.8323 4.1823 -4.9064 1.8787 4.6804 -1.5284 0.2842
Car -1 -1 0.3833 160.1325 808.4684 314.7528 868.5398 1.6470 1.8262 4.0970 -23.2733 7.6868 48.1919 -0.0484 0.1654
