Pedestrian -1 -1 -1.5221 976.7375 769.8864 1068.5486 1013.3949 1.6571 0.6445 0.6723 0.4596 2.7557 10.9698 -1.4866 0.6150
Pedestrian -1 -1 2.0146 319.1999 820.4139 416.8911 979.5625 1.5251 0.6850 0.7619 -6.2379 3.6386 15.7538 1.6654 0.5891
Pedestrian -1 -1 -0.8886 870.4534 763.9774 989.8280 1004.4588 1.7053 0.6637 0.6509 -0.2393 2.8269 11.5984 -0.9090 0.5370
Pedestrian -1 -1 -1.9428 682.2732 816.3223 743.0056 946.9973 1.6795 0.6287 0.7271 -3.5071 4.4376 21.0754 -2.0951 0.5330
Pedestrian -1 -1 1.8801 930.9106 773.9014 1035.2074 987.9877 1.6104 0.6994 0.6101 0.1841 2.8665 12.2061 1.8925 0.3591
Pedestrian -1 -1 1.3315 637.8871 815.6431 694.3607 950.8120 1.7115 0.6367 0.6264 -4.0537 4.3824 20.5246 1.1510 0.1994
Pedestrian -1 -1 -1.8963 393.9937 802.9817 423.1864 866.3708 1.6802 0.6550 0.4926 -15.6173 6.7596 42.2582 -2.2337 0.1630
Pedestrian -1 -1 -1.7609 405.5721 806.9927 429.5020 863.0599 1.7201 0.6465 0.5733 -17.7994 7.7308 48.9528 -2.0939 0.1569
Cyclist -1 -1 -1.9555 1484.1493 687.1360 1936.0000 1216.0000 1.5645 0.6677 1.7140 1.6466 1.7197 2.8672 -1.5852 0.4425
Cyclist -1 -1 1.4733 552.0285 802.4476 666.1486 1047.8014 1.7051 0.8100 1.7202 -3.0174 3.3249 12.7001 1.2604 0.4126
Car -1 -1 -1.2320 20.6544 782.1516 513.0467 1124.5342 1.6209 1.8829 3.8347 -4.7022 2.9632 10.8171 -1.6045 0.9109
Car -1 -1 -2.2159 1490.1755 664.3055 1936.0000 1216.0000 1.5456 1.7859 3.6507 2.4978 1.6603 2.4767 -1.6277 0.2307
