Pedestrian -1 -1 -1.5775 868.6180 768.6601 961.3035 1008.8768 1.7022 0.6813 0.6243 -0.3516 2.8206 11.3096 -1.6074 0.6469
Pedestrian -1 -1 -2.0514 580.7171 822.0818 643.6755 953.0863 1.6950 0.6340 0.6753 -4.9504 4.5516 21.2027 -2.2643 0.5064
Pedestrian -1 -1 -1.0561 782.1395 772.1048 890.4308 1001.5109 1.6932 0.6696 0.5650 -0.9943 2.9084 11.9464 -1.1327 0.4750
Pedestrian -1 -1 2.8689 226.1658 818.4124 329.7862 982.8073 1.5328 0.7020 0.8493 -7.1971 3.6407 15.7509 2.4712 0.3613
Pedestrian -1 -1 1.2772 297.7008 804.4338 328.5150 871.4861 1.7491 0.6533 0.5926 -18.1088 6.8174 41.7808 0.8864 0.1702
Pedestrian -1 -1 -0.9463 820.2575 761.0733 928.0208 982.5859 1.7129 0.6605 0.6267 -0.7281 2.8959 12.5496 -1.0001 0.1604
Pedestrian -1 -1 2.9972 118.0047 750.6546 195.6368 977.9180 2.0549 0.7381 0.5867 -7.8102 3.3148 14.5124 2.5391 0.1477
Pedestrian -1 -1 1.1701 67.1962 799.4930 178.7974 1002.2344 1.6585 0.6958 0.6492 -7.5804 3.2933 13.5271 0.6979 0.1409
Cyclist -1 -1 -1.7381 459.4609 801.4007 603.2614 1054.2455 1.6899 0.8905 1.9054 -3.6305 3.2910 12.5145 -1.9958 0.5266
Cyclist -1 -1 1.0390 1395.1736 623.4753 1936.0000 1216.0000 1.6888 0.7155 1.7905 1.6253 1.6869 3.0234 1.3925 0.1573
Car -1 -1 -1.1890 0.0000 797.2702 430.6279 1135.2876 1.5738 1.8255 3.7982 -5.3827 3.0486 10.8637 -1.6074 0.8849
Car -1 -1 -2.3492 1352.8966 675.5221 1936.0000 1216.0000 1.5036 1.7918 3.8605 2.4108 1.6612 2.5747 -1.7900 0.2505
Car -1 -1 3.6852 0.0000 765.6847 174.1480 1022.8592 1.8758 1.9812 4.5534 -9.7567 3.2226 13.2080 3.0939 0.1547
