Pedestrian -1 -1 -1.7649 989.0322 818.1182 1050.0376 964.0935 1.6705 0.6413 0.6309 0.7128 4.0987 18.4319 -1.7267 0.7689
Pedestrian -1 -1 1.5892 629.3034 793.7896 707.3972 990.5391 1.7274 0.7034 0.6634 -2.7657 3.3711 14.1707 1.4123 0.6127
Pedestrian -1 -1 1.1760 853.4058 822.7300 881.6699 887.0294 1.6792 0.6165 0.5804 -2.6263 7.2720 41.8821 1.1210 0.5477
Pedestrian -1 -1 -1.1963 1404.3691 740.0887 1558.1089 1081.7566 1.6886 0.6254 0.6049 2.8231 2.3467 8.1127 -0.9060 0.5383
Pedestrian -1 -1 -0.8806 1297.0348 765.6579 1448.7635 1071.8699 1.6645 0.6183 0.6352 2.4661 2.5500 8.9696 -0.6463 0.5172
Pedestrian -1 -1 1.4228 894.2814 788.1760 919.8359 851.6942 1.8147 0.6893 0.5987 -1.6300 6.7569 44.9091 1.3929 0.4274
Pedestrian -1 -1 2.0118 913.6009 806.6358 942.1140 874.8146 1.7580 0.6032 0.5462 -0.9132 6.7768 40.9240 1.9955 0.3259
Pedestrian -1 -1 1.6041 1265.9896 801.0595 1357.2036 1048.9637 1.5561 0.5863 0.4622 2.3649 2.7801 10.0972 1.8076 0.2752
Pedestrian -1 -1 1.1669 1785.1986 743.3964 1936.0000 1216.0000 1.6075 0.6367 0.6432 3.1982 2.0251 4.9267 1.6419 0.2581
Cyclist -1 -1 -1.6310 846.3415 814.0303 941.9354 1008.2922 1.6239 0.8711 1.7435 -0.7081 3.6600 15.1878 -1.6731 0.5665
Car -1 -1 -1.3736 247.4587 767.2429 726.8002 1170.2883 1.5248 1.8359 3.9218 -2.5568 2.5795 9.0772 -1.6205 0.9925
Car -1 -1 -1.4493 677.2915 823.3521 768.9218 906.4818 1.4943 1.8147 4.0114 -6.0829 6.8836 38.5848 -1.5946 0.8819
Car -1 -1 2.0273 69.2305 833.2562 244.1271 928.6953 1.4084 1.7280 3.9785 -17.5270 6.2560 32.7940 1.5600 0.6906
Car -1 -1 1.9591 201.9383 776.4031 334.9329 851.1712 1.4731 1.7305 4.1329 -18.4456 5.7386 40.0148 1.5451 0.4123
Car -1 -1 -1.3461 680.8116 818.3696 768.2296 884.8555 1.4143 1.7656 3.8828 -7.1470 7.5588 45.4890 -1.4913 0.2780
