Pedestrian -1 -1 -1.7581 1001.3809 820.6714 1062.9814 971.4115 1.6623 0.6271 0.6029 0.8352 4.0274 17.7239 -1.7124 0.6739
Pedestrian -1 -1 2.0818 610.5109 776.7540 727.7706 982.1102 1.7137 0.7874 0.7374 -2.6605 3.1497 13.6635 1.9052 0.5568
Pedestrian -1 -1 -1.4436 1333.1040 757.0197 1454.2872 1079.9774 1.6623 0.5998 0.7026 2.4639 2.4510 8.4906 -1.1986 0.5039
Pedestrian -1 -1 -0.9623 1424.1890 740.4116 1618.1257 1116.8073 1.7191 0.6657 0.6739 2.8368 2.3415 7.5875 -0.6546 0.4290
Pedestrian -1 -1 1.4258 903.6672 797.9566 926.6498 857.0798 1.6672 0.6129 0.5349 -1.3686 6.8339 44.3314 1.4012 0.2844
Cyclist -1 -1 -1.6962 842.7573 800.3420 952.2174 996.5870 1.6792 0.9174 1.8322 -0.6925 3.6155 15.5260 -1.7365 0.5737
Cyclist -1 -1 -1.7530 853.5934 818.4442 887.8197 887.1467 1.6628 0.6897 1.5946 -2.5437 7.1926 41.8712 -1.8061 0.3333
Car -1 -1 -1.3780 225.0952 755.2062 715.2440 1178.7218 1.5565 1.7907 3.7733 -2.5154 2.4771 8.6271 -1.6325 0.9904
Car -1 -1 -1.4527 682.4855 814.7025 774.3453 898.1105 1.5028 1.8111 3.9950 -5.8782 6.6010 38.1497 -1.5948 0.9518
Car -1 -1 2.0283 66.7687 815.0853 246.2645 910.6230 1.4309 1.7469 4.0955 -17.4428 5.8439 32.6431 1.5605 0.6872
Car -1 -1 1.9837 212.7988 813.9161 342.6726 889.8588 1.4423 1.6965 3.8315 -18.1452 6.7257 39.8804 1.5759 0.5309
Car -1 -1 -1.5644 670.6425 818.6769 768.2581 930.9700 1.5842 1.8392 4.0175 -4.8925 5.8141 30.5256 -1.7118 0.4725
