Pedestrian -1 -1 -1.6740 928.1239 821.9547 981.3381 948.4363 1.5414 0.6388 0.6446 -0.0912 4.1817 19.6828 -1.6760 0.6775
Pedestrian -1 -1 2.2478 569.1454 794.9366 666.0944 982.2660 1.7174 0.7249 0.6035 -3.4273 3.4641 14.9292 2.0402 0.6744
Pedestrian -1 -1 -1.0459 1180.1064 768.7404 1310.3424 1043.1696 1.6704 0.6118 0.6684 1.9071 2.6786 10.0293 -0.8806 0.5036
Pedestrian -1 -1 -1.3614 1296.4818 744.8571 1414.6096 1056.1637 1.7507 0.5950 0.6381 2.4174 2.5175 9.1445 -1.1353 0.4854
Pedestrian -1 -1 1.4945 797.4447 831.7910 822.4152 898.0463 1.7177 0.6451 0.8931 -4.2891 7.6451 42.3503 1.4028 0.4414
Pedestrian -1 -1 2.1172 854.2706 810.1875 883.7892 873.9120 1.6806 0.6018 0.6090 -2.6041 6.9649 42.2382 2.0630 0.3457
Pedestrian -1 -1 -1.3992 661.4780 800.4586 685.1912 856.9848 1.7657 0.6454 0.7396 -9.5081 7.6085 49.3975 -1.5781 0.2179
Cyclist -1 -1 -1.6853 791.4399 798.0558 907.0981 1013.2994 1.7075 0.9172 1.8575 -1.1154 3.4978 14.4649 -1.7556 0.4271
Cyclist -1 -1 1.4714 795.5223 831.2431 824.0162 899.4975 1.7158 0.6930 1.2705 -4.3061 7.6686 42.4523 1.3795 0.2730
Car -1 -1 -1.3535 235.5194 758.1867 681.4905 1123.7646 1.5907 1.8351 3.8008 -3.0285 2.6439 9.8709 -1.6227 0.9710
Car -1 -1 -1.4297 626.0964 826.2241 721.8104 911.3367 1.5500 1.8503 4.0918 -7.4527 7.0984 39.1364 -1.6056 0.2536
