Pedestrian -1 -1 -1.8214 970.6426 816.4836 1036.0944 962.1566 1.6881 0.6672 0.7242 0.5253 4.1615 18.8796 -1.7933 0.6529
Pedestrian -1 -1 -1.0992 1378.0891 747.5941 1525.8208 1076.0184 1.6889 0.6012 0.5852 2.7640 2.4143 8.4223 -0.8233 0.6251
Pedestrian -1 -1 1.5906 627.1404 788.5829 704.6795 983.9781 1.7521 0.7116 0.6905 -2.8481 3.3797 14.4726 1.4121 0.3977
Pedestrian -1 -1 -0.8917 1277.6421 778.7254 1419.8230 1072.3657 1.6512 0.6063 0.6154 2.4040 2.6506 9.2872 -0.6698 0.3933
Pedestrian -1 -1 1.3709 1236.4645 828.8684 1345.4695 1058.6859 1.5018 0.6583 0.4377 2.2822 2.9488 10.3874 1.5628 0.2465
Pedestrian -1 -1 1.5160 845.6420 831.0209 868.6945 896.1417 1.6763 0.6047 0.8890 -2.9261 7.5295 41.9891 1.4544 0.2234
Cyclist -1 -1 -1.7391 829.9411 812.7722 945.1443 1004.3138 1.5949 0.9080 1.5882 -0.7675 3.5935 15.0362 -1.7853 0.5228
Cyclist -1 -1 1.5160 845.6420 831.0209 868.6945 896.1417 1.6763 0.6047 0.8890 -2.9261 7.5295 41.9891 1.4544 0.1144
Car -1 -1 -1.3671 276.7747 764.4396 723.6337 1152.9207 1.5749 1.7656 3.8469 -2.6137 2.6371 9.4262 -1.6110 0.9909
Car -1 -1 -1.4315 660.8287 825.9587 758.2482 912.5857 1.5623 1.8801 4.1293 -6.4457 7.0440 38.6940 -1.5850 0.5601
Car -1 -1 2.0836 53.4361 826.3902 238.7393 921.6101 1.4314 1.7795 4.1021 -18.0763 6.2112 33.3901 1.6107 0.4907
Car -1 -1 2.0001 186.5347 815.7639 322.5737 892.2823 1.4345 1.7306 3.9712 -18.8009 6.7909 39.9745 1.5801 0.3682
