Pedestrian -1 -1 -1.6984 990.8365 808.8719 1057.4463 965.6545 1.6561 0.6746 0.6996 0.7101 3.8015 17.0611 -1.6582 0.8057
Pedestrian -1 -1 1.5821 614.7271 776.6834 700.2072 988.6038 1.7354 0.7220 0.7097 -2.6794 3.1217 13.2470 1.3990 0.6427
Pedestrian -1 -1 -1.2523 1352.0953 760.6005 1500.6782 1100.9220 1.6303 0.5936 0.6749 2.4828 2.3934 7.9638 -0.9922 0.6217
Pedestrian -1 -1 -1.8640 854.0719 814.0228 883.1556 876.5165 1.5943 0.6171 0.7486 -2.5660 6.8848 41.3758 -1.9185 0.4466
Pedestrian -1 -1 -0.6434 1464.8640 725.9493 1666.2159 1118.1250 1.7174 0.6209 0.6436 2.8750 2.2271 7.1476 -0.3164 0.4180
Cyclist -1 -1 -1.6566 854.0236 801.7367 947.7751 997.8915 1.7115 0.8365 1.8534 -0.6639 3.6912 15.7705 -1.6945 0.5360
Cyclist -1 -1 -1.8794 852.8504 812.5066 883.9201 876.2208 1.6126 0.6245 0.8886 -2.5793 6.8817 41.4748 -1.9340 0.1499
Car -1 -1 -1.3469 161.1682 766.5336 714.8607 1216.0000 1.5486 1.7837 3.8614 -2.4739 2.5028 8.1100 -1.6108 0.9891
Car -1 -1 -1.4115 674.3211 808.4448 773.7191 893.8021 1.5693 1.8483 3.7766 -5.8985 6.4142 37.5727 -1.5564 0.8954
Car -1 -1 1.9919 52.7981 830.5687 232.1258 932.4299 1.4658 1.7745 4.0854 -17.4138 6.1582 32.0329 1.5179 0.8069
Car -1 -1 1.8898 311.5743 809.5082 415.6596 877.5135 1.5037 1.7538 4.0370 -18.4219 7.4698 46.2747 1.5278 0.6525
Car -1 -1 2.0003 206.2185 828.4720 338.4908 906.9244 1.4448 1.6795 3.7833 -18.0441 7.0611 39.3492 1.5903 0.6038
