Pedestrian -1 -1 1.3072 948.6213 792.5461 1033.8143 990.2595 1.7230 0.6494 0.6796 0.2759 3.3533 14.1337 1.3252 0.6625
Pedestrian -1 -1 -1.3435 1399.4839 723.3265 1601.3890 1203.9950 1.6894 0.6402 0.7307 2.1474 2.1107 5.9261 -1.0579 0.5701
Pedestrian -1 -1 -1.3467 1584.9766 727.7656 1829.2592 1216.0000 1.6984 0.6518 0.6835 2.5317 2.0786 5.0602 -0.9701 0.4438
Pedestrian -1 -1 1.8521 1330.8279 770.8276 1485.2045 1146.2123 1.5937 0.5774 0.5844 2.1134 2.3211 7.0559 2.0969 0.3602
Pedestrian -1 -1 -1.5750 788.4156 804.5486 815.9055 874.3285 1.6674 0.7199 1.3381 -4.2579 6.5633 40.0520 -1.6721 0.2655
Pedestrian -1 -1 1.5394 834.4916 797.0416 856.2405 861.2354 1.7096 0.5920 0.5226 -3.2315 6.5399 41.6719 1.4698 0.2591
Pedestrian -1 -1 -1.3423 905.9990 809.7420 935.5917 881.6124 1.6178 0.5876 0.5885 -0.9669 6.0865 35.8047 -1.3634 0.1993
Cyclist -1 -1 -1.5331 771.4037 800.2813 855.8380 984.1893 1.7210 0.8532 1.8347 -1.6245 3.7920 16.7212 -1.6216 0.6014
Cyclist -1 -1 -1.5750 788.4156 804.5486 815.9055 874.3285 1.6674 0.7199 1.3381 -4.2579 6.5633 40.0520 -1.6721 0.3189
Car -1 -1 -1.3456 0.0000 753.1907 551.5118 1216.0000 1.4669 1.7982 3.8284 -2.7901 2.1540 5.9794 -1.7244 0.9502
Car -1 -1 -1.3858 594.6493 813.2795 703.5374 902.2433 1.5041 1.7948 3.8102 -7.2963 6.1897 35.2857 -1.5769 0.8789
Car -1 -1 -1.4323 615.7100 808.5800 701.0693 883.4341 1.5100 1.7768 3.9513 -8.4647 6.9260 42.0781 -1.6188 0.5344
Car -1 -1 2.1730 0.0000 814.8244 93.8920 920.3355 1.4400 1.7182 3.9543 -19.3055 5.4683 29.6988 1.6228 0.2545
