Pedestrian -1 -1 1.2919 978.0883 807.6301 1051.4792 977.6577 1.6833 0.6296 0.6578 0.5684 3.6929 16.0508 1.3257 0.7382
Pedestrian -1 -1 -1.2559 1497.0583 713.2129 1695.9861 1162.0601 1.7450 0.6191 0.7914 2.7754 2.1594 6.5141 -0.9160 0.5057
Pedestrian -1 -1 -1.4604 558.3924 779.0728 658.4648 1003.2353 1.7204 0.7246 0.6471 -2.8969 3.0284 12.3287 -1.6714 0.4317
Pedestrian -1 -1 -1.4824 1397.4976 755.4444 1532.9727 1125.3995 1.6318 0.6014 0.6952 2.4812 2.3097 7.3336 -1.2045 0.2960
Pedestrian -1 -1 1.4967 881.4761 800.8434 905.0640 863.1076 1.7087 0.6437 0.5350 -1.9593 6.8089 43.0476 1.4580 0.2680
Cyclist -1 -1 -1.5512 829.1559 800.0309 908.4470 993.9100 1.7629 0.8061 1.7730 -0.9732 3.7567 16.1243 -1.6058 0.5830
Car -1 -1 -1.3260 24.7539 749.5031 671.8738 1216.0000 1.5610 1.7971 3.8138 -2.5952 2.3372 7.3629 -1.6258 0.9868
Car -1 -1 -1.3987 649.9564 814.6968 752.3155 899.8846 1.4856 1.7925 3.9475 -6.3535 6.4222 36.9111 -1.5577 0.9247
Car -1 -1 -1.3826 668.8029 809.3709 758.5092 882.8226 1.5326 1.8083 4.1241 -7.1938 7.1956 43.8137 -1.5345 0.5486
Car -1 -1 -0.6369 0.0000 0.0000 1936.0000 1216.0000 1.6488 1.8039 4.2645 -2.4496 1.2824 0.7424 -1.5764 0.2100
