Pedestrian -1 -1 1.3356 977.8770 809.6193 1050.4451 975.0688 1.6726 0.6615 0.6366 0.5719 3.7377 16.3403 1.3693 0.4991
Pedestrian -1 -1 -0.3047 579.4674 777.8764 683.7956 995.3032 1.6638 0.7395 0.6780 -2.7867 3.0043 12.6169 -0.5038 0.3754
Pedestrian -1 -1 -1.2921 1497.6479 702.8604 1693.3744 1148.4036 1.7553 0.6397 0.7717 2.7933 2.1237 6.5664 -0.9521 0.3719
Pedestrian -1 -1 1.5646 883.7952 795.9397 905.2775 858.2081 1.7266 0.6177 0.5422 -1.9327 6.7132 43.3144 1.5267 0.3530
Pedestrian -1 -1 -1.2031 1364.9446 748.1082 1539.6134 1116.7156 1.6395 0.6147 0.7802 2.4635 2.2967 7.4799 -0.9314 0.2412
Pedestrian -1 -1 1.9179 1313.9011 803.0267 1449.5559 1097.1151 1.5151 0.6214 0.5072 2.4061 2.5794 8.5516 2.1557 0.2155
Cyclist -1 -1 -1.5902 830.8842 798.4002 918.9500 990.2343 1.7194 0.8893 1.8071 -0.9378 3.6869 16.0254 -1.6432 0.5895
Cyclist -1 -1 -1.6981 837.9262 810.6395 872.0235 881.6188 1.6622 0.7192 1.8459 -2.9306 6.8875 41.0955 -1.7616 0.2962
Car -1 -1 -1.3295 40.6720 758.9822 685.5809 1216.0000 1.5378 1.8154 4.0538 -2.5829 2.4024 7.5735 -1.6209 0.9838
Car -1 -1 1.9753 16.5174 829.3842 193.9637 932.8239 1.4477 1.6891 4.0009 -17.7186 5.9922 31.1682 1.4831 0.7498
Car -1 -1 -1.4085 660.3624 809.9134 761.2704 894.3541 1.4914 1.8074 3.9145 -6.1295 6.3112 36.9920 -1.5616 0.7315
Car -1 -1 1.9722 278.8731 820.1779 399.9119 892.8415 1.5439 1.8134 4.2899 -18.8757 7.7813 45.5978 1.5975 0.4427
Car -1 -1 -0.7328 0.0000 0.0000 1936.0000 1216.0000 1.5491 1.7331 3.8783 -2.4477 1.4247 1.3661 -1.5271 0.1939
