Pedestrian -1 -1 -1.8129 997.5159 817.2803 1067.4449 974.7455 1.6822 0.6614 0.7053 0.8214 3.9721 17.3895 -1.7673 0.7780
Pedestrian -1 -1 1.6059 617.7711 777.9019 705.1287 986.0309 1.7260 0.7307 0.6640 -2.6642 3.1304 13.3444 1.4251 0.5373
Pedestrian -1 -1 -1.5448 1350.2274 762.3496 1469.2155 1092.2299 1.6389 0.5997 0.7186 2.4543 2.4331 8.2136 -1.2940 0.4148
Pedestrian -1 -1 1.4674 863.3721 812.5390 887.5611 879.2858 1.7397 0.6069 0.7021 -2.3883 7.0067 41.5830 1.4173 0.2712
Pedestrian -1 -1 2.0811 1294.8795 799.4581 1415.7474 1074.9235 1.5800 0.5640 0.5147 2.4872 2.7261 9.4392 2.3074 0.2334
Pedestrian -1 -1 -0.6723 1452.3981 726.7030 1645.6094 1112.2578 1.7217 0.6346 0.6094 2.8541 2.2457 7.2938 -0.3527 0.1851
Cyclist -1 -1 -1.6666 850.8487 802.8104 953.4426 999.5073 1.7081 0.9096 1.8590 -0.6520 3.6980 15.7442 -1.7038 0.5603
Cyclist -1 -1 -1.7292 862.7346 813.4557 887.9205 876.8617 1.6312 0.5903 0.7535 -2.3852 6.9128 41.4587 -1.7794 0.1033
Car -1 -1 -1.3790 197.6879 763.0013 710.7136 1212.8810 1.5431 1.7765 3.8041 -2.4747 2.4893 8.2889 -1.6383 0.9896
Car -1 -1 -1.4017 680.4356 813.8647 780.5476 898.1446 1.5222 1.8299 3.8999 -5.7754 6.5535 37.8418 -1.5425 0.9346
Car -1 -1 -1.4413 701.4590 809.3553 779.9855 878.0082 1.4589 1.7718 4.0478 -6.5406 7.2240 44.7106 -1.5763 0.6837
Car -1 -1 2.0213 66.7087 824.5641 249.5887 925.5787 1.4938 1.7792 4.2092 -17.3824 6.1304 32.6084 1.5550 0.3834
Car -1 -1 1.9123 310.2064 821.5488 413.2733 889.2406 1.4935 1.7077 3.8672 -18.4875 7.8362 46.2827 1.5496 0.3127
