Pedestrian -1 -1 -1.8390 987.7046 804.8857 1062.2085 965.6508 1.6681 0.6890 0.6416 0.7088 3.7348 16.7813 -1.7984 0.8059
Pedestrian -1 -1 -1.2473 1357.3361 749.6353 1509.7659 1107.8602 1.6864 0.5955 0.6685 2.4665 2.3732 7.7918 -0.9842 0.6065
Pedestrian -1 -1 -1.0587 590.8487 773.8611 704.9347 987.4562 1.7004 0.7177 0.6895 -2.7079 3.0353 12.9609 -1.2476 0.5892
Pedestrian -1 -1 -1.6542 853.9316 808.6752 878.3745 873.5021 1.6894 0.6289 0.6044 -2.6265 6.8022 41.2610 -1.7104 0.4923
Pedestrian -1 -1 -0.8482 1475.0078 731.5348 1685.1309 1145.4751 1.7341 0.6343 0.6485 2.8573 2.2590 6.9251 -0.5151 0.4311
Pedestrian -1 -1 1.7999 1382.2877 772.2633 1540.5922 1081.4325 1.5434 0.7320 0.6475 2.8038 2.4134 8.3667 2.0812 0.3757
Pedestrian -1 -1 -1.5628 845.2657 793.6164 923.5914 991.1737 1.7642 0.7778 1.7264 -0.7962 3.6380 15.7306 -1.6086 0.1137
Cyclist -1 -1 -1.5215 839.7252 796.9258 926.8726 982.6523 1.6779 0.8354 1.7384 -0.8087 3.6180 15.9944 -1.5673 0.5169
Car -1 -1 -1.3473 124.3610 749.8904 698.3752 1216.0000 1.5452 1.8168 3.8091 -2.5445 2.3716 7.9374 -1.6238 0.9909
Car -1 -1 2.0316 47.0805 828.9708 225.7498 927.3120 1.4175 1.6830 3.8934 -17.3411 6.0043 31.6518 1.5545 0.8645
Car -1 -1 -1.4183 668.7403 813.9833 768.4786 897.6589 1.4898 1.8460 3.8650 -5.9905 6.4527 37.3144 -1.5665 0.8632
Car -1 -1 1.9120 302.0783 809.3413 412.8758 879.6949 1.5349 1.7769 4.2680 -18.5243 7.4837 46.0783 1.5468 0.5902
Car -1 -1 -1.4729 691.4517 810.4099 768.1483 883.2729 1.5123 1.7894 4.3200 -6.8197 7.2956 44.4236 -1.6147 0.4465
