Pedestrian -1 -1 1.4752 964.7454 797.0526 1033.7471 981.1937 1.6753 0.6135 0.6322 0.3633 3.3918 14.5738 1.4985 0.6404
Pedestrian -1 -1 -1.3734 493.9360 778.4129 606.0065 1020.6404 1.7161 0.6981 0.6292 -3.1076 2.9145 11.3439 -1.6169 0.6311
Pedestrian -1 -1 1.5287 801.5237 804.4120 826.6247 871.4095 1.6910 0.6478 0.6501 -3.9458 6.5440 40.0640 1.4391 0.5420
Pedestrian -1 -1 -0.6399 1378.1418 737.6495 1618.0808 1184.0487 1.6816 0.6633 0.6811 2.2389 2.1874 6.2798 -0.3557 0.2969
Pedestrian -1 -1 -0.6758 1543.9779 715.5554 1830.9120 1216.0000 1.6768 0.6389 0.6685 2.5820 2.0261 5.3575 -0.3077 0.2744
Cyclist -1 -1 -1.7097 775.6368 801.8991 872.6213 984.7164 1.6792 0.8393 1.8386 -1.5522 3.7660 16.6415 -1.7947 0.5123
Cyclist -1 -1 1.5929 794.2906 804.9656 821.4443 874.8171 1.6679 0.6823 1.4010 -4.1130 6.5907 40.1600 1.4996 0.2140
Car -1 -1 -1.2812 0.0000 749.0462 603.2576 1216.0000 1.4808 1.7797 4.0021 -2.7871 2.1862 6.4408 -1.6383 0.9329
Car -1 -1 -1.4899 636.5367 811.2248 713.7441 887.0112 1.5131 1.7754 4.1019 -8.0649 7.0656 42.4383 -1.6660 0.7731
Car -1 -1 -1.3577 605.3467 810.2130 718.0560 897.9293 1.4963 1.8174 3.8560 -7.0841 6.1651 35.7218 -1.5411 0.6420
Car -1 -1 2.1007 0.0000 826.7274 135.7591 927.2369 1.3892 1.7053 3.8590 -18.6857 5.7483 30.3657 1.5748 0.5331
Car -1 -1 1.9651 210.2961 821.4703 332.5954 894.6641 1.5022 1.7604 4.0551 -20.0773 7.5158 43.7065 1.5535 0.4598
Car -1 -1 2.0405 63.6777 811.9443 220.5019 897.0559 1.4917 1.7100 4.0226 -20.2150 6.3841 37.0969 1.5633 0.2407
