Pedestrian -1 -1 -1.8313 968.8505 804.5010 1049.0458 976.9483 1.6347 0.6405 0.8562 0.4909 3.5775 15.6867 -1.8015 0.8075
Pedestrian -1 -1 -0.6809 1502.7811 704.0861 1748.4564 1171.7144 1.7651 0.6406 0.6748 2.7372 2.1151 6.1973 -0.3322 0.5449
Pedestrian -1 -1 1.6119 543.7916 780.4890 640.3654 1011.0082 1.7186 0.7162 0.6645 -2.9666 3.0148 12.0676 1.3917 0.4101
Pedestrian -1 -1 -1.1130 1341.4045 739.2327 1530.7488 1144.2983 1.7251 0.6113 0.7498 2.2674 2.3068 7.1253 -0.8527 0.3519
Cyclist -1 -1 -1.6073 806.0125 801.2786 909.1638 999.0714 1.8027 1.0635 1.8816 -1.1639 3.8518 16.3839 -1.6716 0.5022
Cyclist -1 -1 -1.8404 970.8722 804.0499 1051.8469 977.6497 1.6428 0.6418 0.8525 0.5151 3.5767 15.6531 -1.8091 0.1742
Car -1 -1 -1.3265 0.0000 757.0041 657.6987 1216.0000 1.5100 1.7889 3.9582 -2.6308 2.3233 7.1725 -1.6368 0.9843
Car -1 -1 -1.4435 641.1365 814.0538 742.0656 906.1932 1.5990 1.8735 4.1291 -6.5408 6.5020 36.6650 -1.6082 0.8306
Car -1 -1 -1.3710 649.9344 807.6231 743.5809 881.1062 1.5052 1.8312 4.1601 -7.5863 7.0482 43.2520 -1.5334 0.7577
Car -1 -1 2.1758 0.0000 825.7059 20.6591 966.0962 1.5073 1.8140 4.1204 -17.3467 5.0148 24.0500 1.5823 0.4882
Car -1 -1 2.0141 108.5519 816.4044 254.0798 897.6325 1.4330 1.6634 3.9199 -19.5411 6.5071 37.6515 1.5565 0.3753
