Pedestrian -1 -1 1.4028 1028.6715 746.0258 1127.8003 991.1207 1.6077 0.5945 0.5945 0.8091 2.4812 10.4577 1.4693 0.7259
Pedestrian -1 -1 -0.9079 326.8741 732.8181 494.3415 1066.2086 1.6991 0.6557 0.5663 -3.0270 2.3213 8.2442 -1.2227 0.4274
Cyclist -1 -1 -1.5232 756.4418 769.9462 837.7332 932.3256 1.7134 0.8903 1.8493 -1.9963 3.5917 18.4178 -1.6226 0.4414
Car -1 -1 1.9941 161.2497 808.8058 295.3241 884.8300 1.4850 1.7435 4.0083 -19.9898 6.7709 40.9682 1.5597 0.9472
Car -1 -1 -1.0196 0.0000 666.8073 418.4091 1216.0000 1.5264 1.8547 4.2089 -2.8723 1.6808 3.3835 -1.5972 0.9337
Car -1 -1 -1.4405 583.9200 788.9295 691.1900 882.0613 1.5045 1.7811 3.6080 -6.9841 5.2813 32.5724 -1.6390 0.7631
Car -1 -1 -1.4811 618.3761 779.1625 703.6115 858.6229 1.5496 1.7945 3.9499 -7.8089 5.8031 39.1816 -1.6664 0.7506
Car -1 -1 2.0355 17.3133 799.0397 194.7038 895.7740 1.5668 1.7320 4.1798 -19.2904 5.7663 33.9494 1.5414 0.6602
Car -1 -1 2.0823 0.0000 809.4706 51.2786 928.5526 1.4895 1.7591 4.0285 -18.5431 5.0969 27.1646 1.5112 0.6551
Car -1 -1 -1.5095 658.2731 784.4803 725.0557 853.2881 1.6267 1.7853 4.0425 -8.4658 6.8900 47.2187 -1.6762 0.4301
