Pedestrian -1 -1 -1.8416 968.5987 764.4253 1068.7620 999.6627 1.6892 0.6088 0.7105 0.4381 2.8152 11.6508 -1.8093 0.8169
Pedestrian -1 -1 -1.0418 344.5165 743.4631 510.1955 1027.7440 1.5888 0.6705 0.7241 -3.2480 2.3474 9.1408 -1.3499 0.6934
Pedestrian -1 -1 -1.5303 855.3939 791.2650 886.0739 865.4177 1.5545 0.6487 0.6199 -1.9992 5.2689 33.0743 -1.5839 0.4855
Pedestrian -1 -1 1.6630 772.5254 789.7220 800.7357 858.7666 1.6954 0.6584 0.7135 -4.5287 6.0126 38.8090 1.5558 0.3788
Pedestrian -1 -1 1.3979 848.3541 787.2287 880.2555 865.3296 1.6604 0.6233 0.6250 -2.1895 5.3624 33.7288 1.3400 0.3464
Cyclist -1 -1 -1.6079 747.3955 785.8328 829.5626 956.0284 1.7195 0.9272 1.8651 -2.0998 3.7597 17.9691 -1.7148 0.4807
Car -1 -1 -1.1312 0.0000 669.5018 454.0453 1216.0000 1.6293 1.9012 4.2971 -2.9169 1.8173 4.0872 -1.6495 0.9572
Car -1 -1 1.9711 145.5977 815.8455 277.6011 893.5568 1.5119 1.7365 4.1288 -20.7167 7.0803 41.5112 1.5282 0.7556
Car -1 -1 -1.4539 629.4936 791.3877 700.0399 854.7434 1.5126 1.7444 3.8773 -9.5033 7.0970 48.1683 -1.6375 0.7554
Car -1 -1 -1.4359 571.5104 796.6006 676.5308 888.2805 1.4961 1.7591 3.6790 -7.4681 5.5502 33.4113 -1.6427 0.7075
Car -1 -1 -1.4747 601.9308 790.3543 687.5114 867.0592 1.4828 1.8178 4.1763 -8.4957 6.1957 40.4289 -1.6698 0.6656
Car -1 -1 2.1216 0.0000 799.7766 48.1495 911.5787 1.4709 1.7477 4.0047 -19.1718 4.9839 28.0196 1.5485 0.6148
Car -1 -1 2.1025 6.0479 810.9872 189.7617 903.0111 1.4781 1.7442 4.1846 -19.9164 6.0621 34.7173 1.6045 0.3037
