Pedestrian -1 -1 -1.7033 951.1614 792.7908 1032.3025 995.1871 1.7432 0.6681 0.6735 0.2745 3.3424 13.8713 -1.6852 0.7705
Pedestrian -1 -1 -1.2833 1606.0145 723.6929 1871.3325 1216.0000 1.7168 0.6739 0.5879 2.5633 2.0714 4.9278 -0.8949 0.4396
Pedestrian -1 -1 -1.2228 1417.5033 737.8996 1648.4363 1216.0000 1.6913 0.6654 0.6596 2.1851 2.1574 5.7033 -0.9238 0.3723
Pedestrian -1 -1 -1.1361 902.0481 810.2592 935.8796 885.2142 1.6658 0.6119 0.5882 -1.0046 6.1230 35.5672 -1.1584 0.2261
Pedestrian -1 -1 -2.0220 441.8270 797.2979 581.0081 1030.9684 1.4867 0.7078 0.7734 -3.2551 2.7935 10.8119 -2.2877 0.2254
Pedestrian -1 -1 1.6048 786.0680 804.2721 812.9392 875.6547 1.7458 0.6673 1.0324 -4.3014 6.5851 39.8089 1.5062 0.2153
Cyclist -1 -1 -1.5283 773.3559 801.1431 855.7994 980.5300 1.7069 0.8394 1.8834 -1.6485 3.8325 17.0755 -1.6162 0.5643
Cyclist -1 -1 1.5533 787.2084 805.4738 814.5123 875.0334 1.6486 0.7132 1.3904 -4.2936 6.5638 39.9742 1.4552 0.2656
Car -1 -1 -1.3018 0.0000 736.8438 558.5645 1216.0000 1.4834 1.7900 3.7790 -2.7828 2.0703 5.8598 -1.6861 0.9471
Car -1 -1 -1.3794 592.2634 815.7754 700.9521 904.4745 1.4995 1.7764 3.7070 -7.3219 6.2186 35.1180 -1.5720 0.8572
Car -1 -1 2.1080 41.5300 815.9045 233.1602 906.7820 1.4677 1.8965 4.7124 -20.0626 6.4604 36.6817 1.6295 0.3444
Car -1 -1 2.1551 0.0000 810.9882 94.7821 917.1068 1.4638 1.7515 3.9862 -19.3140 5.4166 29.7431 1.6052 0.3247
