Pedestrian -1 -1 -1.1363 351.4316 736.6574 512.0848 1050.4479 1.7128 0.6781 0.6257 -3.0907 2.3946 8.7693 -1.4408 0.5779
Pedestrian -1 -1 1.4947 786.5763 785.2883 815.8709 857.4866 1.7432 0.6996 0.7681 -4.1232 5.9192 38.4971 1.3966 0.4749
Pedestrian -1 -1 1.4181 1006.6012 747.1729 1109.8802 989.3550 1.6623 0.6595 0.6587 0.7022 2.5901 10.9876 1.4733 0.3941
Pedestrian -1 -1 1.1982 1540.8689 749.7435 1814.2040 1216.0000 1.6108 0.5792 0.5501 2.1988 2.0218 4.6421 1.5490 0.2651
Pedestrian -1 -1 1.1205 1655.3380 641.8931 1936.0000 1216.0000 1.6290 0.6735 0.6610 2.1132 1.6725 3.4843 1.5344 0.2625
Cyclist -1 -1 -1.4572 750.5401 777.2585 853.2251 942.2567 1.7176 1.0205 1.9692 -1.9272 3.6930 18.3958 -1.5531 0.5089
Cyclist -1 -1 1.5479 786.5331 785.2375 814.8087 858.4036 1.7411 0.7095 1.0064 -4.1397 5.9280 38.5077 1.4494 0.1099
Car -1 -1 -1.0391 0.0000 691.8826 437.4774 1216.0000 1.4701 1.7892 4.1406 -2.8589 1.7263 3.6334 -1.5897 0.9322
Car -1 -1 2.0027 159.7741 805.4091 295.8301 880.0585 1.4516 1.7307 4.1145 -20.0649 6.6614 41.1013 1.5679 0.9257
Car -1 -1 2.0778 14.6879 808.9212 192.5803 902.0722 1.5013 1.6953 4.0896 -19.5360 5.9720 34.2760 1.5826 0.6761
Car -1 -1 -1.4334 581.5202 791.7734 688.2896 883.3070 1.4784 1.7609 3.7148 -7.1388 5.3765 33.0234 -1.6335 0.6008
Car -1 -1 -1.4302 644.3331 789.0244 719.2997 851.9285 1.4864 1.7757 3.8685 -8.8339 6.9188 47.5363 -1.6031 0.3962
Car -1 -1 2.1125 0.0000 797.9968 61.0875 911.9044 1.4810 1.7325 4.1339 -18.8521 4.9499 27.8805 1.5449 0.3205
Car -1 -1 -1.4507 607.6125 788.3138 696.1879 864.2777 1.4485 1.7746 4.1806 -8.1915 6.0437 39.9042 -1.6415 0.2722
