Pedestrian -1 -1 -1.8297 941.1926 794.0490 1033.6151 1005.2041 1.6923 0.6551 0.6679 0.2202 3.2122 13.0344 -1.8148 0.7673
Pedestrian -1 -1 1.4612 773.4763 803.0151 802.4617 872.0655 1.7023 0.6932 0.6824 -4.5659 6.4410 39.3781 1.3549 0.6278
Pedestrian -1 -1 -1.6683 1678.6357 659.8552 1936.0000 1216.0000 1.7630 0.6713 0.6203 2.5195 1.8750 4.3903 -1.2528 0.5399
Pedestrian -1 -1 -0.7952 396.8535 742.0753 554.6959 1018.8062 1.7158 0.7433 0.7013 -3.2937 2.5505 10.1673 -1.0795 0.5217
Pedestrian -1 -1 1.8623 991.3742 776.6710 1064.4336 938.6283 1.6921 0.6623 0.6519 0.7544 3.4416 16.8219 1.9051 0.4078
Pedestrian -1 -1 -1.6401 1478.0183 726.8964 1717.8649 1216.0000 1.6698 0.6691 0.7251 2.1891 2.0557 5.2238 -1.3198 0.2746
Cyclist -1 -1 -1.5458 753.6195 797.8416 835.6811 968.0460 1.6523 0.8817 1.7915 -1.9050 3.7631 17.3262 -1.6462 0.6001
Cyclist -1 -1 1.4237 767.5957 807.9307 795.7106 876.4266 1.6739 0.6368 0.7620 -4.7348 6.5511 39.3987 1.3135 0.1364
Car -1 -1 -1.2500 0.0000 711.3572 491.0167 1216.0000 1.5500 1.7987 3.7609 -2.8877 1.9583 5.0881 -1.6913 0.9818
Car -1 -1 1.9645 164.8608 822.8714 293.6250 900.0031 1.5225 1.7593 4.1427 -20.6778 7.4179 42.4280 1.5309 0.8632
Car -1 -1 -1.3917 579.5471 814.8514 691.1877 907.0275 1.5162 1.8112 3.7910 -7.4253 6.1288 34.3998 -1.5911 0.7789
Car -1 -1 2.0413 21.1370 807.0134 184.6935 894.9229 1.4764 1.6706 3.9887 -20.2545 6.0426 35.4804 1.5449 0.6240
Car -1 -1 -1.5165 612.6502 802.7241 690.9941 883.8759 1.5862 1.8365 4.3239 -8.5136 6.7822 41.4302 -1.7070 0.5006
Car -1 -1 2.1267 0.0000 801.6558 77.8133 910.2873 1.5263 1.7586 3.9685 -19.4527 5.2431 29.4599 1.5692 0.4925
Car -1 -1 1.7414 631.0959 796.1060 709.4512 860.5416 1.5373 1.7846 4.2398 -9.5018 7.4042 49.1169 1.5615 0.2857
