Pedestrian -1 -1 1.2521 938.3538 796.2103 1032.2822 1000.9114 1.6877 0.6597 0.7009 0.2095 3.2825 13.4881 1.2661 0.8166
Pedestrian -1 -1 -0.6247 419.6239 758.4343 568.1953 1030.3416 1.7164 0.7436 0.6911 -3.2592 2.6930 10.4349 -0.8995 0.3358
Pedestrian -1 -1 -1.3291 1501.9435 728.5442 1706.0337 1197.8889 1.6572 0.6433 0.6229 2.5457 2.0970 5.9098 -0.9917 0.3330
Pedestrian -1 -1 1.9746 1337.2379 779.9056 1519.8193 1186.8293 1.5943 0.6224 0.5215 2.0500 2.3152 6.5577 2.2263 0.3063
Pedestrian -1 -1 -1.6137 1656.0605 695.1587 1921.4646 1216.0000 1.7425 0.6415 0.6747 2.5734 1.9844 4.7195 -1.2114 0.3026
Pedestrian -1 -1 -1.7928 755.4761 805.2772 850.1193 982.7336 1.7131 0.7732 1.4475 -1.8076 3.8477 16.8888 -1.8903 0.1095
Cyclist -1 -1 -1.6324 758.9472 802.9103 843.7258 971.1546 1.6151 0.8812 1.7742 -1.8734 3.7875 17.3039 -1.7312 0.4816
Car -1 -1 -1.2499 0.0000 724.6569 531.2996 1216.0000 1.5254 1.7914 3.8654 -2.8727 2.0268 5.5080 -1.6641 0.9645
Car -1 -1 1.9672 181.1578 820.3382 309.4046 895.7383 1.5020 1.7748 4.1700 -20.4187 7.3760 42.8368 1.5418 0.7930
Car -1 -1 -1.4647 612.1258 805.5609 695.2833 882.0446 1.4914 1.7769 4.2423 -8.5121 6.7914 41.6838 -1.6540 0.6661
Car -1 -1 2.1031 0.0000 816.1862 84.3640 921.6007 1.4451 1.7941 3.7688 -19.1587 5.4371 29.3065 1.5506 0.6546
Car -1 -1 -1.3833 580.3531 815.5447 695.0341 907.0797 1.4942 1.8400 3.9806 -7.4403 6.1780 34.7410 -1.5811 0.6151
Car -1 -1 2.0434 38.6516 815.1737 214.6967 906.1693 1.4981 1.8192 4.4429 -20.0632 6.3862 36.1854 1.5595 0.2884
