Pedestrian -1 -1 1.3402 1058.7633 738.3787 1179.5858 1012.8395 1.6528 0.6242 0.7277 1.0161 2.4230 9.7443 1.4294 0.7253
Pedestrian -1 -1 1.5251 816.1229 770.4731 845.1824 840.7725 1.6892 0.7081 0.6766 -3.3120 5.4143 37.8868 1.4455 0.6467
Pedestrian -1 -1 1.9248 232.3809 780.8842 393.4220 1062.1797 1.4676 0.6467 0.6192 -3.6523 2.3830 8.4629 1.5597 0.3522
Pedestrian -1 -1 -1.2070 334.2371 736.3807 501.2804 1048.5906 1.5764 0.6513 0.6519 -2.9407 2.2087 8.1385 -1.5174 0.3418
Cyclist -1 -1 -1.5106 780.0717 765.3817 860.8185 925.2377 1.7152 0.8759 1.8754 -1.7317 3.5573 18.6611 -1.5956 0.4798
Car -1 -1 -1.4640 605.4216 777.2037 714.4061 876.3495 1.6074 1.8556 3.6362 -6.3639 5.0504 31.9211 -1.6488 0.9562
Car -1 -1 -0.9397 0.0000 657.9723 407.2882 1216.0000 1.4986 1.8491 4.2254 -2.7643 1.6078 2.8179 -1.5633 0.9396
Car -1 -1 -1.4377 662.7194 777.3060 736.9016 841.4991 1.5331 1.7580 3.7019 -8.0828 6.4630 46.4970 -1.5996 0.9156
Car -1 -1 1.9611 168.8551 788.2024 299.6817 863.2715 1.4855 1.7131 4.0878 -19.7002 6.1581 40.7109 1.5291 0.8183
Car -1 -1 -1.4434 631.9480 777.3823 725.6525 855.6082 1.4752 1.8153 4.3953 -7.3271 5.6965 39.1621 -1.6174 0.7823
Car -1 -1 2.0139 45.5170 787.2487 216.7873 881.2700 1.5410 1.7090 4.1393 -18.6803 5.4461 33.8694 1.5317 0.6932
Car -1 -1 1.9214 268.6485 786.7866 376.8738 852.6072 1.5351 1.7619 4.2249 -20.2282 6.9154 47.5583 1.5357 0.5452
