Pedestrian -1 -1 1.3293 1086.0924 728.0729 1210.4886 1012.6192 1.6586 0.6186 0.6835 1.1599 2.3316 9.3734 1.4348 0.8206
Pedestrian -1 -1 1.6069 820.2028 765.3663 848.9706 835.2195 1.6830 0.6955 0.6410 -3.1913 5.2565 37.7101 1.5299 0.6010
Pedestrian -1 -1 -0.9038 286.5075 730.5415 476.4740 1081.0613 1.5983 0.6089 0.6494 -2.8839 2.1549 7.4722 -1.2311 0.3907
Cyclist -1 -1 -1.6636 788.5413 761.7170 863.8334 920.1239 1.7159 0.7891 1.8680 -1.7283 3.5351 18.8958 -1.7474 0.4702
Car -1 -1 -1.4142 597.8331 772.0426 710.8047 870.3792 1.6067 1.7623 3.5887 -6.4392 4.9057 31.7068 -1.6025 0.9647
Car -1 -1 -0.9211 0.0000 652.8569 378.1676 1216.0000 1.5103 1.8110 3.8857 -2.7236 1.5966 2.6638 -1.5569 0.9452
Car -1 -1 -1.4547 643.7025 771.1854 735.2134 852.0266 1.5745 1.8263 4.1211 -6.9965 5.5805 38.8478 -1.6222 0.9257
Car -1 -1 1.9403 173.9171 784.4993 310.1215 863.1402 1.5308 1.7858 4.3866 -19.3525 6.0870 40.4498 1.5127 0.9076
Car -1 -1 2.0213 45.0633 783.2974 217.9737 874.2718 1.4842 1.7151 4.1329 -18.6202 5.2836 33.7773 1.5391 0.7939
Car -1 -1 -1.4324 665.8890 777.9362 740.5046 841.6448 1.5311 1.7697 3.5478 -7.9529 6.4571 46.3435 -1.5921 0.6851
Car -1 -1 1.9424 269.1013 796.6507 376.3880 862.4854 1.5257 1.7236 3.9855 -20.0469 7.1676 47.1195 1.5571 0.6638
Car -1 -1 2.1351 0.0000 774.3509 80.9577 882.0295 1.4001 1.6808 3.9956 -17.9183 4.2988 27.0028 1.5752 0.3709
