Pedestrian -1 -1 1.2747 1286.1989 695.7771 1459.4685 1067.8197 1.5907 0.5930 0.6146 1.8680 1.9308 6.8474 1.4969 0.8747
Pedestrian -1 -1 1.5676 866.6104 767.6030 893.8175 838.4578 1.6470 0.6559 0.6265 -1.9729 5.1538 36.4193 1.5199 0.5284
Pedestrian -1 -1 -0.8751 140.7521 663.4467 407.5908 1167.6012 1.7507 0.6537 0.6460 -2.5854 1.9074 5.6663 -1.2458 0.3507
Pedestrian -1 -1 -1.6940 966.5760 763.1551 1001.4162 851.1273 1.5724 0.5877 0.5847 0.4234 4.1967 28.0631 -1.6761 0.2835
Cyclist -1 -1 -1.5152 821.8689 751.1281 892.4717 906.5180 1.7576 0.7970 1.8911 -1.3283 3.4755 19.4037 -1.5776 0.4488
Car -1 -1 -1.4147 633.9058 769.6002 753.8002 872.7491 1.5938 1.7844 3.5839 -5.2837 4.6659 29.9510 -1.5782 0.9619
Car -1 -1 -1.4525 677.6503 767.0685 771.8078 850.4860 1.5665 1.7988 4.0361 -5.8015 5.2862 37.0847 -1.5978 0.9295
Car -1 -1 1.9360 203.3939 786.8362 345.0554 869.9506 1.5577 1.8082 4.5438 -17.9633 6.0676 39.3382 1.5262 0.8887
Car -1 -1 -1.4689 705.8610 772.2929 778.6696 838.2183 1.5314 1.7625 3.5747 -6.4979 6.1133 44.6723 -1.6039 0.7961
Car -1 -1 2.1062 0.0000 772.9821 96.3512 891.9799 1.4655 1.7336 4.1232 -16.8737 4.2130 25.6675 1.5514 0.6311
Car -1 -1 1.9824 69.2854 776.7651 246.4210 875.0148 1.5558 1.7521 4.3180 -17.4393 5.1010 32.7044 1.5140 0.6073
