Pedestrian -1 -1 1.2820 1321.5951 693.9542 1518.7614 1102.7054 1.6190 0.6127 0.6826 1.9417 1.9308 6.3979 1.5259 0.5349
Pedestrian -1 -1 -0.5488 156.4292 655.8795 456.0347 1163.0782 1.7158 0.6333 0.8364 -2.4604 1.8437 5.6476 -0.9050 0.4166
Pedestrian -1 -1 -1.5808 870.6959 765.1993 898.0825 839.8107 1.7195 0.6565 0.7156 -1.8649 5.1558 36.2517 -1.6259 0.3516
Pedestrian -1 -1 1.4537 966.4899 753.4341 1001.4459 842.7023 1.6229 0.6046 0.5439 0.4275 4.0859 28.3546 1.4716 0.3249
Cyclist -1 -1 -1.5878 823.3563 753.6544 896.3251 903.9669 1.7108 0.9119 1.8874 -1.3444 3.4886 19.6716 -1.6501 0.4903
Car -1 -1 -1.4326 647.5852 764.9829 763.5020 868.8947 1.6002 1.7501 3.5964 -5.0143 4.5555 29.7342 -1.5890 0.9685
Car -1 -1 -1.4573 683.4362 763.2457 779.6356 849.0223 1.6143 1.8503 4.1052 -5.6052 5.2222 36.9222 -1.5983 0.9282
Car -1 -1 -1.4522 711.7623 776.8922 786.0925 844.7755 1.5524 1.7226 3.6482 -6.2373 6.2361 44.2478 -1.5829 0.8660
Car -1 -1 1.9257 206.6135 779.8774 338.4422 860.0735 1.5302 1.7047 4.1687 -17.8182 5.7814 38.8923 1.5145 0.7966
Car -1 -1 1.9623 73.7234 771.9926 251.6613 870.7872 1.5613 1.7824 4.4804 -17.3699 5.0123 32.7842 1.4963 0.7637
Car -1 -1 2.0810 0.0000 756.8376 86.0733 874.4255 1.4370 1.7073 4.0911 -16.6264 3.8302 25.0403 1.5214 0.2490
