Pedestrian -1 -1 1.3746 1111.5044 721.3062 1240.1857 1016.2792 1.6318 0.6243 0.6728 1.2588 2.2266 8.8669 1.4948 0.7095
Pedestrian -1 -1 1.6071 830.0392 767.1905 857.9258 839.5395 1.7253 0.6662 0.7267 -2.9384 5.3300 37.5101 1.5362 0.5342
Pedestrian -1 -1 0.0312 287.6420 731.0349 436.7328 1077.6854 1.5182 0.5992 0.6187 -2.8494 2.0533 7.1600 -0.3046 0.4496
Cyclist -1 -1 -1.6875 790.2355 760.6181 882.1134 916.1328 1.6846 0.9597 1.8862 -1.6145 3.5009 18.9947 -1.7654 0.5007
Car -1 -1 -1.4398 645.3399 768.8772 739.4387 849.6911 1.5632 1.8126 4.1426 -6.8590 5.4738 38.5161 -1.6055 0.9694
Car -1 -1 -1.4323 611.9929 769.8093 723.6177 869.5525 1.6172 1.7750 3.6231 -6.1048 4.8448 31.4606 -1.6122 0.9316
Car -1 -1 -0.8725 0.0000 631.6892 318.7352 1216.0000 1.5430 1.7890 3.6921 -2.7361 1.5622 2.3695 -1.5498 0.9292
Car -1 -1 -1.4375 675.3368 773.6366 752.1273 841.5338 1.6164 1.7975 3.9168 -7.6022 6.4113 46.2338 -1.5905 0.9233
Car -1 -1 1.9483 183.3407 779.3914 315.3180 856.4500 1.5286 1.7408 4.1236 -19.0391 5.8973 40.1872 1.5243 0.8921
Car -1 -1 1.9530 286.1530 782.8131 392.2578 843.8431 1.4341 1.7090 3.9067 -19.5769 6.6281 47.2296 1.5761 0.6861
Car -1 -1 2.0179 58.0067 776.5676 228.6444 865.6843 1.4664 1.7060 4.0877 -18.3222 5.0955 33.7146 1.5413 0.6494
Car -1 -1 2.1268 0.0000 772.8663 75.3143 881.9479 1.4123 1.6616 3.9933 -17.8781 4.2616 26.7946 1.5645 0.5084
