Pedestrian -1 -1 1.3929 1413.5945 681.8408 1649.0488 1161.1062 1.6338 0.6639 0.7268 2.1002 1.8620 5.5920 1.6857 0.8970
Pedestrian -1 -1 -0.6692 0.0000 647.8935 356.0620 1216.0000 1.6650 0.6193 0.7842 -2.4482 1.7452 4.7181 -1.0757 0.4914
Pedestrian -1 -1 1.4684 879.5320 765.5159 910.6059 841.2957 1.6972 0.6605 0.8833 -1.5876 5.1063 35.7716 1.4300 0.3626
Cyclist -1 -1 -1.5286 828.3278 757.0059 898.2248 908.9597 1.7456 0.8308 1.8623 -1.2722 3.5731 19.7486 -1.5872 0.4546
Cyclist -1 -1 1.4684 879.5320 765.5159 910.6059 841.2957 1.6972 0.6605 0.8833 -1.5876 5.1063 35.7716 1.4300 0.1526
Car -1 -1 -1.4643 688.5538 767.6193 784.1550 854.2003 1.5680 1.8076 4.1843 -5.3752 5.2241 36.1896 -1.6020 0.9669
Car -1 -1 -1.4254 644.3442 768.9241 764.8123 875.0826 1.5860 1.7602 3.6241 -4.9228 4.5647 29.1071 -1.5820 0.9618
Car -1 -1 -1.4632 719.4836 774.1725 793.8129 840.7681 1.5062 1.7443 3.5553 -5.9287 6.0428 43.6552 -1.5891 0.9144
Car -1 -1 1.9688 209.2692 819.5523 352.3519 900.9914 1.4380 1.8154 4.1366 -17.3726 6.7061 38.3984 1.5636 0.8362
Car -1 -1 1.9651 52.4246 775.9926 228.2555 872.4404 1.4698 1.7058 4.2126 -17.3056 4.8977 31.7575 1.4881 0.8182
Car -1 -1 2.1387 0.0000 765.9117 79.6549 884.9470 1.4326 1.6793 3.9921 -16.6036 3.9534 24.7340 1.5747 0.6965
Car -1 -1 1.9100 316.9040 777.0710 423.3711 842.3279 1.4915 1.7070 4.1504 -18.1198 6.3881 46.0284 1.5506 0.5243
