Pedestrian -1 -1 1.4667 903.9626 762.3277 938.5408 843.8859 1.7165 0.6875 0.9792 -0.9093 4.8699 33.7850 1.4450 0.4017
Pedestrian -1 -1 1.5878 1391.3173 695.3193 1527.8667 1029.8397 1.7187 0.6900 0.6801 2.7479 2.1290 8.2883 1.8662 0.2451
Cyclist -1 -1 -1.4124 828.6486 759.6398 915.7214 901.9056 1.6879 0.9028 1.8434 -1.1979 3.6248 20.5332 -1.4652 0.4294
Cyclist -1 -1 -1.6922 901.2025 760.7229 945.0792 845.4951 1.7179 0.8058 1.7295 -0.8823 4.9020 34.1443 -1.7129 0.3248
Car -1 -1 -1.4586 693.4774 762.2457 798.6834 856.8213 1.5968 1.8286 4.1467 -4.7343 4.8575 33.4121 -1.5899 0.9747
Car -1 -1 -1.4225 643.3701 765.6971 775.9423 881.2611 1.5599 1.7486 3.5909 -4.3570 4.2120 26.3698 -1.5754 0.9696
Car -1 -1 1.9387 181.6177 768.2706 335.2469 856.7518 1.5552 1.7717 4.4992 -16.8024 5.2265 36.0018 1.5209 0.9411
Car -1 -1 -1.4933 734.8907 774.9252 811.8293 848.9772 1.5444 1.7657 3.8242 -5.1030 5.8536 41.0093 -1.6082 0.9348
Car -1 -1 2.0346 0.0000 759.3819 196.2873 863.2465 1.4751 1.6888 4.1456 -16.5685 4.2525 28.7826 1.5353 0.5646
Car -1 -1 2.1942 0.0000 764.0938 26.4376 900.1185 1.4477 1.7175 4.1059 -16.0848 3.7110 22.2397 1.5980 0.5216
Car -1 -1 -1.4629 754.9961 778.2079 828.6893 844.0386 1.5542 1.8331 4.2554 -5.3143 6.6288 47.3683 -1.5661 0.2881
