Pedestrian -1 -1 1.2007 1554.6989 673.5333 1902.0416 1216.0000 1.6018 0.6301 0.7149 2.1635 1.7533 4.2984 1.5668 0.7980
Pedestrian -1 -1 1.5587 888.6741 776.2872 916.3245 853.5457 1.7328 0.6423 0.5878 -1.3795 5.3131 35.0579 1.5253 0.5839
Cyclist -1 -1 -1.5879 827.7265 763.5546 894.3495 909.4739 1.7041 0.8547 1.7582 -1.3570 3.6525 20.1039 -1.6493 0.5608
Car -1 -1 -1.4704 726.6226 779.0157 802.1211 850.3915 1.5616 1.7391 3.8008 -5.6024 6.1823 42.9179 -1.5911 0.9610
Car -1 -1 -1.4329 645.7950 774.3974 766.3307 882.7698 1.5604 1.7302 3.4485 -4.7204 4.5406 28.0710 -1.5885 0.9573
Car -1 -1 -1.4450 690.7090 770.9880 791.4307 858.9272 1.5621 1.8179 3.9994 -5.1219 5.2012 35.2436 -1.5796 0.9404
Car -1 -1 1.9755 197.4370 785.9470 348.3647 871.3469 1.5330 1.7387 4.5208 -17.2170 5.8317 37.6518 1.5655 0.8622
Car -1 -1 2.0196 23.6885 797.1472 220.7271 903.6755 1.5218 1.7389 4.2968 -17.0160 5.2953 30.5835 1.5354 0.5641
Car -1 -1 -1.4644 747.3753 779.2414 815.7816 840.0668 1.5121 1.7895 3.9662 -5.8717 6.7996 49.2442 -1.5744 0.3373
Car -1 -1 2.0790 0.0000 776.3879 42.6040 904.9180 1.4519 1.7443 3.9707 -16.5730 4.0650 23.7524 1.4987 0.2621
Car -1 -1 1.8441 303.7762 779.3234 414.3952 852.0680 1.5967 1.8681 4.5791 -18.1268 6.5119 45.2332 1.4791 0.2361
