Pedestrian -1 -1 -1.6985 900.0677 761.4439 930.1757 838.1895 1.6726 0.6114 0.6931 -1.0635 4.8460 34.3657 -1.7241 0.2970
Cyclist -1 -1 -1.5356 839.1334 751.4138 902.3651 895.6125 1.7074 0.7795 1.8505 -1.2076 3.5017 20.2762 -1.5897 0.4027
Cyclist -1 -1 -1.6688 900.6349 761.0614 930.8646 837.9171 1.6649 0.6235 0.7907 -1.0493 4.8320 34.3528 -1.6940 0.1006
Car -1 -1 -1.4377 693.4578 764.9609 797.4686 854.8251 1.5466 1.7810 4.0598 -4.8505 4.9307 34.1006 -1.5695 0.9778
Car -1 -1 -1.4285 643.2286 762.8030 773.2393 877.0499 1.5776 1.7602 3.7594 -4.5036 4.2511 27.1021 -1.5823 0.9708
Car -1 -1 1.9764 194.3980 771.4537 346.2790 856.6194 1.5362 1.7301 4.3717 -16.8485 5.3484 36.7080 1.5647 0.9569
Car -1 -1 -1.4743 727.6667 774.0307 803.7540 845.6927 1.5291 1.7141 3.7574 -5.4060 5.8778 41.7090 -1.5942 0.8346
Car -1 -1 -1.4413 755.2306 775.2584 827.6588 836.2607 1.4515 1.7526 4.0908 -5.3841 6.4697 47.8427 -1.5449 0.7358
Car -1 -1 2.0177 37.4359 755.5877 244.6946 859.7274 1.5414 1.7860 4.5865 -16.4423 4.3895 30.2718 1.5419 0.6506
Car -1 -1 2.1881 0.0000 725.8434 48.5958 856.2888 1.5401 1.8400 4.2180 -16.3456 3.2432 23.0950 1.5997 0.3355
