Pedestrian -1 -1 1.3003 1356.6907 689.9406 1595.7382 1148.0857 1.6925 0.6862 0.8112 2.0495 1.9731 6.0461 1.5692 0.6246
Pedestrian -1 -1 -0.1347 187.1170 697.1459 412.6718 1185.1271 1.6345 0.5975 0.7238 -2.4714 1.9247 5.5726 -0.4954 0.2933
Pedestrian -1 -1 1.5882 877.0160 760.4198 908.5706 839.1398 1.7067 0.7222 1.6283 -1.6432 5.0503 36.0742 1.5486 0.1240
Cyclist -1 -1 -1.5762 825.7336 752.9604 891.9389 901.2708 1.7012 0.8318 1.8614 -1.3526 3.4755 19.7627 -1.6387 0.4753
Cyclist -1 -1 1.5882 877.0160 760.4198 908.5706 839.1398 1.7067 0.7222 1.6283 -1.6432 5.0503 36.0742 1.5486 0.3276
Car -1 -1 -1.4441 682.1422 767.0994 778.6749 850.6234 1.5412 1.7921 3.9899 -5.5607 5.1973 36.4405 -1.5858 0.9599
Car -1 -1 -1.4251 641.7437 767.5668 760.1104 871.0018 1.5757 1.7605 3.5591 -5.0673 4.5624 29.5147 -1.5842 0.9581
Car -1 -1 1.9618 209.0159 789.3108 347.6448 869.0148 1.4751 1.6947 4.2727 -17.5724 5.9659 38.6972 1.5542 0.7934
Car -1 -1 2.1159 0.0000 764.5329 95.4101 881.0649 1.4385 1.6730 4.0249 -16.6485 3.9917 25.3237 1.5608 0.7675
Car -1 -1 1.9828 79.9753 773.1488 264.3926 871.7557 1.5378 1.7877 4.6072 -17.1188 5.0137 32.7172 1.5219 0.6580
Car -1 -1 -1.4603 715.6382 777.2985 788.3740 844.2037 1.5302 1.7110 3.5103 -6.1196 6.1988 44.0402 -1.5891 0.6473
