Pedestrian -1 -1 1.3420 893.2084 766.4294 927.4077 841.1643 1.6393 0.6576 0.6976 -1.1895 4.9743 34.8179 1.3134 0.6002
Pedestrian -1 -1 1.1400 1618.2174 649.7268 1936.0000 1216.0000 1.6046 0.6362 0.7952 2.2181 1.6763 3.9105 1.5408 0.5860
Pedestrian -1 -1 -1.8131 1240.2650 714.8611 1369.8827 982.2740 1.6655 0.7062 0.5522 2.2420 2.2727 9.8014 -1.6147 0.4917
Cyclist -1 -1 -1.5716 832.3873 753.0881 902.2639 900.9903 1.7341 0.8996 1.9473 -1.2673 3.5565 20.2618 -1.6285 0.4850
Cyclist -1 -1 1.3690 892.3970 766.3463 926.8117 841.3534 1.6395 0.6647 0.7635 -1.2066 4.9757 34.8239 1.3399 0.1227
Car -1 -1 -1.4556 726.4255 774.9488 804.1962 846.4669 1.5686 1.7393 3.7014 -5.5129 6.0131 42.4395 -1.5758 0.9817
Car -1 -1 1.9730 202.4572 780.7399 346.0320 861.8007 1.4754 1.6876 4.2092 -17.1017 5.5976 37.4462 1.5632 0.9700
Car -1 -1 -1.4657 694.1248 766.9125 793.2239 856.4292 1.5543 1.8078 4.2120 -5.0011 5.0667 34.8558 -1.5987 0.9223
Car -1 -1 -1.4044 643.1843 762.2310 781.5984 878.9317 1.6660 1.8825 3.8803 -4.5546 4.4079 27.9031 -1.5555 0.7722
Car -1 -1 1.8564 309.1727 796.8920 418.2821 867.4868 1.4834 1.8147 4.2141 -17.5690 6.8128 44.1679 1.4945 0.5839
Car -1 -1 1.9814 27.5052 764.6638 222.3911 867.3737 1.5207 1.7859 4.3825 -16.9204 4.5833 30.5183 1.4974 0.5614
Car -1 -1 -1.4651 750.5015 781.5618 820.5760 845.2758 1.5750 1.8202 3.8605 -5.6421 6.8476 48.3987 -1.5724 0.3005
