Pedestrian -1 -1 1.2303 1507.0441 676.2911 1812.4044 1216.0000 1.6014 0.6384 0.6747 2.1449 1.7734 4.6664 1.5726 0.8685
Pedestrian -1 -1 1.5503 889.0023 779.5986 917.1038 854.5381 1.6864 0.6540 0.6080 -1.3770 5.3714 35.3007 1.5172 0.6295
Pedestrian -1 -1 1.4307 989.7003 771.7266 1025.8658 865.1682 1.5831 0.5786 0.4819 0.8203 4.2074 26.4574 1.4636 0.3666
Cyclist -1 -1 -1.6351 824.1084 769.4738 900.0945 915.2698 1.6840 0.9145 1.8071 -1.3555 3.7212 20.1186 -1.6963 0.5101
Car -1 -1 -1.4361 645.0778 781.2150 768.2129 891.8937 1.5890 1.7942 3.5436 -4.7474 4.7358 28.3148 -1.5911 0.9639
Car -1 -1 -1.4701 691.9505 774.6477 790.1282 866.2780 1.6195 1.8498 4.2837 -5.1864 5.4121 35.7020 -1.6045 0.8485
Car -1 -1 1.9166 298.6725 794.0443 409.6065 864.0336 1.5532 1.8013 3.8931 -18.0559 6.8262 44.6541 1.5491 0.8238
Car -1 -1 2.0986 0.0000 778.1948 65.1925 903.1207 1.4372 1.6837 3.9318 -16.4043 4.1136 24.1097 1.5295 0.8214
Car -1 -1 1.9414 204.6376 805.7666 343.3029 890.6096 1.5236 1.7383 4.1778 -17.3749 6.3784 38.0192 1.5322 0.6845
Car -1 -1 -1.4944 726.9904 782.6116 798.9983 853.5636 1.5502 1.7353 3.6746 -5.6403 6.2702 42.8814 -1.6160 0.6674
Car -1 -1 -1.4311 744.7629 782.2692 818.4903 842.0718 1.4433 1.8132 4.1758 -5.8754 6.8573 49.3330 -1.5409 0.4164
Car -1 -1 1.9635 35.7245 790.6411 221.8814 892.4875 1.4471 1.7203 4.3904 -17.0469 5.1200 30.8765 1.4820 0.4127
