Pedestrian -1 -1 1.5720 981.1339 774.9150 1004.1026 833.5791 1.6779 0.6803 0.5766 0.9362 6.1810 44.5916 1.5975 0.4784
Pedestrian -1 -1 -1.6242 944.4904 768.9942 984.7215 864.0976 1.7915 0.7675 1.5142 0.0598 4.8814 31.2927 -1.6183 0.1200
Cyclist -1 -1 -1.4982 867.2823 761.6942 942.1118 901.7108 1.7170 0.9145 1.8937 -0.7784 3.7434 21.1878 -1.5305 0.4687
Cyclist -1 -1 -1.5884 942.8106 773.6213 984.4954 864.0836 1.6785 0.8562 1.7895 0.0379 4.9113 31.6068 -1.5831 0.3006
Car -1 -1 -1.4294 647.7166 765.2727 798.0534 901.5685 1.6000 1.7521 3.5906 -3.5848 3.9328 23.0548 -1.5729 0.9739
Car -1 -1 1.9573 163.2065 768.6159 328.2610 861.0920 1.4914 1.7300 4.2752 -15.6819 4.8736 33.0251 1.5337 0.9728
Car -1 -1 -1.4889 763.3760 772.9240 847.2020 854.1901 1.5709 1.7656 3.7793 -3.8824 5.4940 37.7327 -1.5832 0.9438
Car -1 -1 -1.4701 712.4760 775.2983 820.8329 875.0920 1.4860 1.7386 3.8319 -3.8366 4.6991 30.0182 -1.5880 0.9386
Car -1 -1 1.9597 286.5817 774.3138 421.2739 853.3542 1.5546 1.7492 4.3440 -16.1022 5.7588 39.8873 1.5928 0.8635
Car -1 -1 -1.4474 788.2145 779.8347 863.7999 841.9391 1.3648 1.7504 3.7151 -3.9519 6.1402 44.1998 -1.5288 0.4771
Car -1 -1 2.0562 0.0000 779.9731 222.3708 894.8961 1.4759 1.7748 4.3062 -15.3750 4.5187 27.1853 1.5660 0.3952
