Pedestrian -1 -1 1.5737 956.8420 784.5226 977.5604 843.2444 1.7560 0.6406 0.5690 0.1866 6.7585 46.5771 1.5830 0.6308
Pedestrian -1 -1 -1.6231 928.4655 780.3033 959.3840 865.8199 1.7570 0.6378 0.6847 -0.3791 5.1611 32.3967 -1.6301 0.3012
Pedestrian -1 -1 1.5738 467.5088 800.4049 489.9238 857.6409 1.6714 0.6515 0.6106 -14.9784 7.1656 46.4279 1.2765 0.2274
Pedestrian -1 -1 1.1286 1495.1388 696.5779 1744.3253 1119.6217 1.6524 0.7055 0.7292 2.7783 1.9768 6.3722 1.4753 0.2232
Cyclist -1 -1 -1.5400 851.2765 768.9886 925.3889 916.2615 1.7687 0.9629 2.0023 -0.9962 3.8831 20.9369 -1.5825 0.4513
Car -1 -1 -1.4779 705.3267 780.2471 810.1041 880.6118 1.5431 1.7683 4.1200 -4.2196 5.0359 31.5368 -1.6013 0.9638
Car -1 -1 -1.4210 644.9958 780.6277 788.8699 903.9177 1.4976 1.7632 3.6552 -3.9344 4.2517 24.6176 -1.5684 0.9613
Car -1 -1 -1.4971 752.3279 778.4575 831.3337 855.2831 1.5141 1.7424 3.8293 -4.3863 5.7348 39.1647 -1.6001 0.8629
Car -1 -1 2.0093 0.0000 767.2048 198.2955 883.8190 1.5669 1.8071 4.4878 -16.2151 4.4493 27.9937 1.5083 0.8558
Car -1 -1 1.9030 305.5969 782.7027 418.6979 853.0262 1.4348 1.6659 3.8984 -16.4895 6.0060 41.3455 1.5401 0.7331
Car -1 -1 1.9896 191.7048 794.0737 352.1482 880.2778 1.4278 1.8028 4.2101 -16.1028 5.6464 35.1774 1.5799 0.4776
