Pedestrian -1 -1 1.4715 961.1498 784.0885 984.8997 844.3784 1.7691 0.6726 0.6775 0.3605 6.7243 46.1829 1.4843 0.5785
Pedestrian -1 -1 1.4112 1069.4598 764.4121 1123.2819 891.9146 1.6729 0.6531 0.5862 1.8588 3.6269 20.6291 1.4981 0.5125
Pedestrian -1 -1 -1.7435 1502.2272 700.4387 1710.1678 1150.1105 1.6527 0.6367 0.5887 2.5437 1.9707 5.9534 -1.4079 0.5029
Pedestrian -1 -1 -1.6259 929.8644 778.9102 967.8117 868.3023 1.7104 0.7380 1.5591 -0.2771 5.1059 32.1702 -1.6299 0.1532
Cyclist -1 -1 -1.6709 857.0640 772.2042 936.4423 919.5092 1.7535 0.9250 1.9322 -0.9238 3.9093 20.8645 -1.7102 0.3900
Cyclist -1 -1 -1.6259 929.8644 778.9102 967.8117 868.3023 1.7104 0.7380 1.5591 -0.2771 5.1059 32.1702 -1.6299 0.3295
Car -1 -1 -1.4776 706.6985 774.1288 815.6125 880.2989 1.6372 1.8195 4.2254 -4.0980 4.9645 31.2061 -1.5987 0.9850
Car -1 -1 -1.4181 641.6293 774.7479 789.6696 904.7724 1.5777 1.7803 3.5504 -3.8586 4.1635 24.0264 -1.5662 0.9329
Car -1 -1 -1.4880 756.4769 781.1191 837.7446 860.6655 1.5635 1.7539 3.8074 -4.2122 5.8220 38.8465 -1.5875 0.9327
Car -1 -1 1.9183 303.2996 780.8898 423.6636 855.3133 1.5163 1.7165 4.1475 -16.4250 6.0420 41.2998 1.5563 0.7382
Car -1 -1 1.9611 0.0000 761.6982 182.9612 876.2534 1.5375 1.7484 4.2040 -16.0713 4.2519 27.4854 1.4561 0.6462
Car -1 -1 -1.4980 785.8785 785.0681 855.7135 853.6318 1.5343 1.7829 4.3711 -4.2622 6.6878 45.9203 -1.5824 0.4745
Car -1 -1 1.9908 173.0644 784.2206 338.4039 874.6559 1.4912 1.7784 4.2509 -16.0560 5.3701 34.2814 1.5726 0.2846
Car -1 -1 -0.8182 0.0000 672.4387 287.8734 1216.0000 1.4696 1.7776 3.8266 -3.1949 1.6264 2.9558 -1.4921 0.2836
