Pedestrian -1 -1 1.5164 949.2847 780.8752 971.1874 837.4925 1.7039 0.6606 0.6216 -0.0348 6.6542 47.1346 1.5210 0.5338
Pedestrian -1 -1 1.4751 1058.5236 762.4142 1107.5813 882.6845 1.6453 0.6440 0.6473 1.7488 3.6562 21.5392 1.5541 0.4495
Pedestrian -1 -1 1.4050 920.4537 779.0127 954.7234 861.5804 1.7014 0.6536 0.6277 -0.5184 5.0936 32.5498 1.3939 0.2772
Cyclist -1 -1 -1.5375 852.2344 765.6740 921.5903 913.5228 1.7664 0.8831 1.9505 -1.0072 3.8084 20.7120 -1.5810 0.4737
Car -1 -1 -1.4280 648.1039 771.4033 786.7512 898.2432 1.6039 1.7347 3.6590 -3.9881 4.2307 24.9795 -1.5754 0.9813
Car -1 -1 -1.4616 699.3135 774.8155 806.8075 874.2618 1.5823 1.7998 3.9667 -4.3583 4.9725 31.8190 -1.5882 0.9590
Car -1 -1 2.0449 0.0000 758.6356 205.8708 873.1217 1.5720 1.7970 4.5294 -16.2220 4.2950 28.1620 1.5459 0.8896
Car -1 -1 2.0202 145.1552 813.5562 312.0947 902.5975 1.4140 1.8185 3.9869 -16.6801 5.9911 34.2725 1.5885 0.8321
Car -1 -1 -1.4853 748.1262 779.2786 828.2627 855.6949 1.5236 1.7489 3.8396 -4.5287 5.8093 39.5785 -1.5906 0.8238
Car -1 -1 1.9050 309.0433 775.1977 424.5070 846.9980 1.4826 1.6599 4.1883 -16.5551 5.9013 41.8501 1.5446 0.7387
Car -1 -1 -0.9498 0.0000 703.3352 319.7168 1216.0000 1.4532 1.8182 4.0954 -3.2460 1.7406 3.4250 -1.5773 0.3693
Car -1 -1 -1.4613 769.5928 776.4509 841.4706 838.9368 1.4447 1.7531 3.9290 -4.7588 6.3217 46.1457 -1.5559 0.3440
