Pedestrian -1 -1 1.5064 937.6616 777.0312 961.2654 833.9194 1.7446 0.7220 0.6194 -0.3811 6.6590 47.9754 1.5040 0.5154
Pedestrian -1 -1 -1.7141 912.2399 772.7015 944.4470 853.9362 1.7150 0.6377 0.6008 -0.7333 5.0291 33.1840 -1.7311 0.4157
Cyclist -1 -1 -1.5173 844.3065 765.5157 910.4236 910.6942 1.7180 0.7924 1.9271 -1.1307 3.7394 20.5320 -1.5670 0.4065
Car -1 -1 -1.4221 641.2030 767.1730 780.2280 892.5920 1.6400 1.7711 3.7145 -4.2085 4.2558 25.6347 -1.5738 0.9873
Car -1 -1 -1.4750 737.0535 776.2301 815.5090 850.4753 1.5445 1.7292 3.6127 -4.9441 5.8125 40.3547 -1.5881 0.9462
Car -1 -1 -1.4759 701.0369 777.5159 801.3339 868.9638 1.4487 1.7441 4.0547 -4.5115 4.9859 32.6048 -1.6038 0.9244
Car -1 -1 2.0284 0.0000 767.1854 214.5638 876.9655 1.5244 1.7842 4.4431 -16.3454 4.4839 28.8528 1.5362 0.8846
Car -1 -1 1.9340 168.2199 781.3310 328.7306 873.5347 1.5597 1.8782 4.4859 -16.7392 5.5005 35.3777 1.5117 0.6009
Car -1 -1 1.9235 309.1179 780.8261 427.5834 851.7581 1.4771 1.7139 4.2688 -16.8415 6.1516 42.6914 1.5640 0.4598
Car -1 -1 -1.4732 761.9601 775.9337 835.2961 840.3500 1.4892 1.8325 4.2860 -5.0341 6.4294 46.7706 -1.5720 0.3747
Car -1 -1 2.1440 0.0000 759.4133 19.4172 900.2023 1.4527 1.8161 4.3166 -15.9422 3.6087 21.7853 1.5426 0.2927
