Pedestrian -1 -1 -1.6484 983.6189 770.0797 1021.2948 866.8788 1.7457 0.6661 0.6634 0.7770 4.5325 28.3584 -1.6186 0.6669
Pedestrian -1 -1 1.4139 1025.5308 776.5917 1053.3235 844.3504 1.7110 0.6413 0.6860 2.0776 5.7871 39.8101 1.4691 0.6355
Pedestrian -1 -1 1.5604 1005.6940 776.9570 1026.8560 831.9227 1.7005 0.6787 0.6010 1.7743 6.6427 48.2949 1.6014 0.5943
Pedestrian -1 -1 1.2389 1184.7561 748.5296 1267.8309 924.3126 1.5871 0.6406 0.5219 2.5200 2.7911 14.2520 1.4005 0.4435
Cyclist -1 -1 -1.5867 903.8402 763.4647 966.0969 903.7936 1.7244 0.8445 1.8971 -0.3857 3.7811 21.2358 -1.6015 0.5114
Car -1 -1 -1.4119 634.4295 770.0509 814.1176 927.7448 1.5177 1.7194 3.5244 -2.9763 3.5774 19.4426 -1.5528 0.9736
Car -1 -1 -1.4608 712.1472 771.6772 842.7578 890.1992 1.5244 1.7980 4.0825 -3.1475 4.3093 26.3319 -1.5708 0.9667
Car -1 -1 2.0440 96.4730 770.6822 301.2000 872.6104 1.4411 1.7585 4.3040 -14.9154 4.5330 29.5411 1.5980 0.9623
Car -1 -1 -1.4801 779.3840 778.1547 871.1100 868.3669 1.5541 1.7116 3.7008 -3.0301 5.2222 33.9347 -1.5614 0.8791
Car -1 -1 1.9335 262.9947 776.3725 407.8330 861.9138 1.5323 1.7906 4.3176 -15.2313 5.4640 36.6459 1.5573 0.7761
Car -1 -1 -1.4763 812.0662 778.7404 893.7388 851.5712 1.4512 1.7985 4.0138 -2.8753 5.8190 40.4236 -1.5401 0.4913
