Pedestrian -1 -1 1.4549 1028.3849 777.5256 1056.2094 843.1121 1.6492 0.6669 0.6301 2.1370 5.7140 39.4929 1.5119 0.6764
Pedestrian -1 -1 -1.6744 981.8991 769.9754 1020.7977 865.9975 1.7210 0.6698 0.6779 0.7533 4.4982 28.2635 -1.6453 0.5523
Pedestrian -1 -1 1.2084 1189.2854 757.1751 1283.0599 941.4903 1.6152 0.7012 0.5651 2.5570 2.8793 13.9461 1.3753 0.3755
Pedestrian -1 -1 1.5675 999.7762 777.2775 1020.4136 833.3619 1.7230 0.6567 0.5885 1.5642 6.6356 47.9065 1.6045 0.2623
Cyclist -1 -1 -1.5583 900.7462 762.9879 964.0265 900.8870 1.7264 0.8729 1.9008 -0.4010 3.8069 21.5796 -1.5734 0.5043
Car -1 -1 -1.4243 636.8120 768.9500 814.2444 925.8640 1.4893 1.7025 3.5797 -2.9344 3.5201 19.2860 -1.5643 0.9791
Car -1 -1 -1.4597 710.4515 765.5172 845.5796 890.0032 1.6034 1.8397 4.2639 -3.1163 4.2692 26.2158 -1.5692 0.9691
Car -1 -1 2.0476 91.6851 767.4872 292.3678 869.1135 1.4380 1.6831 4.1680 -14.8696 4.4207 29.1762 1.5979 0.9643
Car -1 -1 -1.4868 780.7995 778.1848 873.2777 867.9136 1.5245 1.7354 3.7873 -2.9742 5.1821 33.7866 -1.5670 0.8852
Car -1 -1 1.9995 251.7531 768.6477 410.2762 855.5381 1.5512 1.8103 4.4488 -15.2529 5.2744 36.4657 1.6210 0.6825
Car -1 -1 -1.5039 818.2512 780.2940 894.9630 853.4061 1.4772 1.7787 3.8208 -2.7697 5.8610 40.2723 -1.5654 0.4169
