Pedestrian -1 -1 1.4834 1017.0966 776.9221 1043.2784 841.4772 1.6783 0.6599 0.6940 1.8833 5.8759 40.9313 1.5328 0.7681
Pedestrian -1 -1 -1.6158 976.2250 774.8399 1013.0370 868.9236 1.7164 0.6804 0.8316 0.6430 4.6717 29.0519 -1.5908 0.4211
Pedestrian -1 -1 1.5700 995.8387 788.0490 1015.1219 841.7610 1.6990 0.6340 0.5966 1.4640 7.1318 49.4886 1.6042 0.3149
Cyclist -1 -1 -1.5406 895.3536 763.7441 957.1537 904.3345 1.7294 0.8128 1.9389 -0.4787 3.7968 21.2934 -1.5594 0.3906
Cyclist -1 -1 -1.6225 975.5689 775.0704 1013.8932 870.5902 1.7177 0.6950 1.0418 0.6443 4.6921 29.0892 -1.5976 0.1331
Car -1 -1 2.0267 120.0136 770.6747 308.1098 869.3605 1.4587 1.6976 4.1223 -15.0163 4.6157 30.3112 1.5878 0.9728
Car -1 -1 -1.4576 715.7394 774.6643 838.6514 884.6638 1.4763 1.7561 3.8391 -3.2724 4.3953 27.2253 -1.5683 0.9691
Car -1 -1 -1.3973 641.2041 769.3323 817.6024 923.7878 1.5584 1.7248 3.5720 -3.0440 3.6944 20.3000 -1.5353 0.9516
Car -1 -1 1.9675 272.2321 775.0218 415.8741 857.1303 1.5061 1.7510 4.2637 -15.3585 5.4825 37.4577 1.5957 0.8731
Car -1 -1 -1.4874 772.4286 778.6058 864.6888 865.3746 1.4981 1.7835 4.0689 -3.2840 5.3120 35.0702 -1.5729 0.8132
Car -1 -1 2.0615 0.0000 769.6886 121.6676 907.0944 1.5123 1.7531 4.4928 -15.2757 4.0175 23.5819 1.5147 0.5755
Car -1 -1 -1.4913 809.8922 780.6449 886.0776 850.6240 1.4422 1.7703 3.8545 -3.0863 5.9542 41.3849 -1.5584 0.4826
