Pedestrian -1 -1 1.4882 1002.4583 784.7184 1028.0253 845.6389 1.6534 0.6824 0.5807 1.5311 6.2271 42.4914 1.5282 0.7088
Pedestrian -1 -1 -1.6319 965.2765 779.9167 998.0901 869.4061 1.6991 0.6192 0.6870 0.4057 4.8445 29.9870 -1.6150 0.4960
Pedestrian -1 -1 1.3139 1135.5610 766.2993 1207.3217 920.2396 1.6484 0.6665 0.6315 2.3855 3.2913 17.0207 1.4450 0.2712
Cyclist -1 -1 -1.6060 884.1918 768.7136 950.3175 909.7423 1.7381 0.8830 1.8340 -0.6465 3.8767 21.2956 -1.6322 0.4336
Car -1 -1 -1.4649 716.4982 776.3587 836.6422 887.2854 1.5694 1.8256 3.9749 -3.4511 4.6669 28.5906 -1.5760 0.9852
Car -1 -1 -1.4199 645.2052 780.1761 810.0992 925.5877 1.5436 1.7762 3.6397 -3.2767 3.9778 21.6134 -1.5593 0.9671
Car -1 -1 2.0062 142.2710 771.5748 321.7367 865.5475 1.4380 1.7214 4.1999 -15.2634 4.7396 31.5576 1.5761 0.9368
Car -1 -1 -1.4901 773.9641 783.4073 860.2259 869.5751 1.5840 1.7513 3.7212 -3.4383 5.6210 36.2211 -1.5766 0.8997
Car -1 -1 1.9690 285.6468 777.0004 419.7110 855.3853 1.4971 1.7036 4.0690 -15.6250 5.6342 38.6156 1.6016 0.8667
Car -1 -1 2.0225 0.0000 762.4967 162.0316 891.2509 1.5506 1.7734 4.4635 -15.4129 4.0793 25.1928 1.4994 0.5945
