Pedestrian -1 -1 1.3649 1019.5873 773.1593 1047.7324 839.2088 1.6967 0.6411 0.6602 1.9567 5.7470 40.4779 1.4164 0.7283
Pedestrian -1 -1 1.5146 981.8201 770.8649 1017.8096 864.1635 1.7027 0.6554 0.7473 0.7398 4.5583 28.8730 1.5429 0.4291
Cyclist -1 -1 1.5701 899.6503 764.4379 954.1465 904.2000 1.7285 0.7428 1.8751 -0.4872 3.8067 21.3267 1.5509 0.3711
Car -1 -1 -1.4125 639.8933 770.1103 815.3749 924.9189 1.5340 1.7258 3.5796 -3.0226 3.6527 20.0129 -1.5515 0.9826
Car -1 -1 -1.4677 714.9139 772.5294 837.8734 886.5638 1.5211 1.7619 3.7887 -3.2316 4.3518 26.7727 -1.5789 0.9740
Car -1 -1 2.0156 113.7090 769.5382 303.5369 869.3034 1.4592 1.6982 4.1781 -14.9814 4.5660 30.0301 1.5741 0.9709
Car -1 -1 -1.4914 779.7869 775.5761 870.3113 863.0053 1.5269 1.7547 3.8048 -3.0928 5.2036 34.5857 -1.5729 0.9214
Car -1 -1 1.9301 267.0143 772.8430 406.5367 856.6744 1.5437 1.7622 4.2224 -15.4210 5.4308 37.1658 1.5543 0.9090
Car -1 -1 2.0856 0.0000 762.8862 124.2178 897.8055 1.5054 1.7497 4.2690 -15.0403 3.8517 23.2668 1.5396 0.5116
Car -1 -1 -1.5142 812.9850 780.1183 885.5742 851.9755 1.4993 1.7462 3.6041 -3.0141 5.9256 40.8346 -1.5806 0.3978
