Pedestrian -1 -1 -1.6242 994.9005 770.4424 1034.7045 874.3921 1.7605 0.6741 0.8249 0.9580 4.4207 26.9155 -1.5868 0.3664
Pedestrian -1 -1 1.4599 1046.7037 770.9561 1073.5222 837.9101 1.5981 0.6094 0.5646 2.4613 5.2677 37.2769 1.5281 0.3022
Pedestrian -1 -1 1.1948 1228.9763 736.3247 1343.3127 956.8253 1.6515 0.7038 0.6311 2.5872 2.5700 11.9530 1.3878 0.2962
Cyclist -1 -1 -1.5666 907.1255 767.9767 965.7622 903.0437 1.6917 0.8116 1.8499 -0.3517 3.8497 21.6263 -1.5795 0.5475
Cyclist -1 -1 -1.3944 347.4968 772.2257 384.9984 836.7847 1.7859 0.7631 1.7582 -18.5179 6.4660 46.5701 -1.7572 0.3236
Cyclist -1 -1 -1.6242 994.9005 770.4424 1034.7045 874.3921 1.7605 0.6741 0.8249 0.9580 4.4207 26.9155 -1.5868 0.1097
Car -1 -1 -1.4013 603.9590 769.9495 804.7928 938.4869 1.4382 1.7010 3.4934 -2.8994 3.3118 17.5548 -1.5531 0.9808
Car -1 -1 -1.4708 710.6270 773.4088 843.4761 895.7845 1.4604 1.7372 3.8510 -2.9292 4.0832 24.4759 -1.5810 0.9708
Car -1 -1 2.0224 49.6901 775.6519 264.3232 889.1579 1.5167 1.7576 4.2256 -14.7731 4.5287 27.7530 1.5566 0.9476
Car -1 -1 -1.5107 772.2649 774.9463 867.7061 872.5314 1.5758 1.7750 3.8697 -2.9722 4.9949 32.1198 -1.5951 0.9285
Car -1 -1 2.0037 230.2467 775.4880 387.2669 863.2252 1.4919 1.7119 4.0991 -15.0207 5.1927 34.6672 1.6134 0.7865
Car -1 -1 -1.5162 833.7980 783.6309 901.3517 849.9199 1.6073 1.9135 4.0574 -2.9619 6.9181 48.0054 -1.5706 0.7364
Car -1 -1 -1.4740 815.5925 784.4904 900.3401 860.0253 1.3982 1.7652 4.2689 -2.6344 5.7910 38.9972 -1.5343 0.3794
