Pedestrian -1 -1 1.4804 1050.3873 764.0846 1079.3234 835.2422 1.6533 0.6520 0.5330 2.4970 5.0375 36.0868 1.5515 0.6412
Pedestrian -1 -1 1.2397 1256.6130 723.5818 1380.0221 973.5035 1.6915 0.6768 0.6626 2.5628 2.4276 10.7841 1.4485 0.4684
Pedestrian -1 -1 -1.5630 995.9255 765.0989 1034.3627 870.6639 1.7600 0.6638 0.6444 0.9454 4.2446 26.1650 -1.5253 0.4413
Pedestrian -1 -1 1.5422 1017.3853 778.6715 1040.0172 837.4461 1.6884 0.6623 0.5388 2.0125 6.3112 44.6805 1.5909 0.3224
Cyclist -1 -1 -1.6014 904.2393 762.3096 968.4481 901.4932 1.7424 0.8753 1.9284 -0.3811 3.8216 21.6452 -1.6156 0.5250
Cyclist -1 -1 -1.2940 321.1676 759.8071 367.2072 827.4091 1.8009 0.7630 1.8731 -18.4208 5.9189 44.6778 -1.6692 0.2608
Car -1 -1 -1.3904 583.7072 762.8474 800.2483 944.0312 1.4815 1.7158 3.5341 -2.8867 3.1898 16.7331 -1.5487 0.9848
Car -1 -1 -1.4340 693.4390 767.9052 842.5402 899.8541 1.5436 1.7834 3.8096 -2.9545 3.9831 23.5870 -1.5494 0.9836
Car -1 -1 2.0386 14.7304 760.6167 241.8158 873.2165 1.4743 1.7686 4.1936 -14.7508 4.0950 26.7691 1.5585 0.9376
Car -1 -1 1.9759 211.9900 769.8083 371.2028 858.4542 1.4711 1.7104 4.1499 -14.9796 4.9380 33.6975 1.5764 0.8789
Car -1 -1 -1.4973 767.2349 776.0066 867.6043 875.5072 1.5555 1.7743 3.9471 -2.9529 4.9279 31.3904 -1.5832 0.8553
Car -1 -1 -1.5225 829.9872 778.8897 901.5869 848.7318 1.6475 2.0134 4.4428 -2.9688 6.7510 47.3324 -1.5780 0.6617
