Pedestrian -1 -1 -1.6417 991.5941 766.8959 1030.0331 868.6365 1.7745 0.6589 0.6822 0.9042 4.4117 27.4209 -1.6067 0.7162
Pedestrian -1 -1 1.2489 1215.0697 742.7625 1319.6672 947.8430 1.6390 0.7080 0.6086 2.5916 2.6680 12.7049 1.4323 0.4472
Cyclist -1 -1 -1.6380 900.7452 760.4119 973.5042 899.8156 1.7312 0.9235 1.9822 -0.3717 3.7805 21.5900 -1.6519 0.4417
Car -1 -1 2.0274 74.6020 762.2327 273.7744 865.2288 1.4440 1.6578 4.0473 -14.8084 4.2374 28.3925 1.5687 0.9802
Car -1 -1 -1.4507 704.4864 763.8121 845.8889 892.5137 1.6036 1.8331 4.1959 -3.0476 4.1481 25.2860 -1.5618 0.9785
Car -1 -1 -1.3913 618.7662 768.9415 812.8815 931.3328 1.4445 1.6825 3.5535 -2.8915 3.3817 18.3079 -1.5366 0.9688
Car -1 -1 -1.4835 778.2028 778.1932 873.8506 871.0435 1.5403 1.7415 3.7567 -2.9168 5.1074 32.9139 -1.5641 0.9524
Car -1 -1 -1.5160 829.0193 775.2559 893.1403 838.7507 1.5708 1.8264 3.9944 -3.2048 6.6458 48.4747 -1.5748 0.7151
Car -1 -1 1.9907 254.3832 773.7803 403.0419 856.2053 1.4415 1.7120 3.9999 -14.9310 5.1812 35.5299 1.6107 0.6285
Car -1 -1 -1.5091 812.6394 778.9189 893.1005 855.9462 1.5260 1.8411 3.8484 -2.7938 5.7676 39.2571 -1.5729 0.3108
Car -1 -1 2.1459 0.0000 754.7908 123.0993 911.7346 1.6695 1.8713 4.8125 -14.8394 3.8205 22.3412 1.5887 0.2429
