Pedestrian -1 -1 -1.5703 996.1974 765.7747 1036.8567 872.9496 1.7588 0.6924 0.6789 0.9546 4.2245 25.8215 -1.5318 0.5340
Pedestrian -1 -1 1.4728 1023.6143 775.3676 1046.4131 833.8939 1.6581 0.6226 0.5592 2.1759 6.1318 44.1687 1.5256 0.3332
Pedestrian -1 -1 1.5085 1051.7759 773.4958 1080.0189 848.2108 1.7089 0.6383 0.5661 2.4900 5.2777 35.6294 1.5803 0.3211
Pedestrian -1 -1 -1.4324 493.8858 804.5538 523.1953 872.2460 1.6596 0.6495 0.5430 -11.6967 6.3402 38.6470 -1.7110 0.3127
Cyclist -1 -1 -1.6591 900.2144 760.0827 971.7040 898.9142 1.7430 0.8774 1.8850 -0.3882 3.7908 21.6713 -1.6736 0.4701
Cyclist -1 -1 -1.2976 296.1854 757.2976 345.6073 827.2899 1.8015 0.7654 2.0707 -18.6612 5.7584 43.6209 -1.6856 0.3337
Car -1 -1 -1.3923 576.5699 763.8120 795.2637 945.9860 1.4419 1.6850 3.4892 -2.8704 3.1172 16.2765 -1.5541 0.9819
Car -1 -1 -1.4533 688.1355 763.7621 836.6028 899.2379 1.5552 1.7826 3.9880 -2.9937 3.8997 23.2529 -1.5720 0.9733
Car -1 -1 2.0465 0.0000 760.8508 230.2732 878.5369 1.4974 1.8013 4.3705 -14.8016 4.0880 26.2994 1.5580 0.9237
Car -1 -1 2.0119 196.3557 771.0883 365.9197 862.2625 1.4872 1.7514 4.1970 -15.0500 4.9554 33.3491 1.6071 0.8805
Car -1 -1 -1.4985 768.8136 773.9794 870.3354 873.5075 1.5310 1.7718 3.9366 -2.8618 4.8100 30.9122 -1.5830 0.8419
Car -1 -1 -1.5099 830.3078 779.0913 901.7120 846.6508 1.5845 1.9440 4.1952 -2.9297 6.6242 46.7750 -1.5654 0.8319
