Pedestrian -1 -1 -1.6630 993.3180 772.7967 1034.8949 873.0120 1.7257 0.6974 0.6495 0.9535 4.4407 27.1090 -1.6260 0.6487
Pedestrian -1 -1 1.4879 1040.7574 776.5402 1067.5431 842.6445 1.5888 0.6267 0.6057 2.3367 5.4397 37.6677 1.5523 0.5129
Cyclist -1 -1 -1.6612 898.7270 766.6936 968.9645 904.5714 1.7054 0.8465 1.9415 -0.4175 3.8479 21.5855 -1.6770 0.4833
Car -1 -1 -1.3954 612.7775 768.3115 814.2760 937.5116 1.4743 1.7261 3.5898 -2.8519 3.3686 17.9340 -1.5415 0.9824
Car -1 -1 -1.4311 701.6593 772.2849 844.5791 896.5427 1.5117 1.7843 3.8435 -3.0238 4.1430 24.7536 -1.5435 0.9705
Car -1 -1 2.0271 63.4776 769.1642 269.7769 874.0315 1.4254 1.7146 4.0702 -14.7268 4.3214 27.9796 1.5653 0.9600
Car -1 -1 -1.4897 774.0371 778.8855 869.9594 872.8538 1.5289 1.7382 3.8463 -2.9711 5.0803 32.5651 -1.5729 0.9172
Car -1 -1 -1.5203 833.7906 781.0052 901.0306 847.1301 1.6027 1.9266 4.2417 -2.9902 6.8771 48.4023 -1.5748 0.8437
Car -1 -1 1.9956 238.6940 767.6832 398.9778 856.5988 1.5368 1.7676 4.3117 -14.9514 5.0941 35.0682 1.6107 0.8312
Car -1 -1 -1.4860 815.7982 781.7806 895.9307 856.4001 1.4711 1.7513 3.5237 -2.6850 5.7236 38.7547 -1.5480 0.2929
