Pedestrian -1 -1 1.5195 1054.7665 774.9405 1082.1500 849.4370 1.6777 0.6146 0.5116 2.5061 5.2156 34.9987 1.5928 0.4694
Pedestrian -1 -1 -1.6008 998.8043 763.3030 1037.4933 871.0075 1.7441 0.6386 0.6900 0.9638 4.1326 25.4593 -1.5616 0.4161
Pedestrian -1 -1 1.4952 1023.9448 777.9146 1046.9233 838.4308 1.6886 0.6278 0.5809 2.1565 6.1730 43.5296 1.5483 0.3425
Pedestrian -1 -1 -1.3656 481.0160 792.1658 511.3639 862.5546 1.7103 0.6272 0.5814 -11.8609 6.0125 38.1490 -1.6517 0.2943
Cyclist -1 -1 1.5850 900.5690 759.1210 955.9238 897.1252 1.7227 0.7580 1.8609 -0.4556 3.7281 21.4117 1.5672 0.4269
Cyclist -1 -1 -1.2118 284.0781 757.7059 339.4537 828.0204 1.7682 0.7478 2.0411 -18.4566 5.6378 42.5397 -1.6047 0.3132
Car -1 -1 -1.4353 680.6732 764.5082 837.5599 903.0079 1.5374 1.7814 4.0174 -2.9638 3.8453 22.6990 -1.5557 0.9809
Car -1 -1 -1.3796 566.4450 764.1757 796.5374 951.6878 1.4342 1.6975 3.4692 -2.8255 3.0700 15.8060 -1.5434 0.9747
Car -1 -1 2.0730 0.0000 763.4399 223.6331 884.1801 1.4952 1.8017 4.4013 -14.7234 4.0893 25.7939 1.5790 0.9555
Car -1 -1 1.9792 182.2084 765.4606 356.5239 859.7536 1.5307 1.8466 4.3046 -15.0756 4.8215 32.8555 1.5683 0.8807
Car -1 -1 -1.4819 766.3253 772.5209 869.1447 870.5876 1.5088 1.7260 3.6756 -2.8537 4.6904 30.3895 -1.5678 0.8474
Car -1 -1 -1.4555 802.1785 776.8907 892.9632 855.7233 1.4434 1.7720 3.8257 -2.7463 5.3889 36.8666 -1.5227 0.5127
Car -1 -1 -1.5098 827.8505 778.5339 901.0270 850.3452 1.6721 1.9695 4.4151 -2.9570 6.6765 46.4994 -1.5661 0.2554
