Pedestrian -1 -1 -1.9990 1717.0176 661.3802 1936.0000 1216.0000 1.6604 0.6593 0.8016 2.5324 1.7671 3.9673 -1.5511 0.7666
Pedestrian -1 -1 1.4914 1090.8999 781.6938 1127.2415 872.4677 1.6647 0.6512 0.5669 2.8344 4.7057 28.7147 1.5893 0.5223
Cyclist -1 -1 -1.5566 900.8055 773.2805 966.6987 909.2365 1.6884 0.9118 1.9442 -0.3807 3.9347 21.6663 -1.5707 0.4876
Cyclist -1 -1 -1.1313 41.2375 744.5146 131.6947 844.4069 1.8438 0.7645 2.1296 -18.2748 4.4342 31.2968 -1.6378 0.3825
Car -1 -1 -1.4124 617.6442 765.4168 820.5274 940.2958 1.5078 1.7541 3.8676 -2.7803 3.3796 17.9721 -1.5546 0.9869
Car -1 -1 -1.3353 374.7911 742.4209 734.7282 1034.0747 1.5501 1.7033 3.4297 -2.8005 2.5545 11.0584 -1.5620 0.9826
Car -1 -1 -1.4692 738.2670 774.9594 862.3633 894.5380 1.5443 1.7201 3.5390 -2.6757 4.2851 25.5401 -1.5653 0.9276
Car -1 -1 2.0539 67.3219 747.3964 281.5862 855.1288 1.5418 1.7433 4.2911 -14.8404 4.0535 28.4957 1.5954 0.8828
Car -1 -1 2.1424 0.0000 744.4077 80.3780 889.6860 1.4887 1.8313 4.3518 -14.6134 3.3484 21.0911 1.5662 0.8483
Car -1 -1 -1.5020 817.7635 783.0322 901.2211 863.2566 1.6387 1.9809 4.5184 -2.7794 6.2944 41.7597 -1.5612 0.5647
