Pedestrian -1 -1 -1.6104 1000.8961 761.0843 1043.3057 874.2571 1.7166 0.6494 0.6674 0.9642 3.9165 23.8223 -1.5692 0.6101
Pedestrian -1 -1 1.5878 1069.6926 772.3036 1099.3284 855.7004 1.7093 0.6240 0.5924 2.6504 4.9085 32.1301 1.6710 0.5758
Cyclist -1 -1 -1.5747 895.4003 755.8778 953.7147 886.8068 1.6571 0.8070 1.7447 -0.5297 3.6240 21.5745 -1.5956 0.4840
Cyclist -1 -1 1.9343 195.1157 743.3654 261.5453 828.9596 1.9151 0.7596 2.1267 -18.3848 4.9769 37.5611 1.4974 0.2998
Car -1 -1 -1.3715 501.5107 753.4203 772.3215 972.9669 1.4491 1.6813 3.5151 -2.8150 2.7791 13.7079 -1.5585 0.9786
Car -1 -1 2.1112 0.0000 741.1898 156.8620 870.1639 1.5104 1.8751 4.3476 -14.8242 3.5169 23.6231 1.5771 0.9640
Car -1 -1 -1.4233 655.6461 763.9414 827.2475 912.3370 1.4853 1.7309 3.7548 -2.8926 3.5584 20.4051 -1.5540 0.9640
Car -1 -1 -1.4771 743.5199 772.0634 857.4547 879.5231 1.5225 1.7550 3.7467 -2.9605 4.4822 28.2006 -1.5734 0.9606
Car -1 -1 2.0182 127.3407 748.2079 316.8631 847.8147 1.5566 1.7597 4.2571 -15.0923 4.2732 30.8059 1.5827 0.7535
Car -1 -1 1.9060 410.9789 764.1445 517.9316 828.1214 1.5422 1.8708 4.3274 -15.7952 6.1947 47.7750 1.6004 0.5193
Car -1 -1 -1.4590 802.4409 778.4808 896.8410 859.8828 1.3844 1.7460 4.0455 -2.5703 5.2183 35.2701 -1.5247 0.4108
Car -1 -1 -1.4844 817.1765 778.2582 896.4272 851.0812 1.6035 1.9369 4.2038 -3.0193 6.3346 44.0082 -1.5457 0.2958
