Pedestrian -1 -1 1.5137 1062.4873 772.6315 1093.2693 855.4689 1.7454 0.6432 0.5535 2.5550 5.0142 32.8052 1.5926 0.6458
Pedestrian -1 -1 1.4912 1025.5325 773.0668 1050.4784 837.0915 1.7016 0.6473 0.5942 2.1251 5.8401 41.4634 1.5457 0.5904
Pedestrian -1 -1 -0.9267 980.2789 762.6513 1044.1145 877.4182 1.7212 0.6504 0.8565 0.8287 4.0052 24.2566 -0.8913 0.3133
Cyclist -1 -1 -1.5524 895.1296 756.8146 952.4491 888.7349 1.6704 0.7866 1.7498 -0.5237 3.6498 21.5631 -1.5731 0.4593
Cyclist -1 -1 1.9600 221.0386 750.5622 280.6025 825.2740 1.7205 0.6923 1.9050 -18.3404 5.0490 38.6461 1.5346 0.3422
Car -1 -1 -1.3685 517.0732 751.7939 778.3499 966.4712 1.4871 1.6845 3.5129 -2.8317 2.8451 14.2297 -1.5500 0.9747
Car -1 -1 2.0819 0.0000 745.2229 174.1961 867.8466 1.4788 1.7858 4.2688 -14.8331 3.6132 24.3839 1.5609 0.9729
Car -1 -1 -1.3902 653.4738 764.8557 830.4697 914.4685 1.5488 1.7622 3.7270 -2.9648 3.6879 20.9512 -1.5206 0.9643
Car -1 -1 -1.4749 750.9045 774.1918 862.1119 880.1928 1.5222 1.7329 3.8346 -2.9098 4.5896 28.8051 -1.5674 0.9391
Car -1 -1 2.0114 146.7526 757.9509 327.8414 853.9343 1.4971 1.7112 4.2030 -15.0238 4.4695 31.2951 1.5838 0.8347
Car -1 -1 1.9007 416.2491 766.6198 518.7742 829.3065 1.5222 1.8009 4.2754 -15.8560 6.2988 48.2429 1.5969 0.4732
Car -1 -1 1.8078 343.1546 765.8194 449.3262 838.2249 1.4667 1.7147 4.2472 -15.4399 5.5446 41.0718 1.4638 0.3723
