Pedestrian -1 -1 1.5091 1095.2950 778.1534 1132.9111 875.2815 1.6946 0.6479 0.6978 2.8154 4.5594 27.5933 1.6098 0.5007
Cyclist -1 -1 -1.5331 894.9824 766.4186 962.0267 906.5626 1.7254 0.8779 1.9958 -0.4479 3.8507 21.4515 -1.5504 0.4209
Cyclist -1 -1 2.0271 0.0000 735.6755 84.0114 838.0515 1.7775 0.7371 2.0249 -18.0575 4.0208 29.2465 1.4970 0.3463
Car -1 -1 -1.3331 321.4474 736.8291 725.3547 1056.9022 1.5167 1.6936 3.5574 -2.7202 2.4067 10.1112 -1.5722 0.9891
Car -1 -1 -1.3913 594.2242 764.8726 816.4243 948.2750 1.4800 1.7614 3.8419 -2.7663 3.2520 16.9852 -1.5409 0.9875
Car -1 -1 2.0608 26.2334 747.4772 250.8765 859.0753 1.5353 1.7372 4.2353 -14.9061 3.9544 27.3825 1.5850 0.9282
Car -1 -1 -1.4693 725.2179 772.5459 860.3502 901.1330 1.5737 1.7890 3.8447 -2.6897 4.1967 24.6435 -1.5695 0.9054
Car -1 -1 -1.4862 813.5626 781.2241 898.3123 859.7495 1.5930 1.9234 4.0665 -2.8009 6.0493 40.5745 -1.5479 0.8628
Car -1 -1 2.1657 0.0000 735.3957 47.2964 885.6621 1.4854 1.9004 4.3688 -14.6182 3.1381 20.1824 1.5697 0.7657
Car -1 -1 1.8868 378.2913 791.4438 492.0033 861.5007 1.4687 1.7995 4.5613 -15.5698 6.6794 44.5029 1.5656 0.3534
