Pedestrian -1 -1 1.5315 1073.9427 773.3085 1106.2205 858.1459 1.6671 0.6402 0.6728 2.6634 4.7751 30.9661 1.6178 0.7497
Pedestrian -1 -1 -1.4552 1002.9565 761.8033 1050.0236 881.4913 1.7476 0.6519 0.6834 1.0125 3.8994 23.1152 -1.4109 0.5082
Cyclist -1 -1 1.8999 157.7716 747.4276 221.0848 832.9169 1.8105 0.7334 1.8876 -18.2870 4.7975 35.4718 1.4432 0.4795
Cyclist -1 -1 -1.5672 891.3362 757.5005 957.7749 893.8126 1.7129 0.9151 1.8398 -0.5213 3.7037 21.5242 -1.5878 0.3798
Car -1 -1 -1.3932 643.1198 760.8977 829.1868 917.7568 1.5107 1.7258 3.7377 -2.8384 3.4674 19.6113 -1.5266 0.9773
Car -1 -1 -1.4700 742.8872 768.6906 863.1317 880.7659 1.5313 1.7678 3.9129 -2.8243 4.3573 27.4288 -1.5645 0.9751
Car -1 -1 -1.3576 464.0616 744.8791 759.0477 986.5435 1.5027 1.6747 3.3597 -2.7979 2.6547 12.6681 -1.5578 0.9668
Car -1 -1 2.1110 0.0000 740.0146 138.5826 875.4725 1.5248 1.8812 4.4691 -14.7478 3.4585 22.8801 1.5657 0.9544
Car -1 -1 2.0079 118.6185 755.1548 301.0365 851.8997 1.4625 1.6745 3.9652 -14.9247 4.2437 29.9432 1.5662 0.9191
Car -1 -1 -1.4585 815.7846 775.7985 900.7017 851.5433 1.6556 1.9653 4.1429 -2.9226 6.2339 43.2526 -1.5188 0.5137
Car -1 -1 1.9209 405.2720 768.9127 506.8618 829.9397 1.4398 1.7104 3.9546 -15.7360 6.1379 46.7757 1.6104 0.4315
