Pedestrian -1 -1 -1.3094 999.9850 757.8605 1054.0626 880.7803 1.7637 0.6581 0.7377 1.0107 3.8384 22.8834 -1.2650 0.5697
Pedestrian -1 -1 1.5023 1077.6583 772.5198 1110.1385 857.8702 1.6677 0.6224 0.5898 2.7073 4.7145 30.5638 1.5909 0.4578
Cyclist -1 -1 -1.5711 899.6516 753.4686 954.9556 887.5908 1.6937 0.7633 1.8141 -0.4864 3.6252 21.5519 -1.5902 0.4913
Cyclist -1 -1 2.0178 128.2770 742.3089 203.9242 831.1234 1.8318 0.7300 1.9698 -18.2986 4.6154 34.4612 1.5494 0.4753
Car -1 -1 -1.4140 639.2971 758.1066 826.8984 919.8892 1.5246 1.7477 3.8694 -2.8189 3.4144 19.2627 -1.5489 0.9860
Car -1 -1 -1.3558 445.6684 743.5957 755.5428 991.4086 1.4929 1.7033 3.5453 -2.8310 2.6261 12.4963 -1.5609 0.9838
Car -1 -1 2.1079 0.0000 742.4297 127.8075 877.5040 1.4995 1.8177 4.3467 -14.6882 3.4463 22.5865 1.5589 0.9511
Car -1 -1 2.0221 97.4395 747.2515 296.2295 850.4044 1.5511 1.7595 4.2501 -15.0224 4.1523 29.6642 1.5741 0.9121
Car -1 -1 1.8825 406.8601 769.0992 506.5725 830.8448 1.4470 1.7321 4.0421 -15.6263 6.1273 46.5148 1.5724 0.6298
Car -1 -1 -1.4825 756.5772 767.9672 874.3759 883.4418 1.5620 1.7430 3.9398 -2.5631 4.3419 27.0858 -1.5691 0.5608
Car -1 -1 -1.4913 842.7911 789.6900 907.6146 850.7084 1.4693 1.7613 3.6897 -2.7223 6.9631 47.9842 -1.5409 0.3468
Car -1 -1 -1.4699 817.5157 773.9863 901.6754 849.5331 1.6350 1.9663 4.2554 -2.8706 6.1463 43.0843 -1.5293 0.2966
