Pedestrian -1 -1 -1.4655 1021.2793 764.5660 1075.1649 903.8589 1.7717 0.6646 0.5740 1.1690 3.6743 20.0342 -1.4086 0.7212
Pedestrian -1 -1 1.4320 1097.7369 779.9825 1140.1355 878.8656 1.6332 0.6469 0.7006 2.7570 4.3873 26.1958 1.5353 0.5269
Cyclist -1 -1 -1.5374 897.6501 761.0409 968.7169 903.6850 1.7565 0.9378 1.9475 -0.3766 3.7826 21.2732 -1.5518 0.4843
Car -1 -1 -1.2893 214.2379 719.7127 697.3126 1087.7632 1.5654 1.6995 3.4778 -2.7667 2.2476 9.0110 -1.5584 0.9887
Car -1 -1 -1.3972 566.0013 759.4619 805.4214 959.5490 1.5043 1.7679 3.9833 -2.7792 3.1192 15.9424 -1.5569 0.9804
Car -1 -1 2.0733 0.0000 743.9218 226.3747 859.8041 1.5311 1.7467 4.2296 -14.8314 3.7894 26.2490 1.5825 0.9117
Car -1 -1 -1.5082 803.0733 778.6932 886.2745 863.0154 1.6492 1.8755 4.3065 -3.0028 5.9112 39.2833 -1.5770 0.8879
Car -1 -1 -1.4374 721.2272 771.0278 868.5576 901.3325 1.5231 1.7914 3.7199 -2.5366 4.0148 23.6093 -1.5361 0.8503
Car -1 -1 1.9388 355.1323 767.0987 478.6931 837.4092 1.5012 1.8378 4.3879 -15.6200 5.8165 43.1565 1.6065 0.4338
Car -1 -1 -1.5158 805.6714 779.3648 897.6215 871.2777 1.3824 1.6671 4.0423 -2.2351 4.8292 31.3404 -1.5801 0.3503
Car -1 -1 2.1573 0.0000 736.2463 12.9512 893.0834 1.5021 1.8296 4.3161 -14.6713 3.1235 19.5970 1.5465 0.3026
