Pedestrian -1 -1 1.4613 1102.9623 772.6660 1145.3247 873.9346 1.6651 0.6603 0.6488 2.8123 4.2529 25.8640 1.5678 0.7456
Pedestrian -1 -1 -1.5136 1023.4716 765.1559 1075.5833 904.3248 1.7697 0.6645 0.5515 1.1819 3.6709 19.9581 -1.4559 0.5969
Cyclist -1 -1 -1.5635 902.4077 761.4879 965.0537 901.8127 1.7531 0.8568 1.8119 -0.3833 3.7872 21.3617 -1.5781 0.5535
Car -1 -1 -1.3928 564.6714 758.6974 803.8121 958.2708 1.4886 1.7359 3.8688 -2.7581 3.0692 15.7170 -1.5536 0.9899
Car -1 -1 -1.2868 187.3092 729.5168 687.2550 1107.9243 1.5315 1.7023 3.3630 -2.7586 2.2562 8.6726 -1.5640 0.9877
Car -1 -1 2.0748 0.0000 741.2593 220.5676 857.7309 1.5523 1.7435 4.1224 -14.8569 3.7474 26.1393 1.5816 0.8969
Car -1 -1 -1.4856 805.7955 779.1813 895.7032 862.4055 1.6321 1.9707 4.1970 -2.8420 5.9051 39.2996 -1.5505 0.8688
Car -1 -1 -1.4284 713.4940 773.1182 865.5667 906.2136 1.5316 1.8044 3.7547 -2.5916 4.0385 23.3809 -1.5302 0.6587
Car -1 -1 1.9658 352.8398 772.7503 472.0095 840.1871 1.4309 1.7393 4.0191 -15.6352 5.8673 42.8139 1.6309 0.5470
Car -1 -1 2.1718 0.0000 740.1392 12.4148 900.9942 1.5103 1.8308 4.4420 -14.6590 3.1828 19.4712 1.5588 0.3151
