Pedestrian -1 -1 1.4068 1108.1342 775.4501 1151.5431 876.1278 1.6156 0.6414 0.5704 2.8371 4.1835 25.2046 1.5167 0.6948
Pedestrian -1 -1 -1.0746 1017.0116 764.1137 1081.9640 906.0265 1.7314 0.6412 0.5912 1.1514 3.5848 19.4892 -1.0172 0.6748
Pedestrian -1 -1 1.4722 1059.1147 771.3554 1089.5449 850.8054 1.7262 0.6324 0.6171 2.5650 5.0839 33.9697 1.5491 0.2623
Cyclist -1 -1 -1.5744 902.9479 766.3401 967.3904 901.5098 1.6814 0.8806 1.7328 -0.3719 3.7792 21.3057 -1.5885 0.6603
Car -1 -1 -1.3802 541.8459 755.1025 793.2994 960.7645 1.4838 1.7291 3.7725 -2.8090 2.9645 15.1029 -1.5504 0.9895
Car -1 -1 -1.2748 128.0844 715.7859 670.7711 1123.8450 1.5578 1.6803 3.3774 -2.7578 2.1562 8.1545 -1.5672 0.9810
Car -1 -1 -1.4723 801.6396 773.9165 894.6545 858.8665 1.6503 1.9602 4.2528 -2.8680 5.7291 38.7750 -1.5389 0.9643
Car -1 -1 2.0665 0.0000 744.1970 206.8424 859.1005 1.4837 1.7188 4.0507 -14.7649 3.6839 25.5521 1.5666 0.9366
Car -1 -1 1.9064 349.9469 768.8202 464.8190 836.8408 1.4419 1.7620 4.0211 -15.5640 5.6999 42.2305 1.5686 0.7386
Car -1 -1 -1.4294 703.3097 770.2640 853.5999 903.1208 1.5199 1.7559 3.5157 -2.7004 3.9098 22.8004 -1.5384 0.5750
Car -1 -1 2.1805 0.0000 726.1351 3.4991 903.9911 1.6372 1.9686 4.5922 -14.4110 3.0597 18.7037 1.5574 0.3072
