Pedestrian -1 -1 1.3898 1122.2255 774.5004 1171.7456 890.8159 1.6783 0.6411 0.6484 2.8268 3.9939 22.8037 1.5095 0.6297
Pedestrian -1 -1 -0.6103 1022.9262 765.2961 1095.5325 917.9782 1.6994 0.6721 0.5870 1.1688 3.4205 17.8931 -0.5479 0.5795
Cyclist -1 -1 -1.5440 897.9151 765.2654 965.8099 906.7639 1.7121 0.8929 1.9286 -0.3910 3.7732 20.9881 -1.5593 0.4892
Car -1 -1 -1.3702 474.6974 750.4910 778.1551 992.8609 1.4873 1.7609 3.9008 -2.7515 2.7578 13.1680 -1.5600 0.9899
Car -1 -1 -1.1945 0.0000 707.1364 607.4280 1216.0000 1.5200 1.7050 3.3707 -2.7332 1.9534 6.1849 -1.5583 0.9829
Car -1 -1 -1.4627 795.0460 772.9178 891.4341 860.9018 1.6237 1.8936 4.1907 -2.8458 5.4866 36.8963 -1.5323 0.8883
Car -1 -1 -1.3849 675.4125 771.8408 849.3914 917.0004 1.4730 1.7166 3.5484 -2.6539 3.6872 20.7056 -1.5029 0.8093
Car -1 -1 2.1302 0.0000 738.8174 136.7531 871.8427 1.5547 1.7802 4.2656 -14.9397 3.4933 23.3019 1.5870 0.6680
Car -1 -1 1.9522 317.9734 770.1396 441.3990 840.1135 1.4103 1.7202 3.8989 -15.5948 5.5163 40.3040 1.5991 0.6502
Car -1 -1 -1.4998 835.0280 776.2972 897.6816 837.5380 1.5204 1.7401 3.9407 -3.0638 6.6736 48.9178 -1.5553 0.5260
