Pedestrian -1 -1 1.4516 1119.2908 774.1231 1168.7739 892.7838 1.6787 0.6515 0.7428 2.7392 3.9574 22.4642 1.5692 0.7989
Pedestrian -1 -1 -1.0947 1027.2489 772.8558 1094.4280 923.5437 1.6715 0.6082 0.5589 1.1844 3.4680 17.7617 -1.0311 0.7660
Cyclist -1 -1 -1.5561 893.3707 770.1173 960.9831 909.1724 1.7004 0.9173 1.9147 -0.4660 3.8569 21.2487 -1.5744 0.4824
Car -1 -1 -1.1826 0.0000 705.8436 604.9944 1216.0000 1.5178 1.7375 3.4802 -2.7192 1.9339 5.9361 -1.5565 0.9832
Car -1 -1 -1.3520 452.7597 752.5009 769.0010 1004.8479 1.5185 1.7567 3.8495 -2.8223 2.7855 12.9059 -1.5501 0.9819
Car -1 -1 -1.4775 793.2148 783.0910 888.9367 872.8620 1.6354 1.9282 4.1510 -2.8864 5.7426 36.7298 -1.5483 0.8743
Car -1 -1 1.9282 310.7308 774.6486 432.3548 846.7655 1.4295 1.6822 3.9436 -15.6163 5.6128 39.8039 1.5708 0.8575
Car -1 -1 2.1252 0.0000 739.8874 138.7595 874.1282 1.5366 1.8840 4.5006 -14.9806 3.4978 23.2464 1.5797 0.7312
Car -1 -1 -1.3973 673.5836 775.4196 850.7007 928.2689 1.5223 1.7478 3.7228 -2.6303 3.7835 20.5580 -1.5150 0.6913
Car -1 -1 -1.4693 834.2512 784.0971 901.1931 844.4899 1.4445 1.7429 4.0211 -2.9976 6.8388 48.6226 -1.5237 0.5772
