Pedestrian -1 -1 1.4202 1113.8011 772.5082 1157.1699 877.4569 1.6425 0.6253 0.5878 2.8581 4.0979 24.5698 1.5334 0.8235
Pedestrian -1 -1 -1.0047 1015.3412 756.9681 1086.6383 905.3719 1.7625 0.6646 0.6430 1.1430 3.4829 19.0254 -0.9467 0.7524
Pedestrian -1 -1 1.4545 1060.9742 775.6832 1091.2888 853.1054 1.6346 0.5999 0.6634 2.5507 5.0220 33.2524 1.5323 0.5448
Cyclist -1 -1 -1.5174 902.2128 763.8403 967.8162 900.4375 1.6832 0.8272 1.6991 -0.3514 3.7198 21.0541 -1.5308 0.6046
Car -1 -1 -1.2540 57.6319 712.4001 658.6261 1151.8269 1.5537 1.6895 3.3911 -2.7540 2.1021 7.6693 -1.5615 0.9873
Car -1 -1 -1.3720 523.8608 749.6984 789.7547 966.1868 1.5034 1.7282 3.7970 -2.7881 2.8747 14.5146 -1.5475 0.9865
Car -1 -1 -1.4806 805.0912 776.1132 894.4594 858.7901 1.5916 1.8916 4.0088 -2.7912 5.6624 38.2313 -1.5463 0.9601
Car -1 -1 -1.4312 705.6280 765.7274 864.0754 905.4664 1.5376 1.7874 3.8505 -2.5366 3.8267 22.3521 -1.5356 0.8333
Car -1 -1 2.0521 0.0000 735.7366 188.3917 857.5701 1.5371 1.7978 4.3110 -14.8907 3.5533 25.0205 1.5399 0.8020
Car -1 -1 1.9169 339.2525 762.1574 456.9854 830.8571 1.4508 1.7536 4.0240 -15.6035 5.4581 41.6454 1.5737 0.7836
