Pedestrian -1 -1 1.4404 1166.3792 751.5596 1229.3889 900.5423 1.6152 0.6201 0.7358 2.7167 3.1053 17.2205 1.5878 0.8481
Pedestrian -1 -1 -1.5108 1049.7689 735.2694 1117.6761 915.9352 1.6794 0.6320 0.5722 1.2031 2.7830 14.6264 -1.4351 0.7769
Cyclist -1 -1 -1.5340 889.1561 752.8835 958.5410 891.8503 1.7010 0.8961 1.8449 -0.5030 3.5732 20.9468 -1.5545 0.4328
Car -1 -1 -1.2799 171.7624 709.7155 692.6572 1066.7334 1.4479 1.7186 3.7123 -2.7987 2.0540 8.8192 -1.5579 0.9775
Car -1 -1 -0.8163 0.0000 0.0000 238.0905 1216.0000 1.4818 1.7329 3.5948 -2.6897 1.4005 1.9285 -1.5550 0.9277
Car -1 -1 -1.4275 601.2966 742.6071 805.8439 919.5414 1.4591 1.6706 3.6257 -2.7315 2.9068 16.5735 -1.5793 0.8929
Car -1 -1 -1.4367 761.6240 761.4107 878.4900 858.7143 1.5711 1.9314 4.5275 -3.0236 4.7884 32.9349 -1.5206 0.5811
Car -1 -1 1.8856 350.8871 783.7101 481.9983 864.7169 1.6712 2.0567 4.8712 -15.5292 6.4896 42.9201 1.5543 0.5636
Car -1 -1 -1.4777 807.9011 773.4172 876.9769 837.0142 1.4709 1.7145 3.6966 -3.5473 6.1426 45.1734 -1.5487 0.3933
Car -1 -1 1.9866 213.6417 768.2739 372.3534 853.0709 1.5067 1.8325 4.3694 -16.0653 5.1890 36.2086 1.5872 0.3309
