Pedestrian -1 -1 1.4313 1131.7465 777.1846 1184.7603 902.8181 1.6221 0.6232 0.7419 2.7061 3.7575 20.5937 1.5568 0.9104
Pedestrian -1 -1 -1.5596 1039.6320 765.5554 1100.5627 926.4297 1.6810 0.6605 0.6376 1.2077 3.2721 16.5722 -1.4910 0.6762
Pedestrian -1 -1 1.7768 1074.6823 780.8903 1113.7847 875.1523 1.7245 0.6236 0.7436 2.6069 4.8255 29.2825 1.8656 0.2420
Cyclist -1 -1 -1.5481 894.2052 775.0048 956.7361 917.8116 1.7075 0.8197 1.9146 -0.4793 3.8970 20.8548 -1.5674 0.4769
Car -1 -1 -1.3484 386.7216 741.8630 757.6921 1030.9797 1.5331 1.7971 4.0568 -2.7703 2.6005 11.6121 -1.5630 0.9878
Car -1 -1 -1.1084 0.0000 689.0958 529.9666 1216.0000 1.5216 1.6986 3.4488 -2.6840 1.7923 4.5700 -1.5576 0.9629
Car -1 -1 1.9353 281.7387 775.3834 411.2629 851.2444 1.4472 1.7124 3.9928 -15.7295 5.5203 38.4739 1.5643 0.7576
Car -1 -1 -1.4355 657.1443 767.6870 837.9390 932.8125 1.5568 1.7569 3.6699 -2.6236 3.5594 19.1298 -1.5616 0.4776
Car -1 -1 -1.5096 824.5514 788.2978 890.2834 852.8714 1.5031 1.7995 4.2451 -3.2644 6.9445 47.6769 -1.5705 0.3658
Car -1 -1 1.9171 389.7585 815.4278 507.6767 889.8286 1.5778 1.9350 4.4775 -15.5457 7.6781 45.6108 1.6046 0.3000
