Pedestrian -1 -1 -1.5760 1050.4185 739.3964 1117.6121 918.3798 1.6839 0.6515 0.6663 1.2168 2.8503 14.8791 -1.5005 0.7539
Pedestrian -1 -1 1.4651 1159.3046 752.0405 1217.7786 894.5605 1.6110 0.6247 0.5654 2.6876 3.1428 17.7229 1.6073 0.6507
Cyclist -1 -1 -1.5250 887.3272 752.6871 959.9390 891.5795 1.6900 0.9211 1.8888 -0.5037 3.5586 20.9111 -1.5456 0.4167
Car -1 -1 -1.2892 219.2520 715.5012 706.6772 1057.5220 1.4481 1.7052 3.7278 -2.7658 2.1196 9.2048 -1.5540 0.9817
Car -1 -1 -1.4088 603.3491 747.6292 811.7957 922.5514 1.4781 1.7167 3.5589 -2.7503 3.0151 16.9385 -1.5584 0.9579
Car -1 -1 -0.7912 0.0000 380.4082 317.3959 1216.0000 1.5108 1.7323 3.6488 -2.6694 1.4725 2.1192 -1.4949 0.9089
Car -1 -1 -1.4774 768.9498 762.8815 877.9468 860.2199 1.5797 1.9413 4.6331 -2.9755 4.8576 33.1974 -1.5592 0.8833
Car -1 -1 1.8625 365.4728 781.7390 491.0228 861.0489 1.6503 2.0456 4.8410 -15.3209 6.4461 43.2736 1.5377 0.8687
Car -1 -1 -1.4584 822.4784 771.9344 897.1658 835.3302 1.4223 1.7790 4.0528 -3.0187 6.0726 45.2261 -1.5180 0.4904
Car -1 -1 1.9743 221.1956 767.4893 379.8047 852.0529 1.5177 1.8902 4.4333 -16.0391 5.2163 36.5650 1.5789 0.4101
