Pedestrian -1 -1 -1.5401 1043.8281 736.7819 1109.4708 913.0139 1.6879 0.6477 0.7316 1.1818 2.8566 15.2241 -1.4682 0.7190
Pedestrian -1 -1 1.4473 1150.0803 756.1077 1206.6997 893.2914 1.6146 0.6220 0.5672 2.6717 3.2577 18.4394 1.5838 0.6818
Pedestrian -1 -1 1.6582 1084.2885 763.2495 1123.4255 864.5168 1.7282 0.6461 0.6941 2.5793 4.2644 27.0139 1.7525 0.3960
Pedestrian -1 -1 2.6724 17.5507 714.3876 86.6605 832.6354 1.7689 0.7042 0.6966 -14.3386 3.2095 23.5890 2.1514 0.3362
Cyclist -1 -1 -1.5112 885.0046 752.6226 959.6377 891.8449 1.6923 0.9237 1.9231 -0.5222 3.5653 20.9514 -1.5326 0.4102
Car -1 -1 -1.2931 260.3202 723.0306 721.1573 1049.6729 1.4563 1.7244 3.8138 -2.7786 2.2229 9.7540 -1.5456 0.9759
Car -1 -1 -1.4097 616.2973 750.1275 816.6116 920.6490 1.4830 1.6981 3.5794 -2.7391 3.0959 17.4581 -1.5542 0.9503
Car -1 -1 -0.9144 0.0000 628.3655 382.2422 1216.0000 1.4906 1.7742 3.7280 -2.6481 1.5010 2.5949 -1.5477 0.9375
Car -1 -1 -1.4821 765.8677 762.3600 874.8611 860.2493 1.6270 1.9980 4.6366 -3.0914 4.9386 33.7039 -1.5660 0.9315
Car -1 -1 1.8231 385.4257 777.1416 501.6659 853.6014 1.6217 2.0201 4.8698 -15.1868 6.3701 44.1476 1.5067 0.7521
Car -1 -1 -1.4920 824.5026 770.8167 896.7480 835.8812 1.4567 1.8231 4.3582 -3.0122 6.1139 45.5320 -1.5510 0.5068
Car -1 -1 1.9411 239.5441 754.7485 389.2097 836.0631 1.5115 1.8744 4.4049 -15.9398 4.9261 37.1058 1.5525 0.3364
