Pedestrian -1 -1 1.4475 1134.7688 768.9714 1188.2970 898.7047 1.6234 0.6078 0.8541 2.6830 3.6004 20.0928 1.5747 0.8856
Pedestrian -1 -1 -1.1114 1029.2208 762.0469 1107.2277 924.1786 1.6519 0.6445 0.6241 1.1756 3.1955 16.3993 -1.0440 0.5814
Pedestrian -1 -1 1.4733 1076.1859 771.6957 1115.2406 866.9435 1.7419 0.6822 0.7341 2.5896 4.6111 28.8589 1.5627 0.4426
Cyclist -1 -1 -1.5052 892.7017 769.0551 959.0726 909.0677 1.6987 0.8051 1.9059 -0.4789 3.8276 21.1133 -1.5243 0.4220
Cyclist -1 -1 1.4475 1134.7688 768.9714 1188.2970 898.7047 1.6234 0.6078 0.8541 2.6830 3.6004 20.0928 1.5747 0.1087
Car -1 -1 -1.3290 353.8432 741.4099 749.2261 1035.7847 1.4746 1.7763 4.0363 -2.7858 2.5004 11.1339 -1.5534 0.9845
Car -1 -1 -1.0510 0.0000 661.1178 494.3487 1216.0000 1.5529 1.7544 3.7165 -2.7419 1.6956 4.0154 -1.5512 0.9716
Car -1 -1 1.9099 275.6783 777.5267 403.0685 854.9366 1.4458 1.6765 4.0810 -15.7806 5.5516 38.1592 1.5351 0.8762
Car -1 -1 -1.4262 645.1097 770.7136 826.8466 933.4494 1.5063 1.7163 3.6380 -2.7446 3.5322 18.9480 -1.5594 0.8281
Car -1 -1 1.8917 377.0815 825.1834 485.1291 895.6196 1.4594 1.7674 4.2364 -15.9332 7.7915 45.1595 1.5690 0.7742
Car -1 -1 -1.5097 825.0535 784.3213 890.0999 848.3401 1.4824 1.7580 4.1538 -3.2173 6.7196 47.0497 -1.5707 0.5314
Car -1 -1 -1.4785 778.0557 778.0560 884.6656 877.8087 1.6781 2.0030 4.7510 -2.9468 5.4963 34.8904 -1.5551 0.5083
