Pedestrian -1 -1 1.4375 1146.2255 762.9836 1200.3540 895.4542 1.5996 0.6010 0.6156 2.6892 3.3831 19.0077 1.5713 0.8149
Pedestrian -1 -1 -0.6604 36.4250 749.2034 107.4109 862.6989 1.7191 0.7578 0.6630 -14.3267 3.7598 24.0969 -1.1710 0.6398
Pedestrian -1 -1 -1.0025 1035.4022 748.6871 1115.5140 919.8604 1.6797 0.6434 0.5501 1.1983 3.0121 15.6841 -0.9312 0.5781
Cyclist -1 -1 -1.5008 886.9660 755.1592 957.7045 894.9320 1.7062 0.8549 1.9364 -0.5266 3.6288 21.0845 -1.5221 0.3617
Car -1 -1 -1.3107 307.7460 729.4744 730.9803 1037.0958 1.4519 1.7229 3.7786 -2.7670 2.3027 10.2601 -1.5510 0.9780
Car -1 -1 -0.9901 0.0000 646.3429 443.6362 1216.0000 1.4863 1.7451 3.5674 -2.6157 1.5575 3.1673 -1.5508 0.9619
Car -1 -1 -1.4222 627.6842 751.9597 817.3334 919.5737 1.5100 1.6863 3.5506 -2.7545 3.1870 17.9549 -1.5635 0.9497
Car -1 -1 -1.4945 768.6642 761.6887 865.4709 856.0303 1.6511 1.8588 4.1007 -3.2317 4.9683 34.2050 -1.5810 0.8590
Car -1 -1 1.9412 259.3680 761.4630 395.4617 838.9635 1.4671 1.7307 4.0730 -15.8301 5.0847 37.5679 1.5594 0.6395
Car -1 -1 -1.4750 826.5248 772.8469 899.1373 835.7921 1.4232 1.8024 4.2221 -2.9799 6.1896 46.0345 -1.5327 0.6338
Car -1 -1 1.8507 366.1817 761.2568 485.2973 835.2790 1.6236 2.0039 4.7928 -15.7441 5.8798 44.2367 1.5235 0.5327
