Pedestrian -1 -1 1.3927 1235.6031 766.5333 1328.7188 966.2742 1.6300 0.6518 0.8570 2.8299 2.9261 13.2515 1.5855 0.8520
Pedestrian -1 -1 -1.5518 1100.5470 753.4644 1185.0352 977.6799 1.7225 0.6690 0.6125 1.4857 2.8039 12.2322 -1.4429 0.6971
Pedestrian -1 -1 2.0311 1128.7715 792.2524 1188.4562 913.5045 1.6467 0.6798 0.5850 2.8955 4.1496 21.9337 2.1578 0.4255
Cyclist -1 -1 -1.6097 908.3560 776.1285 972.3002 916.4078 1.6868 0.8281 1.8149 -0.3118 3.8950 20.9085 -1.6214 0.4925
Car -1 -1 -1.1874 0.0000 693.4291 611.1260 1216.0000 1.5436 1.7598 3.8263 -2.7182 1.9014 5.8873 -1.5638 0.9877
Car -1 -1 -1.3749 510.0796 760.0855 788.0792 994.3219 1.5185 1.7250 3.5143 -2.6587 2.9001 13.5113 -1.5539 0.9494
Car -1 -1 -1.4566 821.7176 797.2255 903.5777 870.8094 1.4423 1.7665 4.2099 -2.6837 6.4776 41.5443 -1.5138 0.8027
Car -1 -1 -1.4794 753.4977 791.6204 876.2307 908.4991 1.6389 1.9738 4.5439 -2.8189 5.2088 29.7433 -1.5656 0.7830
Car -1 -1 1.9907 170.6772 767.3890 330.0866 854.8720 1.4328 1.6351 3.9518 -15.5392 4.7570 32.9109 1.5691 0.6433
Car -1 -1 1.8545 418.9790 781.0529 522.2720 848.9025 1.6155 1.9549 4.2789 -15.5717 6.8203 47.6889 1.5531 0.3683
