Pedestrian -1 -1 -1.6624 1152.8268 754.4348 1264.8201 1012.7220 1.7060 0.7175 0.5186 1.7168 2.6339 10.4340 -1.5185 0.7547
Pedestrian -1 -1 1.3195 1327.8987 750.8228 1454.8311 1006.4344 1.6608 0.6775 0.7193 2.9850 2.5696 10.4322 1.5686 0.7495
Pedestrian -1 -1 2.4519 1158.4581 778.0825 1231.1455 921.8381 1.6906 0.7233 0.5863 2.9680 3.6873 19.0312 2.5991 0.6441
Cyclist -1 -1 -1.3930 920.5651 773.1200 1001.4913 914.3967 1.6736 0.8100 1.7840 0.0184 3.8156 20.6606 -1.3899 0.5177
Car -1 -1 -1.0478 0.0000 675.9623 515.7069 1216.0000 1.4464 1.7405 3.7139 -2.5801 1.6386 3.7513 -1.5462 0.9764
Car -1 -1 -1.3727 451.0244 747.2646 787.8543 1025.5327 1.5014 1.7387 3.4831 -2.3998 2.5734 11.3538 -1.5635 0.9686
Car -1 -1 1.6880 759.6332 780.6552 894.9929 902.7468 1.5682 1.9084 4.6946 -2.3742 4.6984 27.6708 1.6100 0.9155
Car -1 -1 2.0012 141.5184 760.5778 314.4081 853.6356 1.4482 1.6612 3.9301 -15.0754 4.4371 30.9758 1.5685 0.9077
Car -1 -1 1.9152 303.3645 789.8589 442.8647 876.9566 1.6014 1.8491 4.4684 -14.9343 6.0669 38.2386 1.5603 0.8219
Car -1 -1 -1.4648 831.9549 795.1224 916.6025 872.0789 1.4258 1.7551 4.1956 -2.2303 6.1472 39.3346 -1.5145 0.8010
Car -1 -1 -1.5250 857.6907 791.7977 920.3992 856.6437 1.6013 1.8429 3.8832 -2.3209 7.2756 48.8958 -1.5655 0.5008
