Pedestrian -1 -1 1.4076 1216.1396 769.3817 1293.8569 948.8243 1.6338 0.6472 0.5233 2.8040 3.0422 14.3117 1.5862 0.7754
Pedestrian -1 -1 -1.4278 1085.5936 761.1666 1168.2786 970.1376 1.6725 0.6275 0.6362 1.4304 2.8789 12.8546 -1.3274 0.6470
Pedestrian -1 -1 2.2126 1107.8601 785.0234 1167.1973 902.2600 1.6634 0.6641 0.6199 2.7001 4.1650 22.9097 2.3266 0.5226
Cyclist -1 -1 -1.4886 897.6370 769.9075 973.2936 911.1382 1.7203 0.9139 1.7062 -0.3401 3.8336 20.9112 -1.5016 0.5392
Car -1 -1 -1.2103 0.0000 707.6666 648.3685 1216.0000 1.5028 1.7496 3.8176 -2.7183 1.9817 6.7248 -1.5491 0.9896
Car -1 -1 -1.3854 541.3843 760.7793 793.0989 980.3632 1.5368 1.6890 3.5118 -2.6893 3.0082 14.4241 -1.5555 0.9524
Car -1 -1 -1.4798 819.5887 790.1927 895.8594 862.3691 1.4726 1.7448 4.1480 -2.8718 6.3724 42.2291 -1.5403 0.9418
Car -1 -1 1.8476 422.8502 779.4919 527.8459 847.3160 1.5926 1.9609 4.6241 -15.5418 6.8044 48.0832 1.5491 0.5225
Car -1 -1 -1.4476 757.8979 785.4383 883.4342 897.8902 1.5989 1.9364 4.7879 -2.7818 5.1489 30.6370 -1.5301 0.4317
Car -1 -1 1.9783 182.6996 770.9095 340.6475 859.2222 1.4761 1.6979 4.0419 -15.6716 4.9672 33.7286 1.5627 0.3917
Car -1 -1 -1.4971 822.8154 790.6806 887.7877 856.4490 1.6343 1.8061 3.8222 -3.4146 7.2538 48.7692 -1.5594 0.3796
Car -1 -1 1.8910 333.9888 804.0289 465.5608 885.9689 1.5804 1.9937 4.5190 -15.3266 6.7750 41.0871 1.5509 0.3283
