Pedestrian -1 -1 -1.6219 1114.9263 750.3162 1209.4856 987.8001 1.7115 0.6784 0.7479 1.5450 2.7169 11.5916 -1.5034 0.7668
Pedestrian -1 -1 1.7559 1141.2328 785.2025 1198.0800 910.3489 1.6318 0.6893 0.6121 2.9185 3.9170 20.9195 1.8890 0.5961
Pedestrian -1 -1 1.3651 1270.3584 762.8375 1362.0165 971.2474 1.6191 0.6217 0.5595 2.9039 2.7771 12.2724 1.5763 0.5692
Cyclist -1 -1 -1.5061 908.6381 780.0621 981.7228 919.5203 1.6659 0.8976 1.8359 -0.2032 3.9326 20.9036 -1.5128 0.4375
Car -1 -1 -1.1496 0.0000 686.0937 587.0707 1216.0000 1.5062 1.7622 3.7834 -2.6552 1.7937 5.1242 -1.5597 0.9855
Car -1 -1 -1.3819 501.6138 757.0128 795.2369 1004.2485 1.5044 1.7332 3.5532 -2.5032 2.7926 12.7949 -1.5596 0.9652
Car -1 -1 -1.4301 755.2234 789.8624 889.1052 904.3904 1.5643 1.9550 4.2862 -2.6000 5.0006 28.9532 -1.5117 0.8721
Car -1 -1 -1.4636 821.3832 796.3332 904.7494 872.5020 1.4487 1.7701 4.3733 -2.6133 6.3702 40.7029 -1.5204 0.7154
Car -1 -1 1.8249 326.9366 791.7340 453.6566 878.0128 1.6052 1.9469 4.6338 -14.9744 6.2777 39.4860 1.4795 0.6694
Car -1 -1 1.9945 153.9169 769.1685 319.8203 858.5667 1.4182 1.6615 3.9481 -15.4327 4.7045 32.0860 1.5662 0.5750
Car -1 -1 1.8565 417.3035 782.6516 518.2462 847.7963 1.4940 1.8305 4.1619 -15.2893 6.6253 46.5463 1.5535 0.4144
