Pedestrian -1 -1 1.3948 1223.1105 760.4518 1312.5570 952.5705 1.6486 0.6718 0.7687 2.8106 2.9317 13.7673 1.5801 0.6917
Pedestrian -1 -1 -1.4967 1092.7473 754.3526 1172.1785 975.3146 1.7350 0.6229 0.6123 1.4393 2.8494 12.5165 -1.3933 0.6414
Pedestrian -1 -1 2.0435 1111.9576 787.0391 1170.1990 905.4965 1.6537 0.6732 0.5963 2.7067 4.1405 22.5020 2.1595 0.5750
Pedestrian -1 -1 -1.6292 913.0491 771.0059 971.9107 915.9549 1.7474 0.7187 1.6664 -0.2749 3.8447 20.6099 -1.6395 0.1169
Cyclist -1 -1 -1.5309 906.1005 775.1542 970.9965 915.9380 1.6933 0.8260 1.7949 -0.2974 3.8782 20.8365 -1.5420 0.5050
Car -1 -1 -1.1977 0.0000 711.6467 622.3307 1216.0000 1.4930 1.7337 3.7316 -2.7267 1.9642 6.2459 -1.5579 0.9880
Car -1 -1 -1.3990 532.1929 757.1819 794.2671 984.3927 1.5364 1.7367 3.5766 -2.6303 2.9316 13.9838 -1.5705 0.9739
Car -1 -1 -1.4655 755.3135 787.0012 873.2929 895.9112 1.5598 1.8701 4.2501 -2.8588 5.0370 29.9358 -1.5525 0.9399
Car -1 -1 -1.4576 818.7406 796.1802 897.7066 868.0291 1.4355 1.7235 4.0737 -2.8330 6.4699 41.8747 -1.5178 0.8318
Car -1 -1 1.9067 317.6193 802.0403 452.9028 886.0619 1.6084 1.9604 4.5697 -15.5370 6.6906 40.6076 1.5585 0.7337
Car -1 -1 1.9766 171.0672 766.9831 331.0020 853.5728 1.4273 1.7015 4.0295 -15.7219 4.7868 33.3321 1.5553 0.5281
