Pedestrian -1 -1 -1.5609 1114.7681 751.8027 1200.7380 986.4238 1.7200 0.6482 0.6038 1.5311 2.7394 11.6718 -1.4442 0.8194
Pedestrian -1 -1 1.3626 1252.3064 762.5476 1354.0801 972.7317 1.6300 0.6582 0.8547 2.8635 2.8281 12.5876 1.5665 0.6745
Pedestrian -1 -1 1.5781 1144.4661 790.3452 1192.1018 909.2568 1.5843 0.6602 0.5996 2.9375 3.9701 21.2218 1.7104 0.5491
Cyclist -1 -1 -1.4740 903.6522 774.7673 979.8647 922.0161 1.7420 0.8684 1.8379 -0.2463 3.9007 20.5867 -1.4830 0.3852
Car -1 -1 -1.1421 0.0000 694.8960 595.2794 1216.0000 1.4954 1.7654 3.8911 -2.6812 1.8329 5.2451 -1.5482 0.9869
Car -1 -1 -1.4051 513.3469 757.3468 791.0421 1002.3545 1.5302 1.7244 3.5036 -2.5243 2.8380 13.0049 -1.5814 0.9699
Car -1 -1 -1.4484 823.5477 799.7227 906.3913 874.2081 1.4559 1.7549 3.9950 -2.5811 6.4787 40.9130 -1.5041 0.8994
Car -1 -1 2.0143 157.6791 767.6564 330.8295 859.2301 1.4641 1.7229 4.1102 -15.4351 4.7585 32.4387 1.5900 0.4517
Car -1 -1 1.8811 318.9263 777.2790 456.6518 864.0399 1.6643 1.9550 4.8705 -15.1610 5.9747 39.8316 1.5340 0.3744
Car -1 -1 -1.4641 832.3201 782.4264 905.1013 850.3605 1.6402 1.8670 3.9314 -2.8905 6.8507 47.4522 -1.5178 0.2414
Car -1 -1 -1.4542 747.8810 795.3755 875.5942 909.4814 1.5202 1.9080 4.5772 -2.8188 5.1077 29.1552 -1.5423 0.1981
