Pedestrian -1 -1 1.4205 1205.8949 760.3693 1278.9041 932.9442 1.6503 0.6458 0.4905 2.8041 3.0274 14.9492 1.5926 0.7801
Pedestrian -1 -1 -1.5304 1080.6650 753.6207 1153.9943 958.2449 1.6977 0.6249 0.6436 1.3866 2.8670 13.2229 -1.4354 0.6474
Pedestrian -1 -1 2.6310 1105.7683 779.7272 1159.4497 893.9709 1.6846 0.6615 0.5936 2.7016 4.1725 23.6103 2.7421 0.5311
Cyclist -1 -1 -1.5813 900.2078 771.7792 970.5790 910.8624 1.6894 0.9466 1.8161 -0.3704 3.8449 21.0265 -1.5956 0.5964
Car -1 -1 -1.2345 0.0000 708.5236 652.7794 1197.6602 1.5110 1.7267 3.7379 -2.7409 2.0154 7.1407 -1.5595 0.9885
Car -1 -1 -1.4672 817.5626 791.0443 893.9002 861.1164 1.4553 1.7406 4.0236 -2.9709 6.4390 42.8103 -1.5291 0.9491
Car -1 -1 -1.3972 547.7803 757.6108 791.6341 967.1143 1.4935 1.6898 3.5356 -2.7176 2.9532 14.6767 -1.5664 0.9275
Car -1 -1 -1.4408 757.2431 781.0516 878.9589 889.4280 1.5882 1.8840 4.5732 -2.8716 5.0627 30.9478 -1.5254 0.9010
Car -1 -1 1.8826 336.3740 802.0894 460.8583 883.7479 1.6075 1.8884 4.4452 -15.5016 6.7853 41.4501 1.5416 0.7292
Car -1 -1 2.0064 185.5141 761.2101 345.5053 845.8764 1.4454 1.7054 4.0315 -15.7641 4.7402 34.1128 1.5922 0.3502
