Pedestrian -1 -1 -1.6751 1145.9301 751.1938 1248.6890 998.7333 1.6799 0.6645 0.5701 1.6860 2.6125 10.7467 -1.5372 0.7326
Pedestrian -1 -1 2.4666 1154.0667 780.8532 1222.6648 918.7061 1.6724 0.6963 0.5797 2.9731 3.7632 19.6016 2.6102 0.4516
Pedestrian -1 -1 -1.7663 1314.6704 753.6119 1422.4923 990.3633 1.6366 0.6529 0.5671 2.9738 2.6053 10.9580 -1.5282 0.3680
Cyclist -1 -1 -1.5462 919.8672 771.3918 985.1918 911.3330 1.6660 0.8515 1.8280 -0.1010 3.7802 20.6593 -1.5486 0.5477
Car -1 -1 -1.0746 0.0000 672.2269 527.1771 1216.0000 1.4689 1.7394 3.7898 -2.6210 1.6574 4.0475 -1.5546 0.9806
Car -1 -1 -1.3744 471.6649 748.6230 791.5979 1016.1295 1.5114 1.7275 3.4612 -2.4166 2.6315 11.7987 -1.5598 0.9765
Car -1 -1 -1.4291 759.3950 780.7171 892.1831 891.5953 1.4489 1.8380 4.2632 -2.4327 4.5801 27.8667 -1.5086 0.9368
Car -1 -1 -1.4827 829.3509 789.4720 906.4466 864.7365 1.5251 1.7248 3.5562 -2.4529 6.1267 40.0076 -1.5369 0.9324
Car -1 -1 1.9189 306.9998 777.6158 452.9462 863.0215 1.5993 1.9740 4.6746 -14.9347 5.7920 38.7154 1.5676 0.6381
Car -1 -1 2.0461 132.4079 759.0201 321.5569 853.8972 1.4693 1.7922 4.1031 -15.1671 4.4501 31.1486 1.6131 0.5749
Car -1 -1 -1.4605 796.6272 787.1484 894.3441 876.8273 1.4964 1.7660 3.7400 -2.5537 5.3655 33.7552 -1.5286 0.5641
Car -1 -1 -1.5167 858.9969 792.8157 918.3945 852.9177 1.4953 1.7260 3.5333 -2.3392 7.1877 48.9180 -1.5576 0.3624
