Pedestrian -1 -1 1.4116 1196.6445 759.0208 1266.7645 927.0201 1.6656 0.6324 0.5513 2.8051 3.0850 15.5483 1.5779 0.8339
Pedestrian -1 -1 -1.6077 1069.8989 750.2552 1141.8259 950.7449 1.7214 0.6224 0.6663 1.3089 2.8928 13.6246 -1.5202 0.7498
Pedestrian -1 -1 1.7956 1099.6802 767.4889 1147.4830 879.3972 1.7132 0.6620 0.5616 2.6309 4.0578 24.2172 1.9014 0.6431
Cyclist -1 -1 -1.5647 899.9655 764.3087 967.6962 903.5342 1.7052 0.9108 1.7826 -0.3766 3.7467 21.0038 -1.5793 0.5464
Car -1 -1 -1.2383 6.4741 723.5455 667.4741 1166.6088 1.4364 1.7326 3.6707 -2.7408 2.0552 7.5271 -1.5495 0.9888
Car -1 -1 -1.4254 570.6328 752.2698 796.1744 955.9963 1.5398 1.7068 3.5560 -2.7144 2.9986 15.3359 -1.5876 0.9423
Car -1 -1 -1.4397 747.4071 773.4910 872.8445 879.9504 1.6473 2.0353 4.2435 -3.0802 4.9760 31.3379 -1.5296 0.9350
Car -1 -1 -1.4706 819.4898 787.1959 897.9924 857.6340 1.4506 1.8036 4.4344 -2.9202 6.4080 43.4267 -1.5305 0.7454
Car -1 -1 1.9663 199.1670 762.3268 350.3012 846.3481 1.4658 1.7228 3.9603 -15.7826 4.8284 34.5980 1.5569 0.4746
Car -1 -1 1.8429 351.6641 802.0757 471.4589 882.5435 1.5818 1.9273 4.6298 -15.4183 6.8627 42.2033 1.5092 0.2471
Car -1 -1 1.8813 419.8246 778.2596 528.8260 846.9839 1.6274 1.9474 4.6797 -15.6276 6.8171 48.2548 1.5822 0.2470
