Pedestrian -1 -1 1.4257 1210.3210 764.1025 1290.9563 942.1661 1.7504 0.7347 0.6024 2.9914 3.2227 15.5034 1.6032 0.7364
Pedestrian -1 -1 1.2674 1507.0590 715.1895 1710.9081 1113.4498 1.7048 0.6305 0.8044 3.0059 2.1529 7.0055 1.6141 0.6441
Pedestrian -1 -1 -1.6691 1237.7947 740.1389 1377.0084 1063.7015 1.6917 0.6859 0.6328 1.9313 2.3669 8.4140 -1.4752 0.5242
Pedestrian -1 -1 2.1845 912.5292 812.1694 940.2075 874.1685 1.7254 0.6088 0.5631 -1.0372 7.3438 44.4620 2.1674 0.4449
Cyclist -1 -1 -1.5533 959.8077 779.4232 1024.9423 928.9977 1.7644 0.8565 1.9105 0.4471 3.9955 20.6201 -1.5305 0.3907
Car -1 -1 -1.3505 297.1670 736.7043 765.2113 1106.5558 1.4735 1.7592 3.4807 -2.2459 2.2589 8.7593 -1.5771 0.9621
Car -1 -1 -1.4205 760.2515 782.0804 921.4390 919.3262 1.5848 1.9769 4.5310 -1.8929 4.4545 24.9638 -1.4891 0.9094
Car -1 -1 -1.5022 845.4772 799.5276 933.0611 887.3322 1.4999 1.8062 4.3454 -1.6939 6.0172 36.4860 -1.5421 0.8621
Car -1 -1 2.0366 77.8328 763.6179 275.8082 865.2224 1.4260 1.6691 3.9175 -14.7268 4.2354 28.3212 1.5791 0.8583
Car -1 -1 -0.7451 0.0000 0.0000 1936.0000 1216.0000 1.5017 1.7209 3.8087 -2.3550 1.4070 1.1882 -1.5584 0.5698
Car -1 -1 -1.5084 875.0893 804.8168 941.2747 868.9521 1.4387 1.7861 3.7859 -1.6009 7.2349 46.2547 -1.5365 0.5348
Car -1 -1 2.1476 0.0000 728.4172 78.4905 868.1550 1.4807 1.7699 4.2069 -14.5646 3.0847 21.0680 1.5717 0.3655
Car -1 -1 1.9092 294.3217 769.7593 445.2258 859.9944 1.5969 1.9040 4.6140 -14.2209 5.3335 36.2507 1.5526 0.3407
