Pedestrian -1 -1 -1.8340 1681.6689 719.8511 1936.0000 1216.0000 1.7249 0.6363 0.7175 3.0346 2.0912 5.3635 -1.4071 0.6068
Pedestrian -1 -1 1.3414 1256.5804 777.2416 1352.8553 975.5384 1.7151 0.7144 0.7252 3.1749 3.1662 13.8741 1.5486 0.5598
Pedestrian -1 -1 -1.7107 1301.3176 745.1483 1451.5819 1112.6648 1.6794 0.6078 0.6658 2.0437 2.3053 7.4261 -1.4834 0.4958
Cyclist -1 -1 -1.4112 965.9240 792.7616 1051.7482 940.1940 1.7114 0.8964 1.8600 0.6799 4.1394 20.6319 -1.3777 0.4736
Car -1 -1 -1.4411 763.5414 789.4418 920.7804 926.9907 1.4760 1.8852 4.4913 -1.7848 4.3533 23.8499 -1.5088 0.9713
Car -1 -1 -1.3189 167.1999 733.8308 749.3213 1180.3689 1.4726 1.7614 3.4560 -2.1876 2.1451 7.5041 -1.5718 0.9707
Car -1 -1 -1.4632 849.0092 800.3859 942.6516 889.3451 1.4894 1.7568 4.0899 -1.4889 5.8947 35.4373 -1.4989 0.9301
Car -1 -1 2.0606 43.7261 780.9974 276.3031 897.9735 1.5054 1.8321 4.3397 -14.4564 4.5832 27.2927 1.5972 0.8876
Car -1 -1 -1.5318 889.4257 803.0756 955.2233 874.0222 1.5382 1.7894 4.1378 -1.1266 7.1472 44.9902 -1.5506 0.7538
Car -1 -1 1.9610 266.0332 793.8152 426.2638 888.6213 1.5537 1.8294 4.3673 -14.0995 5.7062 34.5600 1.5924 0.7023
Car -1 -1 1.9138 390.4901 784.4327 505.1211 856.2523 1.4713 1.7202 4.0075 -14.2332 6.1336 41.6749 1.6000 0.3417
Car -1 -1 2.1612 0.0000 759.8784 47.5736 912.0860 1.4490 1.7233 4.2151 -14.4189 3.4520 20.0834 1.5703 0.3228
