Pedestrian -1 -1 1.3516 1270.6768 771.2181 1375.4097 981.9708 1.7246 0.7205 0.8523 3.1923 3.0636 13.2579 1.5682 0.6313
Pedestrian -1 -1 -1.8242 1330.0725 749.9154 1497.0719 1120.9490 1.6181 0.5904 0.6440 2.1188 2.2358 7.0646 -1.5789 0.5807
Pedestrian -1 -1 1.3421 1762.5782 687.7680 1936.0000 1216.0000 1.7372 0.6433 0.6825 3.0582 1.9587 4.8638 1.8031 0.5519
Cyclist -1 -1 -1.4558 974.0803 791.0692 1058.0615 944.0714 1.7646 0.9327 1.9248 0.7755 4.1550 20.4903 -1.4178 0.4323
Car -1 -1 -1.2846 64.1528 726.6306 740.3290 1216.0000 1.5160 1.7632 3.4163 -2.1634 2.0965 6.8124 -1.5562 0.9631
Car -1 -1 -1.4315 764.0214 796.3932 921.5660 932.7206 1.4497 1.8564 4.1499 -1.7495 4.3798 23.4138 -1.4990 0.9597
Car -1 -1 -1.4761 850.9635 808.2501 943.0564 899.1030 1.4800 1.7354 4.0636 -1.4362 6.0064 34.8379 -1.5109 0.9081
Car -1 -1 2.1216 25.0829 780.3923 259.3698 898.6502 1.5110 1.7258 4.0645 -14.4741 4.5058 26.7079 1.6492 0.8516
Car -1 -1 1.9098 267.1865 793.8494 420.0157 888.5858 1.5233 1.7847 4.4654 -14.0780 5.6609 34.3643 1.5398 0.7430
Car -1 -1 -1.4722 878.4930 806.9859 950.6257 876.0945 1.5016 1.7638 3.7244 -1.3483 7.1600 44.5487 -1.4961 0.4738
Car -1 -1 1.8237 485.9155 795.4431 584.2667 866.0174 1.6031 1.8314 4.7933 -13.6001 7.3515 48.0001 1.5613 0.4612
Car -1 -1 -1.4069 791.7800 797.0830 926.6720 911.3882 1.4952 1.8508 4.1724 -1.8405 5.0013 28.2784 -1.4650 0.3903
Car -1 -1 1.8455 394.0099 794.6931 502.0499 869.5715 1.4750 1.6945 4.0690 -13.9597 6.3525 40.8926 1.5322 0.3732
