Pedestrian -1 -1 -1.8241 1341.8645 745.5035 1475.8406 1016.8621 1.6869 0.6760 0.7417 2.9761 2.5233 9.9995 -1.5667 0.6462
Pedestrian -1 -1 1.5736 1170.3080 771.2629 1230.6165 916.4676 1.6987 0.7295 0.6590 2.9792 3.5609 18.6450 1.7240 0.6033
Pedestrian -1 -1 -1.3093 901.0646 804.9828 925.4357 862.1951 1.6956 0.6412 0.5436 -1.5012 7.3719 46.7969 -1.3349 0.4141
Pedestrian -1 -1 -1.6094 1154.9675 745.3790 1263.8447 1013.5577 1.7333 0.7058 0.6119 1.6988 2.5917 10.3134 -1.4656 0.4109
Cyclist -1 -1 -1.4329 921.8541 775.6970 1003.1116 919.8588 1.7198 0.8820 1.8510 0.0401 3.9227 20.8665 -1.4288 0.4547
Car -1 -1 -1.3531 429.6903 751.4700 787.8519 1044.8772 1.5172 1.7467 3.5230 -2.3961 2.6032 11.0501 -1.5483 0.9827
Car -1 -1 -1.0259 0.0000 677.2448 503.9675 1216.0000 1.4421 1.7476 3.7232 -2.5471 1.6296 3.4728 -1.5441 0.9678
Car -1 -1 -1.4687 833.9890 798.5221 917.5400 876.2667 1.4295 1.7280 4.0396 -2.1620 6.1709 38.7751 -1.5174 0.9411
Car -1 -1 2.0141 129.0359 764.4932 310.4908 859.9062 1.4516 1.6998 4.0431 -15.1054 4.5076 30.7110 1.5776 0.9236
Car -1 -1 -1.4766 764.0801 785.5586 896.8915 908.1664 1.5705 1.9546 4.4226 -2.2836 4.7347 27.2247 -1.5527 0.9229
Car -1 -1 1.9420 291.7827 781.0565 449.0621 871.8715 1.6489 2.0231 4.8213 -14.8561 5.8619 37.9202 1.5859 0.8119
Car -1 -1 -1.5452 864.6974 800.6662 923.9272 863.1675 1.5061 1.7891 3.6758 -2.1252 7.3980 48.2802 -1.5823 0.3905
Car -1 -1 1.8920 410.8873 781.4108 519.7092 848.8004 1.4860 1.8004 4.2999 -14.9124 6.4430 45.1984 1.5878 0.3835
Car -1 -1 2.1248 0.0000 734.6291 137.2053 859.5421 1.4629 1.7293 4.3035 -15.0046 3.3440 23.4738 1.5823 0.3806
