Pedestrian -1 -1 -1.8489 1374.1841 743.0934 1521.2164 1039.6415 1.6907 0.6646 0.7280 2.9687 2.4453 9.1818 -1.5734 0.8148
Pedestrian -1 -1 -1.6730 1176.6508 743.3947 1300.1656 1029.1636 1.7167 0.7062 0.6131 1.7619 2.5017 9.5803 -1.5143 0.6119
Pedestrian -1 -1 1.5282 1179.2117 768.9568 1244.3374 922.6808 1.7181 0.7298 0.6356 2.9640 3.4616 17.7411 1.6845 0.5604
Pedestrian -1 -1 1.9338 893.1735 800.0549 921.3251 856.2262 1.6256 0.6947 0.6123 -1.6671 7.0834 46.1945 1.9043 0.4339
Car -1 -1 -1.3510 397.9216 745.5536 780.5945 1052.3015 1.4855 1.7402 3.5094 -2.3648 2.4674 10.4017 -1.5549 0.9830
Car -1 -1 -0.9457 0.0000 660.9889 439.2120 1216.0000 1.4478 1.7819 3.8216 -2.5391 1.5595 2.6985 -1.5461 0.9577
Car -1 -1 -1.4737 765.7417 788.6713 900.0470 911.2780 1.4769 1.8878 4.5966 -2.1752 4.6363 26.5295 -1.5481 0.9426
Car -1 -1 -1.4725 834.8332 795.7862 920.3351 873.6344 1.3999 1.7528 4.1064 -2.0796 6.0029 38.1855 -1.5201 0.9400
Car -1 -1 2.0274 119.6476 758.4128 305.7394 854.3987 1.4465 1.6914 4.0246 -14.9917 4.3234 30.1980 1.5872 0.9188
Car -1 -1 1.9223 301.3059 812.5546 444.0168 900.3664 1.5189 1.8716 4.2846 -14.5318 6.4537 37.1806 1.5680 0.8086
Car -1 -1 -1.5278 864.0102 795.5150 924.6136 855.6382 1.4508 1.7558 3.4385 -2.0964 7.0779 47.5969 -1.5651 0.5442
Car -1 -1 1.8977 410.9889 780.1924 522.2254 847.4386 1.4623 1.8269 4.2383 -14.6562 6.3102 44.5442 1.5943 0.4553
Car -1 -1 2.1446 0.0000 729.8312 115.6413 857.0831 1.4542 1.7107 4.1752 -14.8829 3.1922 22.6643 1.5905 0.4229
