Pedestrian -1 -1 -1.5820 1211.3727 756.7137 1328.6500 1053.0027 1.6505 0.6677 0.6119 1.8449 2.4755 9.0039 -1.4069 0.6856
Pedestrian -1 -1 -1.9078 1419.9017 730.4583 1584.1893 1061.7743 1.6898 0.6702 0.5816 2.9223 2.2847 8.1236 -1.6078 0.6496
Pedestrian -1 -1 1.9202 1184.7583 776.0093 1265.1102 937.9109 1.6663 0.7026 0.6682 2.9512 3.4028 16.7208 2.0842 0.5648
Cyclist -1 -1 -1.5840 953.2358 783.8299 1015.8652 930.1760 1.7145 0.8221 1.9388 0.3087 4.0069 20.5995 -1.5675 0.5039
Car -1 -1 -1.3434 359.1493 739.0122 783.5797 1073.9586 1.4745 1.7462 3.4684 -2.2395 2.3349 9.5249 -1.5531 0.9652
Car -1 -1 -0.8410 0.0000 0.0000 1936.0000 1216.0000 1.5278 1.7357 3.9233 -2.5329 1.4110 1.8944 -1.5567 0.9566
Car -1 -1 2.0298 100.1133 763.1656 290.0812 861.3048 1.4277 1.6853 3.8962 -14.8505 4.3109 29.2265 1.5811 0.9042
Car -1 -1 -1.4708 844.0621 799.6984 930.9637 882.0716 1.4648 1.7491 4.0867 -1.7948 6.0996 37.5600 -1.5119 0.8789
Car -1 -1 -1.4055 760.4557 785.4953 916.0096 913.2188 1.5154 1.9271 4.3875 -2.0089 4.5239 25.7395 -1.4762 0.8227
Car -1 -1 2.1498 0.0000 734.6843 119.8620 867.4081 1.4799 1.7428 4.2071 -14.6511 3.2741 22.3154 1.5964 0.7697
Car -1 -1 1.9645 276.9809 811.3706 435.7662 904.5905 1.5513 1.9220 4.4807 -14.5384 6.3522 36.2327 1.6017 0.7503
