Pedestrian -1 -1 1.3151 1346.3246 734.0887 1478.8677 996.9454 1.7397 0.6904 0.8659 3.2081 2.5522 10.6939 1.5767 0.7030
Pedestrian -1 -1 -1.8057 1441.8829 737.6945 1681.6456 1216.0000 1.6034 0.6291 0.6692 2.1405 2.0377 5.4019 -1.5001 0.6920
Car -1 -1 -1.4156 724.3659 771.9150 916.9845 932.8372 1.5631 1.9754 4.6961 -1.8619 3.9002 21.3565 -1.4952 0.9668
Car -1 -1 -1.2104 0.0000 711.9402 681.9960 1216.0000 1.4839 1.7659 3.5676 -2.1563 1.8761 4.9470 -1.5606 0.9560
Car -1 -1 -1.4486 833.6833 794.9069 936.7282 888.1988 1.4582 1.7618 3.9725 -1.6075 5.4310 32.8965 -1.4911 0.9492
Car -1 -1 -1.5284 877.0450 787.7676 946.8345 861.9265 1.5911 1.7909 3.7882 -1.3541 6.4143 42.3776 -1.5542 0.9099
Car -1 -1 2.0393 0.0000 753.5317 178.9738 871.3912 1.4249 1.7172 4.0014 -14.6835 3.7131 24.5641 1.5259 0.8526
Car -1 -1 -1.4410 785.7979 780.0762 914.6962 895.4730 1.5146 1.7943 3.7095 -1.9030 4.4805 26.6731 -1.5054 0.7512
Car -1 -1 1.9249 336.5230 775.5342 469.3690 853.6388 1.4949 1.8424 4.1527 -14.3848 5.6112 38.7749 1.5858 0.7344
Car -1 -1 1.9726 201.9422 764.5199 384.8810 865.3803 1.5963 1.9125 4.4817 -14.2124 4.8058 32.1305 1.5754 0.5982
