Pedestrian -1 -1 1.2293 1436.2749 703.7908 1608.5847 1037.1357 1.7704 0.6970 0.7138 3.1631 2.2373 8.4829 1.5420 0.8740
Pedestrian -1 -1 1.1503 1548.5027 657.1569 1936.0000 1216.0000 1.6790 0.7072 0.8041 2.1348 1.7765 4.1040 1.5237 0.6220
Cyclist -1 -1 -1.6326 972.7025 771.5620 1048.5754 920.2580 1.7658 0.9289 1.9057 0.6572 3.8839 20.6310 -1.6003 0.4871
Car -1 -1 -1.4121 697.9194 780.8100 898.5590 949.6407 1.4745 1.8650 4.4440 -1.9864 3.7501 19.5477 -1.5052 0.9771
Car -1 -1 -1.4570 811.3751 798.0984 921.7047 898.9445 1.4610 1.7936 4.1556 -1.8957 5.3096 31.1019 -1.5110 0.9652
Car -1 -1 -1.0518 0.0000 645.2415 563.7331 1216.0000 1.5646 1.7904 3.8862 -2.2571 1.6333 3.0932 -1.5572 0.9513
Car -1 -1 -1.4165 755.0197 790.6577 899.7664 913.4192 1.4565 1.8083 3.6591 -2.1305 4.4094 24.7476 -1.4948 0.9218
Car -1 -1 -1.4651 849.0546 798.2075 931.5151 873.7494 1.4952 1.8150 3.8450 -1.8786 6.4359 40.6544 -1.5046 0.9096
Car -1 -1 1.9873 144.2601 774.2747 336.4838 880.3718 1.5554 1.8081 4.3971 -14.4836 4.8062 30.3395 1.5629 0.8271
Car -1 -1 -1.5300 881.4581 789.9374 941.7772 852.5532 1.5233 1.7731 3.8417 -1.5722 7.0903 48.5098 -1.5560 0.8215
