Pedestrian -1 -1 1.2462 1397.2617 711.5403 1545.1034 1003.4447 1.7341 0.6745 0.7216 3.2141 2.3047 9.4770 1.5363 0.8690
Pedestrian -1 -1 -2.0538 1503.0250 690.5630 1840.8202 1216.0000 1.6433 0.6793 0.6698 2.1462 1.8612 4.5844 -1.7073 0.7740
Cyclist -1 -1 -1.6073 978.2670 766.4744 1052.1547 912.0524 1.7323 0.9457 1.8796 0.7185 3.7683 20.5650 -1.5722 0.4601
Car -1 -1 -1.4804 822.2836 776.7932 925.5923 878.2015 1.5890 1.7963 4.1603 -1.7915 5.0423 31.8838 -1.5301 0.9728
Car -1 -1 -1.1511 0.0000 685.5550 620.8708 1216.0000 1.4859 1.7281 3.5063 -2.1664 1.7170 3.9426 -1.5670 0.9710
Car -1 -1 -1.4476 712.2621 764.0300 899.9121 930.4402 1.5520 1.9076 4.7335 -1.9660 3.6690 20.3560 -1.5362 0.9677
Car -1 -1 -1.4457 778.3644 779.8337 907.2830 894.0827 1.4404 1.7399 3.5702 -1.9570 4.2877 25.6510 -1.5149 0.9446
Car -1 -1 -1.4769 861.2368 788.7537 939.7446 859.7540 1.4326 1.7864 3.9024 -1.6336 6.1899 41.4164 -1.5100 0.8874
Car -1 -1 -1.5204 889.2926 786.1569 950.3188 846.1011 1.4756 1.7889 3.8152 -1.3244 6.9839 49.1485 -1.5411 0.8205
Car -1 -1 2.0111 163.5650 765.9428 358.5382 867.8463 1.5359 1.8784 4.4058 -14.3410 4.6633 30.9314 1.5971 0.7790
Car -1 -1 1.9516 312.6859 768.0115 453.7027 848.7311 1.5035 1.7996 4.2445 -14.4448 5.3097 37.6237 1.6015 0.7392
Car -1 -1 2.1018 0.0000 752.3671 141.1727 881.9629 1.4876 1.7695 4.1161 -14.7750 3.6489 23.2919 1.5636 0.5856
