Pedestrian -1 -1 1.3139 1285.8939 762.6783 1397.9792 983.4402 1.7205 0.7124 0.8412 3.1981 2.9234 12.6244 1.5403 0.7474
Pedestrian -1 -1 1.2199 1773.6211 713.3796 1936.0000 1216.0000 1.6510 0.6493 0.6172 2.8125 1.9261 4.3049 1.6848 0.4909
Pedestrian -1 -1 -1.6134 1361.8427 759.4779 1508.4498 1152.6912 1.5797 0.5625 0.5713 2.0676 2.2020 6.5775 -1.3600 0.4288
Pedestrian -1 -1 1.9916 923.0392 812.2552 949.8384 874.9980 1.6702 0.6015 0.5068 -0.7009 7.0097 42.2664 1.9809 0.3329
Cyclist -1 -1 -1.5028 978.0129 797.7100 1049.8773 947.1039 1.7262 0.8564 1.7465 0.7350 4.1783 20.3057 -1.4664 0.4322
Car -1 -1 -1.2802 0.0000 732.7475 732.9048 1216.0000 1.4900 1.8016 3.4801 -2.1540 2.0777 6.4036 -1.5648 0.9660
Car -1 -1 -1.4810 844.8389 805.2679 939.5878 897.6141 1.4667 1.7664 4.2093 -1.5183 5.8616 34.2900 -1.5188 0.9624
Car -1 -1 -1.4823 769.6270 795.9276 919.4182 940.4056 1.4646 1.8292 4.3991 -1.6579 4.3070 22.6339 -1.5485 0.9538
Car -1 -1 1.9155 256.9589 805.1182 417.2524 905.7314 1.5738 1.8656 4.4096 -13.9089 5.8931 33.6114 1.5427 0.7399
Car -1 -1 1.9983 22.4872 797.5140 255.6037 919.2414 1.4529 1.8351 4.5168 -14.4805 4.7957 26.6629 1.5258 0.7103
Car -1 -1 -1.5019 887.6499 809.4545 957.2600 880.4842 1.5306 1.7701 3.7194 -1.1002 7.1967 44.0102 -1.5206 0.4635
Car -1 -1 -1.3692 792.5904 810.7734 925.9636 919.9326 1.4228 1.7646 3.7012 -1.8416 5.1609 28.1168 -1.4275 0.3628
