Pedestrian -1 -1 1.2906 1374.3444 725.3423 1512.3342 997.5278 1.7148 0.6801 0.7748 3.2369 2.4190 10.0967 1.5676 0.8289
Pedestrian -1 -1 -1.5119 1489.0249 689.5615 1718.7859 1216.0000 1.6670 0.6647 0.7451 2.1523 1.9058 5.0530 -1.1885 0.7410
Cyclist -1 -1 -1.5467 977.8243 766.1390 1051.5544 912.2856 1.7334 0.9679 1.9097 0.7593 3.7736 20.6190 -1.5098 0.4842
Car -1 -1 -1.4674 828.4912 786.4294 931.2164 883.9556 1.5263 1.7777 4.0666 -1.6949 5.2485 32.3789 -1.5133 0.9711
Car -1 -1 -1.1816 0.0000 701.1895 647.7021 1216.0000 1.4943 1.7549 3.5326 -2.1885 1.8116 4.4492 -1.5659 0.9693
Car -1 -1 2.0167 174.8920 772.5337 366.0314 873.0136 1.5250 1.8713 4.3748 -14.3868 4.8483 31.4422 1.6076 0.9565
Car -1 -1 -1.4374 726.8271 773.3452 910.9550 930.8517 1.4759 1.8933 4.6335 -1.8439 3.7783 20.8311 -1.5183 0.9516
Car -1 -1 -1.4907 869.1393 786.3719 944.3476 858.9171 1.5374 1.7948 3.6862 -1.4854 6.2734 41.9755 -1.5199 0.9435
Car -1 -1 -1.4363 779.3117 782.3237 910.3024 897.0717 1.4591 1.7679 3.6234 -1.9486 4.3930 26.0040 -1.5041 0.8839
Car -1 -1 2.0684 0.0000 753.6760 163.9779 875.7555 1.4686 1.6991 3.8842 -14.6926 3.7121 24.0911 1.5468 0.8093
Car -1 -1 1.9287 322.7538 769.2100 460.8634 847.5318 1.4726 1.8489 4.3044 -14.4684 5.3731 38.2551 1.5834 0.6305
Car -1 -1 -1.5332 896.0032 789.0289 953.5486 848.2059 1.4522 1.7362 3.9120 -1.1736 7.1143 49.6161 -1.5507 0.6199
