Pedestrian -1 -1 1.2120 1408.1672 706.1575 1571.0211 1019.1762 1.7711 0.6891 0.7614 3.1850 2.2858 9.0707 1.5100 0.7643
Pedestrian -1 -1 -1.9711 1519.8884 667.4286 1897.0989 1216.0000 1.6734 0.7038 0.7905 2.1631 1.8109 4.4251 -1.6128 0.5421
Cyclist -1 -1 -1.6201 978.8942 765.8712 1048.9645 913.3752 1.7505 0.8677 1.9192 0.7016 3.7797 20.5598 -1.5857 0.4195
Car -1 -1 -1.1089 0.0000 663.0846 605.9734 1216.0000 1.5191 1.7588 3.6851 -2.1980 1.6586 3.6102 -1.5565 0.9653
Car -1 -1 -1.4441 711.3034 771.8651 900.8498 936.6544 1.4853 1.8901 4.6483 -1.9353 3.6871 20.0449 -1.5326 0.9499
Car -1 -1 -1.4288 815.5021 788.7774 927.8288 885.1902 1.4435 1.7813 3.9570 -1.8113 5.1108 31.4142 -1.4799 0.9490
Car -1 -1 -1.5164 860.6861 787.9505 934.3314 862.2781 1.5276 1.7942 3.8817 -1.7128 6.2421 41.2823 -1.5515 0.9083
Car -1 -1 2.0219 147.2864 768.7820 350.8643 873.5755 1.5303 1.8592 4.5830 -14.3841 4.6906 30.5269 1.6021 0.9046
Car -1 -1 -1.5344 888.4106 794.1749 947.8515 854.6921 1.4563 1.7707 3.8387 -1.3678 7.1907 48.7278 -1.5561 0.8037
Car -1 -1 -1.4736 782.7219 781.2808 908.9676 900.1379 1.5069 1.7862 3.7483 -1.9181 4.4098 25.8601 -1.5407 0.6980
Car -1 -1 1.8505 422.5845 786.7747 527.1016 856.4727 1.5041 1.7939 4.1827 -14.2936 6.5135 44.1703 1.5522 0.4015
