Pedestrian -1 -1 1.6336 1383.4376 758.1217 1529.8335 1176.6812 1.5957 0.5614 0.6372 2.0992 2.1957 6.3428 1.8983 0.6229
Pedestrian -1 -1 1.2982 1296.4652 760.0391 1410.1866 984.9009 1.6914 0.6778 0.8580 3.1887 2.8360 12.2232 1.5303 0.5619
Cyclist -1 -1 -1.4865 973.0905 785.8017 1056.9233 935.0839 1.7424 0.9962 1.9036 0.7660 4.0700 20.6273 -1.4491 0.4188
Car -1 -1 -1.2658 0.0000 728.5080 727.5337 1216.0000 1.4864 1.7774 3.6302 -2.1425 2.0353 6.0986 -1.5606 0.9687
Car -1 -1 -1.4303 752.4282 790.0362 921.6962 937.2953 1.4904 1.8879 4.4673 -1.7527 4.2367 22.5754 -1.5007 0.9502
Car -1 -1 -1.4444 846.0397 804.4612 945.7152 897.4019 1.4957 1.7528 4.0098 -1.4301 5.8473 34.1649 -1.4799 0.9093
Car -1 -1 1.9206 249.8877 803.5594 414.9299 905.0264 1.5785 1.9131 4.4449 -13.9298 5.8396 33.4206 1.5453 0.8469
Car -1 -1 -1.5039 887.9479 804.2870 958.3620 875.9302 1.5011 1.7613 4.0102 -1.0658 6.9793 43.6230 -1.5222 0.7709
Car -1 -1 2.0375 0.0000 787.2756 231.5491 911.4510 1.5074 1.7739 4.4005 -14.6955 4.5898 26.1706 1.5511 0.7452
Car -1 -1 1.8883 367.3669 787.5353 486.4106 863.9637 1.4932 1.7449 4.1269 -14.2460 6.0792 40.0980 1.5629 0.6398
Car -1 -1 -1.4170 803.2986 796.8978 935.4083 913.6296 1.5331 1.8304 4.0057 -1.6293 4.9788 27.8731 -1.4688 0.4903
