Pedestrian -1 -1 -1.8182 1431.8767 732.5595 1655.2827 1213.5770 1.6284 0.5940 0.6735 2.1433 2.0549 5.5717 -1.5193 0.8284
Pedestrian -1 -1 1.2981 1340.6642 751.0569 1460.2600 994.8792 1.6842 0.6774 0.6688 3.2237 2.6427 11.0217 1.5543 0.7981
Cyclist -1 -1 -1.4084 970.8820 774.4157 1056.5477 925.7191 1.7641 0.8822 1.7974 0.7352 3.8923 20.3177 -1.3721 0.4712
Car -1 -1 -1.4226 733.0505 776.0712 917.2441 933.6264 1.5527 1.9366 4.4865 -1.8207 3.9562 21.4696 -1.4999 0.9676
Car -1 -1 -1.2311 0.0000 712.3264 693.7527 1216.0000 1.4990 1.7772 3.5820 -2.1560 1.9108 5.2471 -1.5657 0.9672
Car -1 -1 -1.4610 836.3845 789.6772 937.9316 882.6750 1.4600 1.7704 4.0972 -1.5701 5.3324 33.0393 -1.5022 0.9538
Car -1 -1 -1.5173 874.4725 793.7307 945.8132 867.7557 1.5892 1.8115 3.7790 -1.4169 6.6309 42.7442 -1.5441 0.9379
Car -1 -1 -1.4217 788.4155 787.0362 918.4781 899.9393 1.4777 1.7799 3.6254 -1.8617 4.5944 26.8635 -1.4841 0.9166
Car -1 -1 1.9987 201.9228 769.3990 388.5404 868.8136 1.5479 1.8963 4.5079 -14.2043 4.8803 32.2044 1.6027 0.8494
Car -1 -1 2.0760 0.0000 755.1481 194.1621 872.3769 1.4548 1.6870 3.9664 -14.6585 3.8008 24.9515 1.5699 0.8360
Car -1 -1 1.8882 352.5577 768.5246 477.2043 843.7435 1.4675 1.8051 4.1703 -14.2675 5.4425 39.2894 1.5555 0.6659
