Pedestrian -1 -1 1.2027 1474.7970 708.3039 1671.6655 1069.0343 1.7522 0.7011 0.7727 3.1858 2.2119 7.8456 1.5378 0.8784
Pedestrian -1 -1 1.1739 1639.3623 681.3081 1936.0000 1216.0000 1.6453 0.7021 0.6889 2.1414 1.7946 3.6089 1.5825 0.6639
Pedestrian -1 -1 1.7505 1054.7531 803.0339 1076.8712 856.6547 1.6414 0.6207 0.5790 3.3929 7.4632 48.5155 1.8238 0.4533
Cyclist -1 -1 -1.6111 976.1877 779.3448 1049.1270 928.0444 1.7450 0.9227 1.9454 0.6825 3.9684 20.5526 -1.5775 0.4513
Car -1 -1 -1.4342 801.3758 799.7032 915.3609 903.4046 1.5266 1.7937 3.8435 -2.0416 5.3463 30.6927 -1.4935 0.9802
Car -1 -1 -1.4288 693.3876 780.2961 891.1571 954.9505 1.5125 1.8479 4.2364 -2.0042 3.7058 18.9484 -1.5257 0.9701
Car -1 -1 -1.4232 748.1673 792.8919 897.2086 925.8879 1.5251 1.8078 3.8645 -2.1458 4.4625 24.1600 -1.5040 0.9288
Car -1 -1 -0.9786 0.0000 550.3917 532.9090 1216.0000 1.6144 1.8493 4.1420 -2.2515 1.5957 2.4610 -1.5548 0.9194
Car -1 -1 -1.4770 845.5601 800.9871 926.1141 878.5841 1.5373 1.7925 3.7267 -1.9784 6.4942 40.1896 -1.5194 0.8541
Car -1 -1 -1.5206 876.6589 799.6592 938.0117 861.9017 1.4600 1.7427 3.7978 -1.6841 7.2657 47.7626 -1.5493 0.8362
Car -1 -1 1.8181 387.7129 787.0334 494.4668 861.7729 1.5322 1.7931 4.3875 -14.7641 6.4032 42.6763 1.5004 0.4531
Car -1 -1 1.9722 125.2715 784.5139 324.2720 898.6053 1.5900 1.8019 4.5759 -14.4383 4.9995 29.6296 1.5407 0.4394
