Pedestrian -1 -1 1.3050 1318.5850 752.6860 1432.8663 987.6035 1.7176 0.6901 0.6891 3.2210 2.7448 11.6689 1.5489 0.7888
Pedestrian -1 -1 1.4258 1390.1517 736.1511 1574.5200 1177.4670 1.6464 0.5877 0.6846 2.1183 2.1317 6.1464 1.6997 0.6513
Cyclist -1 -1 -1.4548 974.8855 779.3446 1055.8976 927.1901 1.7435 0.9064 1.9196 0.7758 3.9948 20.7805 -1.4172 0.4042
Car -1 -1 -1.4443 746.9855 781.9794 918.2210 934.1443 1.5272 1.9099 4.5251 -1.7741 4.0901 22.0895 -1.5173 0.9699
Car -1 -1 -1.2445 0.0000 717.9911 719.6068 1216.0000 1.4766 1.7817 3.5142 -2.1283 1.9434 5.7259 -1.5532 0.9697
Car -1 -1 -1.4852 842.9368 799.7237 938.2789 891.2274 1.4313 1.7600 4.1912 -1.5261 5.6184 33.6819 -1.5242 0.9067
Car -1 -1 -1.4786 872.6954 799.9751 948.6201 871.2000 1.5158 1.8306 3.7498 -1.4179 6.8053 43.2504 -1.5050 0.8624
Car -1 -1 2.0640 0.0000 764.4051 217.3348 880.2307 1.4422 1.7100 4.0180 -14.5246 4.0058 25.4705 1.5705 0.8462
Car -1 -1 1.9091 362.2428 775.7896 487.1492 850.3304 1.4649 1.8101 4.1193 -14.2085 5.6934 39.8383 1.5822 0.6074
Car -1 -1 1.9327 224.5203 774.0151 398.8594 876.6780 1.6389 1.9439 4.5725 -14.1534 5.1492 32.8938 1.5455 0.5539
Car -1 -1 -1.3655 780.5362 791.2835 923.5508 906.1109 1.4516 1.7719 3.9949 -1.8910 4.7010 27.1024 -1.4283 0.4627
Car -1 -1 1.7810 464.4895 794.7857 555.8275 864.3586 1.5372 1.7653 4.4505 -13.9438 7.0737 46.4552 1.5035 0.3238
