Pedestrian -1 -1 1.2646 1743.6052 690.3295 1936.0000 1157.1024 1.7559 0.6797 0.7434 3.7218 2.0440 6.1640 1.7288 0.6843
Cyclist -1 -1 -1.6057 979.1974 767.6920 1048.6584 908.2957 1.6733 0.8909 1.8498 0.7039 3.7289 20.6019 -1.5713 0.4875
Car -1 -1 -1.4008 583.9488 749.8686 861.2377 976.0440 1.5020 1.8629 4.5914 -2.1576 2.9360 14.8318 -1.5344 0.9783
Car -1 -1 -1.4369 761.9369 780.9741 897.4807 899.5257 1.4821 1.8047 4.1598 -2.2331 4.4623 26.4268 -1.5137 0.9524
Car -1 -1 -1.5048 858.8347 786.2494 927.0740 853.8953 1.4872 1.7224 3.6645 -1.9498 6.3899 43.5841 -1.5430 0.9497
Car -1 -1 -1.5250 823.2711 780.6582 908.7751 870.8352 1.6260 1.8417 4.0975 -2.2424 5.6035 36.1298 -1.5801 0.9147
Car -1 -1 -1.4244 699.5369 774.2206 874.8834 930.1360 1.5028 1.7520 3.7885 -2.2244 3.6971 20.0448 -1.5263 0.9131
Car -1 -1 2.0384 0.0000 737.2455 217.8401 866.3591 1.6735 2.0772 4.4458 -14.7955 3.7635 25.5647 1.5381 0.8910
Car -1 -1 1.9881 185.3666 760.7317 351.5572 849.5356 1.4386 1.7255 4.0018 -14.8837 4.5607 32.3668 1.5763 0.6046
Car -1 -1 1.8816 417.2266 781.8413 521.8264 847.7111 1.4827 1.7876 4.2276 -15.0174 6.5218 45.8939 1.5797 0.5729
