Pedestrian -1 -1 1.3653 1634.3615 707.8516 1819.7396 1080.0673 1.7418 0.6694 0.7375 3.8747 2.1882 7.6187 1.7764 0.7089
Cyclist -1 -1 -1.5543 980.7709 759.4216 1045.9749 902.2673 1.7046 0.8568 1.8613 0.7330 3.6424 20.5900 -1.5186 0.4471
Car -1 -1 -1.4187 627.5944 753.1113 871.5330 957.6553 1.4927 1.8459 4.5317 -2.0948 3.0685 16.0847 -1.5386 0.9852
Car -1 -1 -1.4634 782.6978 776.3723 904.9610 888.3074 1.4870 1.7837 4.1934 -2.0959 4.5146 27.7604 -1.5318 0.9657
Car -1 -1 -1.4287 733.1970 772.7551 888.7833 911.7360 1.4697 1.7014 3.5207 -2.0670 3.7693 21.4553 -1.5170 0.9489
Car -1 -1 -1.5208 866.6163 786.9062 930.5627 852.9984 1.5115 1.7140 3.5885 -1.8426 6.5680 44.8677 -1.5553 0.9243
Car -1 -1 -1.5228 836.3658 779.5145 914.6085 856.3889 1.4514 1.7499 3.6110 -2.0929 5.4957 37.3093 -1.5722 0.9146
Car -1 -1 2.0400 28.8174 740.6089 270.3689 860.2232 1.6473 1.9791 4.4117 -14.5146 3.9127 27.0705 1.5705 0.8319
Car -1 -1 2.0073 206.3784 757.6171 380.5667 847.3009 1.4871 1.8572 4.2567 -14.7745 4.6396 33.3588 1.6088 0.6568
Car -1 -1 1.9145 437.6610 771.7476 544.9342 835.6973 1.4957 1.8384 4.3195 -14.7948 6.3589 47.3178 1.6251 0.4543
