Pedestrian -1 -1 1.1129 1614.1675 681.5172 1873.8385 1136.7831 1.7339 0.6407 0.7933 3.2180 1.9847 6.2112 1.5182 0.7651
Cyclist -1 -1 -1.6353 978.7321 773.3365 1049.0465 921.3389 1.7370 0.8379 1.8056 0.6934 3.8430 20.3016 -1.6009 0.5101
Car -1 -1 -1.4201 657.3006 765.2506 880.1946 949.6752 1.4760 1.8905 4.3640 -2.1016 3.3328 17.5646 -1.5301 0.9776
Car -1 -1 -1.4076 732.2612 781.3907 895.0855 916.9939 1.4610 1.8149 3.9461 -2.1521 4.0655 22.8515 -1.4937 0.9542
Car -1 -1 -1.5012 873.8006 791.0314 940.7892 855.4530 1.4757 1.7893 3.9494 -1.6398 6.8794 46.6318 -1.5299 0.9450
Car -1 -1 -1.4629 799.5244 792.7214 916.5367 898.9627 1.4545 1.8128 4.1843 -1.9461 4.9875 29.3483 -1.5222 0.9317
Car -1 -1 -1.5185 842.0770 791.1100 919.9979 872.0840 1.5826 1.8002 3.7865 -2.0392 6.1199 38.9241 -1.5641 0.9102
Car -1 -1 2.0169 79.4943 767.7157 295.9195 880.0806 1.5495 1.8602 4.3749 -14.5242 4.4696 28.3850 1.5663 0.8650
Car -1 -1 -0.8522 0.0000 0.0000 1936.0000 1216.0000 1.5714 1.7484 3.7897 -2.1019 1.4465 1.5179 -1.5449 0.7853
Car -1 -1 1.8176 373.3814 787.1223 481.2538 865.0731 1.5857 1.7786 4.3293 -14.8878 6.3750 41.9219 1.4922 0.6190
Car -1 -1 2.1521 0.0000 734.8256 49.3884 885.7742 1.5365 1.8378 4.5310 -14.9717 3.2339 20.8148 1.5587 0.4212
