Pedestrian -1 -1 -2.1871 1630.6847 717.0204 1917.7030 1132.8635 1.7383 0.6786 1.0589 3.8122 2.2112 7.0935 -1.7597 0.4094
Cyclist -1 -1 -1.5861 982.0698 763.5140 1046.7943 905.5792 1.6987 0.8517 1.8273 0.7177 3.6938 20.6023 -1.5511 0.5004
Cyclist -1 -1 -2.1871 1630.6847 717.0204 1917.7030 1132.8635 1.7383 0.6786 1.0589 3.8122 2.2112 7.0935 -1.7597 0.1069
Car -1 -1 -1.4230 622.4897 755.1616 867.1077 960.4557 1.4761 1.8429 4.2797 -2.0935 3.0283 15.6583 -1.5460 0.9849
Car -1 -1 -1.4692 830.1033 786.6462 918.8700 870.0805 1.5455 1.7944 3.6980 -2.0900 5.7451 36.9341 -1.5190 0.9733
Car -1 -1 -1.5019 864.3054 787.3669 932.4022 854.8873 1.5131 1.7469 3.7442 -1.8329 6.5609 44.5615 -1.5365 0.9664
Car -1 -1 -1.4474 717.0205 773.0648 879.1633 918.0161 1.4762 1.7714 3.7492 -2.1922 3.7458 21.0091 -1.5432 0.9541
Car -1 -1 -1.4543 774.9788 786.0955 899.4420 895.7878 1.4219 1.7780 3.8834 -2.1758 4.5651 27.1807 -1.5269 0.9532
Car -1 -1 2.0359 0.0000 736.2925 240.4498 865.0511 1.7675 2.0058 4.2637 -14.7235 3.8946 26.4036 1.5507 0.8980
Car -1 -1 2.0029 201.3496 765.5519 374.0236 858.3201 1.5203 1.8293 4.1866 -14.7709 4.8290 33.0583 1.6017 0.6216
