Pedestrian -1 -1 0.9710 1705.7076 632.1956 1936.0000 1187.6384 1.7903 0.6734 0.8650 3.2271 1.8186 5.3091 1.4269 0.8303
Cyclist -1 -1 -1.5860 984.5807 761.2479 1053.2577 904.9468 1.7191 0.9031 1.8530 0.7792 3.6831 20.6040 -1.5482 0.4592
Car -1 -1 -1.4069 639.3429 762.4335 882.9389 958.3192 1.4717 1.9157 4.5722 -2.0719 3.2352 16.8421 -1.5200 0.9822
Car -1 -1 -1.5468 872.9920 785.7600 934.5429 853.5856 1.5901 1.7712 3.7630 -1.7263 6.7309 45.9032 -1.5780 0.9643
Car -1 -1 -1.4936 797.9703 784.0087 906.9756 891.9411 1.5263 1.7626 3.7624 -2.0143 4.7732 28.6234 -1.5570 0.9456
Car -1 -1 -1.4277 739.6968 772.8335 897.2646 907.8697 1.4733 1.7984 3.6795 -2.0399 3.8710 22.3474 -1.5113 0.9368
Car -1 -1 -1.4903 841.0337 782.4062 924.6215 862.3671 1.5409 1.8156 3.8629 -1.9673 5.8044 38.5157 -1.5347 0.9106
Car -1 -1 2.0451 39.9942 759.4363 282.8854 878.7038 1.5980 1.9810 4.5848 -14.5428 4.2827 27.5375 1.5821 0.7908
Car -1 -1 1.9788 232.4453 757.9929 393.6293 848.7088 1.5776 1.8043 4.2376 -14.8030 4.8303 34.4116 1.5906 0.6241
Car -1 -1 1.8082 360.1810 783.7751 467.1595 859.0784 1.4971 1.7455 4.3390 -15.0941 6.1380 41.4401 1.4748 0.5638
Car -1 -1 -0.6272 0.0000 0.0000 1936.0000 1216.0000 1.5618 1.8346 4.5494 -2.2167 1.3234 0.6789 -1.5366 0.5162
