Pedestrian -1 -1 1.0583 1662.1234 661.7653 1936.0000 1155.4543 1.7266 0.6679 0.7936 3.2166 1.8780 5.7161 1.4892 0.6717
Cyclist -1 -1 -1.6061 978.8560 769.3064 1050.6874 918.1466 1.7628 0.9167 1.9128 0.7113 3.8372 20.5249 -1.5712 0.4250
Car -1 -1 -1.4129 651.6760 762.6586 878.1201 949.8699 1.4840 1.8684 4.4054 -2.1213 3.2934 17.3989 -1.5250 0.9653
Car -1 -1 -1.4457 783.6921 785.1203 909.2858 895.4186 1.4867 1.8489 4.4696 -2.1407 4.8473 29.0813 -1.5120 0.9544
Car -1 -1 -1.3884 736.0425 779.0209 896.1842 909.6578 1.4394 1.7680 3.5703 -2.1163 3.9745 22.7352 -1.4736 0.9410
Car -1 -1 -1.5158 876.4021 790.4872 938.9810 854.8068 1.4996 1.7102 3.6641 -1.6199 6.8281 46.2679 -1.5443 0.9310
Car -1 -1 -1.5163 853.7949 789.8807 934.1168 872.4198 1.5720 1.8262 4.0410 -1.6862 6.0613 38.6566 -1.5535 0.8735
Car -1 -1 -0.6798 0.0000 0.0000 1936.0000 1216.0000 1.6446 1.8271 4.2261 -2.2696 1.2514 0.9438 -1.5356 0.6845
Car -1 -1 1.8045 373.0399 795.7336 479.7519 870.0660 1.4480 1.7758 4.3578 -14.8458 6.4726 41.7322 1.4787 0.5159
Car -1 -1 1.9834 224.9699 769.8934 402.7048 865.5920 1.5978 1.9768 4.6785 -14.7975 5.1718 34.4972 1.5967 0.4044
