Pedestrian -1 -1 1.0862 1488.4996 702.9111 1709.6509 1091.2556 1.7801 0.6923 0.8269 3.1703 2.1950 7.4961 1.4319 0.9029
Pedestrian -1 -1 1.2089 1655.5394 700.8572 1936.0000 1216.0000 1.6082 0.6973 0.7518 2.1220 1.8045 3.4703 1.6246 0.6158
Cyclist -1 -1 -1.5927 975.4677 784.1943 1047.2864 930.5854 1.7190 0.9453 1.9412 0.6702 4.0237 20.6603 -1.5598 0.4721
Car -1 -1 -1.4129 794.9457 801.1675 914.0429 904.9533 1.4921 1.7908 3.9219 -2.1006 5.3227 30.4607 -1.4746 0.9759
Car -1 -1 -1.4025 692.1096 782.4309 898.1560 955.7047 1.4756 1.8409 4.1786 -1.9494 3.6823 18.7976 -1.4975 0.9739
Car -1 -1 -1.3852 745.0155 791.4315 901.4733 922.2665 1.4879 1.7955 3.7481 -2.1179 4.3730 23.9498 -1.4656 0.9185
Car -1 -1 -0.9572 0.0000 64.4004 513.3710 1216.0000 1.6016 1.8014 4.0478 -2.2164 1.5160 2.2677 -1.5534 0.8990
Car -1 -1 1.9811 108.9004 779.6684 316.3235 896.3057 1.6286 1.8679 4.6238 -14.5657 4.9152 29.4191 1.5435 0.8926
Car -1 -1 -1.5801 880.3122 798.5390 940.2278 865.5555 1.5547 1.8236 4.1092 -1.6284 7.3234 47.5947 -1.6078 0.8856
Car -1 -1 -1.4858 844.6976 801.5601 924.8220 879.4723 1.5203 1.7891 3.7960 -1.9908 6.4605 39.8848 -1.5288 0.7012
Car -1 -1 2.1623 0.0000 753.2524 91.8428 901.2491 1.5110 1.9033 4.5289 -14.8033 3.5528 21.5076 1.5893 0.5192
Car -1 -1 1.8248 388.4253 802.6804 491.6946 875.9804 1.4813 1.7300 4.1780 -14.8227 6.8169 42.7415 1.5069 0.4124
