Pedestrian -1 -1 -1.6403 952.5915 771.7471 1020.7631 920.1287 1.7546 0.8085 1.7651 0.3265 3.8437 20.3723 -1.6230 0.1001
Cyclist -1 -1 -1.6403 952.5915 771.7471 1020.7631 920.1287 1.7546 0.8085 1.7651 0.3265 3.8437 20.3723 -1.6230 0.5617
Car -1 -1 -1.3256 349.2810 746.9484 789.0432 1064.1112 1.4503 1.8708 4.5646 -2.5371 2.5318 10.9357 -1.5339 0.9897
Car -1 -1 -1.4114 680.6208 782.5396 843.1215 918.6395 1.4342 1.7595 4.0431 -2.9028 4.0310 22.5784 -1.5296 0.9822
Car -1 -1 -1.5114 812.5303 788.5325 886.5193 865.0566 1.5136 1.7089 3.9279 -2.9381 6.1028 39.9711 -1.5773 0.9735
Car -1 -1 -1.3708 586.8449 766.7134 821.0583 956.4550 1.4661 1.7441 3.7212 -2.6626 3.1922 16.3000 -1.5207 0.9660
Car -1 -1 2.0518 1.5287 756.9644 218.2851 860.8575 1.4368 1.7290 4.1696 -15.8429 4.1028 28.0953 1.5613 0.9495
Car -1 -1 1.9285 321.5170 786.1740 448.0176 861.4037 1.5216 1.8149 4.4302 -16.0975 6.2907 41.9994 1.5789 0.9230
Car -1 -1 -1.4897 772.6508 797.0113 870.0589 890.6106 1.4777 1.7598 3.6335 -2.9457 5.3834 32.1172 -1.5730 0.9115
Car -1 -1 2.1712 0.0000 737.8226 42.7172 884.9474 1.5067 1.9851 4.6570 -15.4580 3.2849 21.2198 1.5716 0.8454
Car -1 -1 1.9393 189.4910 766.0741 339.3225 850.8895 1.4467 1.7042 4.1145 -16.0070 4.9086 34.5761 1.5246 0.6604
