Pedestrian -1 -1 1.0322 1768.9115 699.5017 1936.0000 1183.2360 1.6831 0.6562 0.6299 3.5530 1.9813 5.6419 1.5069 0.6919
Cyclist -1 -1 -1.6012 976.7959 764.1368 1046.3391 906.1068 1.7072 0.9037 1.7844 0.6730 3.7111 20.6291 -1.5683 0.5651
Car -1 -1 -1.4124 569.9050 750.2443 849.0134 978.6984 1.4787 1.8640 4.5133 -2.2234 2.8800 14.4458 -1.5535 0.9800
Car -1 -1 -1.4137 749.7492 780.9740 890.0763 900.6760 1.4922 1.7916 3.9423 -2.3660 4.4150 25.9733 -1.4968 0.9762
Car -1 -1 -1.5020 853.4984 785.8604 922.5169 854.5423 1.4930 1.7150 3.7558 -2.0794 6.3601 43.3183 -1.5433 0.9516
Car -1 -1 -1.4928 816.6519 777.5994 908.8096 870.3580 1.6623 1.8471 4.1257 -2.2918 5.5238 35.7355 -1.5499 0.9125
Car -1 -1 -1.4090 676.3276 774.8552 862.0900 934.9742 1.5069 1.7802 3.8061 -2.4097 3.6734 19.6611 -1.5216 0.8300
Car -1 -1 2.0489 0.0000 741.1832 189.3403 866.9990 1.5533 1.9446 4.3676 -14.8283 3.6526 24.7798 1.5347 0.7954
Car -1 -1 2.0219 155.2104 752.6859 336.9590 846.0485 1.4978 1.7902 4.1669 -15.1155 4.4011 31.8682 1.5984 0.7875
Car -1 -1 1.8966 312.4862 768.6011 436.2970 843.9753 1.4460 1.7025 4.0656 -15.0599 5.3522 38.5920 1.5409 0.5538
