Pedestrian -1 -1 -1.5588 1008.5535 798.6882 1037.3280 870.9636 1.6777 0.6986 0.7177 1.5253 6.0112 36.9107 -1.5142 0.5978
Cyclist -1 -1 -1.5593 931.2916 773.2153 1002.9341 915.7336 1.6949 0.9432 1.8037 0.0929 3.8271 20.5890 -1.5528 0.5175
Car -1 -1 -1.3002 222.5668 743.1660 757.0177 1115.7020 1.4477 1.8723 4.5831 -2.6223 2.3902 9.6005 -1.5419 0.9911
Car -1 -1 -1.4228 648.7429 787.4778 826.5235 938.7932 1.4736 1.8330 4.2218 -3.0542 4.0156 21.2565 -1.5549 0.9820
Car -1 -1 -1.3693 529.3120 774.8201 791.5490 984.4277 1.4550 1.7825 3.7123 -2.8471 3.1423 14.9505 -1.5430 0.9695
Car -1 -1 -1.4765 788.3908 792.0493 872.9608 872.2513 1.5215 1.7780 3.9369 -3.3172 6.0595 38.6176 -1.5543 0.9689
Car -1 -1 2.0862 0.0000 760.2267 164.6355 871.6412 1.4597 1.7361 4.0996 -16.1415 4.0560 26.6361 1.5660 0.9240
Car -1 -1 -1.4255 745.3588 789.8665 864.1450 895.3668 1.5785 1.8347 4.0878 -3.1651 5.2283 30.9968 -1.5188 0.8871
Car -1 -1 1.9416 140.5237 776.5558 300.1568 866.7794 1.4492 1.7218 4.1656 -16.4016 5.0463 33.3343 1.5046 0.8697
Car -1 -1 1.9179 272.5459 804.2264 402.8763 883.7045 1.5062 1.8178 4.3289 -16.7533 6.6142 40.4077 1.5428 0.6271
