Cyclist -1 -1 -1.5999 944.4031 775.1708 1006.2056 920.1378 1.7079 0.7907 1.7424 0.1728 3.8378 20.3181 -1.5897 0.5242
Car -1 -1 -1.3262 280.2943 740.3466 771.0589 1093.2596 1.4482 1.8546 4.6395 -2.5357 2.4007 10.0022 -1.5520 0.9843
Car -1 -1 -1.4134 658.3369 788.4827 827.0123 933.5021 1.4767 1.7724 3.8830 -3.0532 4.0574 21.6268 -1.5432 0.9802
Car -1 -1 -1.3647 536.4011 765.6418 797.2781 975.5878 1.5049 1.7879 3.7956 -2.8367 3.1201 15.2341 -1.5348 0.9646
Car -1 -1 -1.4895 799.1382 791.3734 879.7830 867.9915 1.4819 1.7636 3.7267 -3.1207 6.0236 38.9271 -1.5618 0.9542
Car -1 -1 2.0918 0.0000 750.1456 186.2188 857.2695 1.4374 1.7425 4.1689 -15.9915 3.8787 27.0559 1.5817 0.8956
Car -1 -1 -1.4772 749.3660 787.2970 858.9788 891.0928 1.5951 1.8764 4.1263 -3.2337 5.2401 31.5016 -1.5710 0.8510
Car -1 -1 -1.4387 814.3465 797.9479 890.7281 864.0194 1.4340 1.7646 4.1082 -3.2660 6.9567 45.6167 -1.5025 0.8060
Car -1 -1 1.9601 160.3795 769.3854 320.6719 858.0172 1.4731 1.7385 4.2157 -16.2564 4.9617 33.9681 1.5333 0.7771
Car -1 -1 1.9321 292.8519 798.5751 419.4000 877.1200 1.5420 1.7541 4.2558 -16.4667 6.5414 40.9161 1.5669 0.6985
