Cyclist -1 -1 -1.5806 899.5137 765.2313 972.5544 908.3480 1.7173 0.9659 1.8350 -0.3553 3.7465 20.6952 -1.5946 0.6189
Car -1 -1 -1.3842 562.3490 771.2007 772.4330 944.3204 1.5273 1.7845 3.8003 -3.4706 3.5081 18.3358 -1.5578 0.9875
Car -1 -1 -1.2363 0.0000 714.2809 678.3657 1216.0000 1.5003 1.8442 4.5967 -2.6632 2.0464 6.8324 -1.5643 0.9818
Car -1 -1 -1.3368 374.2687 751.1192 720.2176 1014.3235 1.4605 1.7266 3.7452 -3.0974 2.6289 11.9695 -1.5691 0.9738
Car -1 -1 -1.4914 747.8306 777.4579 837.4539 867.1146 1.6268 1.7898 3.8840 -3.9750 5.4764 35.7732 -1.5934 0.9720
Car -1 -1 -1.4215 688.1219 775.1381 823.3972 890.4813 1.5931 1.8836 4.1208 -3.7788 4.6323 28.1674 -1.5452 0.9364
Car -1 -1 2.0297 30.4787 767.4252 221.2930 864.0311 1.4316 1.6614 4.1011 -16.8177 4.5209 30.3428 1.5458 0.8386
Car -1 -1 2.1581 0.0000 740.9944 42.2963 862.7571 1.4382 1.7275 4.0807 -16.6203 3.4287 23.5979 1.5719 0.8069
Car -1 -1 -1.4799 778.8546 782.8391 859.1998 856.4766 1.4930 1.8235 4.6384 -3.9912 6.2392 42.6146 -1.5652 0.7220
Car -1 -1 1.9629 195.2941 782.2292 342.3083 865.5216 1.5134 1.7841 4.2325 -17.1981 5.6692 37.3678 1.5504 0.7218
Car -1 -1 1.9028 315.0011 787.0235 425.5204 855.8645 1.5155 1.7580 4.2365 -17.7631 6.6421 45.1471 1.5441 0.6555
