Pedestrian -1 -1 1.5486 986.1657 779.4039 1017.2621 858.2382 1.6944 0.6891 0.6417 0.9089 5.2132 33.7343 1.5788 0.5781
Cyclist -1 -1 -1.5937 904.9461 771.6316 974.1848 912.5125 1.6753 0.9133 1.8168 -0.3179 3.7903 20.6318 -1.6060 0.5853
Car -1 -1 -1.3955 568.8466 767.8303 777.3795 938.9542 1.5041 1.7882 4.0852 -3.4442 3.4787 18.6119 -1.5655 0.9861
Car -1 -1 -1.2355 0.0000 708.4339 684.9603 1216.0000 1.5101 1.8821 4.7104 -2.7287 2.0428 7.1701 -1.5580 0.9860
Car -1 -1 -1.3548 396.5674 752.5673 719.3448 1006.9677 1.4791 1.7279 3.5921 -3.1262 2.6846 12.3145 -1.5831 0.9830
Car -1 -1 -1.5120 754.3176 774.2953 839.4275 863.4194 1.6372 1.7782 3.8891 -3.9106 5.4398 36.0850 -1.6115 0.9359
Car -1 -1 -1.4840 700.5286 779.0425 815.4777 887.4093 1.5128 1.7883 3.7881 -3.7697 4.6260 28.2783 -1.6069 0.9321
Car -1 -1 1.9693 212.9461 779.9586 354.3813 859.6992 1.4658 1.6949 4.1887 -17.0078 5.5982 37.7551 1.5644 0.8938
Car -1 -1 2.0162 37.0948 763.7536 230.6886 862.5112 1.4903 1.7488 4.2504 -16.8892 4.5482 30.7789 1.5362 0.8007
Car -1 -1 2.1280 0.0000 741.7185 62.6266 868.8333 1.4828 1.8611 4.2878 -16.3567 3.4943 23.5855 1.5491 0.7651
Car -1 -1 1.9154 321.0042 791.5238 432.0758 860.3265 1.5204 1.7575 4.2412 -17.7084 6.8265 45.4919 1.5604 0.6717
Car -1 -1 -1.4739 779.6963 781.5244 860.6023 854.2634 1.5047 1.8458 4.5105 -3.9935 6.2417 42.9619 -1.5586 0.6179
