Cyclist -1 -1 -1.5705 907.9777 766.4131 976.0432 914.8245 1.7535 0.8834 1.8136 -0.2585 3.7623 20.3172 -1.5803 0.4915
Car -1 -1 -1.3813 578.2994 774.1808 789.5182 946.7629 1.5483 1.8377 4.0434 -3.3827 3.6490 18.9990 -1.5447 0.9894
Car -1 -1 -1.2519 0.0000 724.3866 692.1517 1216.0000 1.4633 1.8384 4.6537 -2.6824 2.1088 7.3670 -1.5621 0.9834
Car -1 -1 -1.3584 423.8626 754.4672 731.8243 1000.6476 1.4879 1.7220 3.5446 -3.0698 2.7411 12.6866 -1.5767 0.9805
Car -1 -1 -1.4872 756.7874 783.2644 844.3934 867.4222 1.5297 1.7679 3.8372 -3.8521 5.5864 36.3774 -1.5842 0.9655
Car -1 -1 -1.4790 786.9628 785.8103 864.3693 856.5029 1.4585 1.7891 4.4194 -3.8581 6.3430 43.1755 -1.5602 0.9003
Car -1 -1 1.9497 218.3455 783.3837 362.5120 865.3284 1.4881 1.7695 4.3833 -16.9038 5.7411 37.9200 1.5487 0.7906
Car -1 -1 -1.4024 709.6985 780.4770 843.8922 892.4753 1.5581 1.8525 4.1755 -3.4718 4.7853 28.8825 -1.5130 0.7865
Car -1 -1 1.9016 332.0847 790.9876 444.4680 859.7699 1.5207 1.8438 4.3396 -17.4683 6.8507 45.8050 1.5532 0.6181
Car -1 -1 2.1510 0.0000 731.8499 129.7834 857.0928 1.6107 1.8740 4.6865 -16.5624 3.6153 25.6565 1.6029 0.5998
Car -1 -1 1.9655 47.7782 766.6801 237.8693 870.6622 1.5667 1.7872 4.5344 -16.9396 4.7480 31.2229 1.4902 0.5652
