Pedestrian -1 -1 1.5362 975.9431 776.8009 1011.4540 865.9639 1.7363 0.7059 0.6688 0.6598 4.8800 30.6108 1.5608 0.6099
Cyclist -1 -1 -1.5610 876.3234 766.3229 946.8043 908.2175 1.6989 0.9289 1.7922 -0.6719 3.7339 20.6131 -1.5895 0.6182
Car -1 -1 -1.3606 487.6600 766.1158 740.5115 964.7705 1.5205 1.8056 3.8625 -3.5844 3.2277 16.1403 -1.5630 0.9809
Car -1 -1 -1.4464 662.1369 779.3041 794.6907 900.4236 1.5555 1.7699 3.7671 -3.9553 4.4300 25.9420 -1.5871 0.9781
Car -1 -1 -1.3071 210.5335 744.6485 667.1197 1072.7533 1.4369 1.7338 3.8608 -3.1665 2.3865 9.9138 -1.5878 0.9762
Car -1 -1 -1.1268 0.0000 694.5605 588.8804 1216.0000 1.4382 1.8518 4.6951 -2.7321 1.7738 4.8503 -1.5643 0.9739
Car -1 -1 -1.4476 715.7225 783.5098 816.0626 873.6932 1.5063 1.7400 3.7660 -4.3139 5.2597 33.5020 -1.5663 0.9618
Car -1 -1 1.9731 137.5299 778.7798 297.8945 868.5924 1.5332 1.7574 4.3203 -17.3974 5.3834 35.2264 1.5344 0.9446
Car -1 -1 -1.4524 746.0703 789.4125 832.8813 864.3752 1.4344 1.7828 4.2079 -4.5369 6.0699 40.0212 -1.5565 0.8377
Car -1 -1 1.9242 259.8125 796.3040 378.7673 869.0986 1.4996 1.7601 4.0164 -18.1339 6.5963 42.4308 1.5379 0.7383
Car -1 -1 2.0116 0.0000 766.0978 144.7936 872.6242 1.4460 1.7164 4.1875 -17.2436 4.3107 28.1810 1.4867 0.6330
