Pedestrian -1 -1 1.5748 971.3358 781.0585 1007.3491 874.7707 1.6202 0.6500 0.6633 0.5151 4.5093 27.3272 1.5964 0.5451
Cyclist -1 -1 -1.6246 855.6837 762.6777 922.7473 913.9801 1.7896 0.8222 1.8080 -0.9993 3.7501 20.3397 -1.6686 0.5162
Car -1 -1 -1.3366 381.7912 757.3221 697.2659 998.4391 1.5217 1.7797 3.8607 -3.6031 2.8886 13.5002 -1.5769 0.9848
Car -1 -1 -1.2158 0.0000 734.9619 582.8608 1208.7778 1.4539 1.7376 3.7646 -3.1924 2.1344 7.3564 -1.5793 0.9843
Car -1 -1 -0.9104 0.0000 640.2421 392.1649 1216.0000 1.4807 1.7858 4.2500 -2.7738 1.5306 2.7168 -1.5491 0.9567
Car -1 -1 -1.3955 614.0728 780.9349 773.1672 909.4604 1.4542 1.7691 3.7381 -4.0838 4.0889 23.3695 -1.5567 0.9522
Car -1 -1 -1.4452 724.7665 789.3005 818.2158 868.3737 1.4135 1.7757 4.1553 -4.6937 5.7649 37.4952 -1.5606 0.9520
Car -1 -1 -1.4383 693.9727 780.9981 805.8031 877.9809 1.5008 1.7784 3.6897 -4.3047 4.9235 30.9413 -1.5668 0.9412
Car -1 -1 2.0377 50.8418 790.0436 235.9261 886.6321 1.4935 1.7425 4.2062 -17.6162 5.3099 32.4492 1.5626 0.9401
Car -1 -1 1.9866 200.7733 815.6331 336.0236 894.1295 1.4672 1.7155 4.0498 -18.3645 6.8065 39.8345 1.5741 0.8261
