Pedestrian -1 -1 1.5999 968.5023 777.0804 1005.8509 870.6238 1.6810 0.6874 0.6785 0.4957 4.6060 28.3874 1.6203 0.5103
Cyclist -1 -1 -1.5939 860.4826 762.7548 928.6113 907.0880 1.7290 0.8963 1.7757 -0.9344 3.7100 20.5758 -1.6345 0.5384
Car -1 -1 -1.3546 429.6613 761.6667 710.6302 977.6063 1.4619 1.7535 3.7823 -3.5956 2.9553 14.4299 -1.5803 0.9802
Car -1 -1 -1.2625 12.3830 731.1264 607.7479 1139.3127 1.4443 1.6932 3.7685 -3.1860 2.1611 8.1869 -1.5952 0.9789
Car -1 -1 -1.0143 0.0000 655.9385 476.3189 1216.0000 1.4908 1.7704 4.2371 -2.7392 1.6082 3.5275 -1.5581 0.9627
Car -1 -1 -1.4036 624.1634 777.9312 777.1428 904.8127 1.5044 1.7835 3.7575 -4.1170 4.1713 24.1727 -1.5608 0.9622
Car -1 -1 -1.4607 704.5078 776.9719 805.7945 872.0378 1.5305 1.7039 3.6911 -4.3312 4.9615 31.8809 -1.5862 0.9590
Car -1 -1 2.0449 78.6496 786.9839 266.5893 882.2352 1.4953 1.7789 4.5093 -17.5032 5.3673 33.4573 1.5843 0.9224
Car -1 -1 -1.4554 736.7202 782.3098 826.3610 859.1971 1.4164 1.7679 4.3211 -4.5726 5.7057 38.5839 -1.5646 0.8407
Car -1 -1 1.9487 223.5717 809.8560 349.1977 885.7276 1.4703 1.7056 4.0259 -18.3864 6.7843 40.9313 1.5453 0.8185
Car -1 -1 2.0151 0.0000 783.9333 76.5165 903.7935 1.4717 1.7161 4.2116 -17.5049 4.5084 26.3647 1.4560 0.5851
Car -1 -1 1.9525 308.2451 788.1483 418.0954 852.9236 1.5066 1.7737 4.0793 -18.8035 6.8837 47.2012 1.5894 0.5608
