Cyclist -1 -1 -1.6551 869.0462 772.4679 944.4420 917.8332 1.7171 0.8916 1.8488 -0.7731 3.8461 20.6048 -1.6882 0.5475
Car -1 -1 -1.2980 178.1330 744.0418 657.0605 1096.1870 1.4872 1.7295 3.7220 -3.1389 2.3903 9.4601 -1.5878 0.9884
Car -1 -1 -1.0940 0.0000 698.5594 563.7267 1216.0000 1.4152 1.7900 4.4374 -2.7419 1.7511 4.5820 -1.5509 0.9804
Car -1 -1 -1.3794 479.9934 766.1865 732.9380 969.2040 1.5012 1.7934 3.8267 -3.5539 3.1633 15.6662 -1.5859 0.9787
Car -1 -1 2.0594 110.3727 789.6899 296.3440 886.3983 1.5805 1.8277 4.6205 -17.4906 5.6729 34.7896 1.6144 0.9727
Car -1 -1 -1.4593 714.2696 783.6876 814.8083 876.0672 1.5321 1.7639 3.7479 -4.2977 5.2517 33.1497 -1.5788 0.9687
Car -1 -1 -1.4466 654.4457 782.0800 793.2418 905.3189 1.5340 1.8226 3.7677 -3.9389 4.3999 25.3649 -1.5898 0.9547
Car -1 -1 -1.4449 740.7083 785.9232 831.0526 864.9872 1.5232 1.8205 4.2665 -4.5947 6.0318 39.7212 -1.5512 0.8994
Car -1 -1 1.9579 250.9859 800.3677 374.8080 873.5922 1.4848 1.7317 4.0666 -18.1744 6.6650 42.1134 1.5684 0.7806
Car -1 -1 2.0641 0.0000 775.0735 121.3245 890.8040 1.5127 1.8071 4.3848 -17.5403 4.5061 27.5756 1.5231 0.4823
