Pedestrian -1 -1 1.5874 977.6653 778.0906 1009.6774 862.1332 1.6909 0.6641 0.6283 0.6880 4.9625 31.6099 1.6124 0.4359
Pedestrian -1 -1 -1.5609 888.7057 765.3827 945.5992 910.9885 1.7309 0.7406 1.7409 -0.5876 3.7243 20.3434 -1.5860 0.1045
Cyclist -1 -1 -1.5653 883.1544 765.5870 951.9986 905.8354 1.6832 0.9071 1.7328 -0.5927 3.7014 20.5783 -1.5903 0.5268
Car -1 -1 -1.1616 0.0000 696.4176 637.7955 1216.0000 1.4990 1.8662 4.6972 -2.6928 1.8793 5.5853 -1.5504 0.9887
Car -1 -1 -1.3711 520.7979 763.1695 761.7132 951.6813 1.4983 1.8085 4.1415 -3.4768 3.2647 17.0225 -1.5581 0.9843
Car -1 -1 -1.3104 282.8974 741.7837 687.3317 1036.9437 1.4394 1.6911 3.7446 -3.1375 2.4181 10.6494 -1.5718 0.9783
Car -1 -1 -1.4703 730.3426 775.3940 825.9207 865.6337 1.5685 1.7643 3.8289 -4.1431 5.2173 34.3336 -1.5815 0.9448
Car -1 -1 -1.4460 672.6435 768.6884 808.5730 888.8620 1.6008 1.8713 4.0286 -3.8599 4.3704 26.7819 -1.5791 0.9351
Car -1 -1 1.9837 157.8685 774.5042 320.3331 862.1652 1.5329 1.8040 4.5161 -17.3453 5.3790 36.1740 1.5558 0.8321
Car -1 -1 -1.4973 766.0441 778.2508 847.2681 852.3863 1.4560 1.8477 4.4830 -4.1753 5.8898 40.9775 -1.5906 0.7228
Car -1 -1 2.0677 0.0000 747.2222 186.5539 848.3250 1.4921 1.7748 4.0831 -16.9949 4.0385 29.0804 1.5614 0.4095
