Pedestrian -1 -1 1.5894 1004.1655 772.4133 1049.3951 892.5294 1.6968 0.6650 0.7399 0.9897 3.9522 22.4743 1.6337 0.6163
Cyclist -1 -1 -1.5600 860.1426 769.4418 921.0023 915.2234 1.7186 0.7903 1.7883 -0.9463 3.7713 20.3317 -1.6016 0.5173
Car -1 -1 -1.2604 123.0313 749.2128 641.9778 1109.0211 1.5226 1.7994 4.0881 -3.4358 2.5069 9.7921 -1.5659 0.9856
Car -1 -1 -1.4322 571.8552 778.6022 758.4161 943.6798 1.5475 1.8175 3.8416 -3.7614 3.7638 19.6102 -1.6082 0.9806
Car -1 -1 -0.9472 0.0000 649.6924 363.8104 1216.0000 1.5179 1.8058 4.1287 -3.1083 1.6088 3.4055 -1.5589 0.9692
Car -1 -1 -1.4468 723.3146 786.6931 829.0277 878.4023 1.4726 1.8065 4.2549 -4.0959 5.3495 33.6959 -1.5586 0.9196
Car -1 -1 2.0312 0.0000 795.3694 174.8827 908.5873 1.4873 1.7778 4.5177 -17.1677 5.0415 28.8771 1.5198 0.9192
Car -1 -1 -1.4076 676.1724 785.8267 805.5302 893.2579 1.4375 1.7325 3.5698 -3.9394 4.5640 27.2429 -1.5410 0.8797
Car -1 -1 1.9972 154.2057 818.3536 306.8344 907.7510 1.5273 1.7397 4.0869 -17.7113 6.5087 36.4595 1.5660 0.8614
Car -1 -1 -1.4771 775.4600 786.8521 849.6926 853.3962 1.5847 1.9477 4.2161 -4.7210 7.0122 48.0049 -1.5668 0.7187
