Pedestrian -1 -1 1.5912 978.6608 789.9187 1021.5528 899.6816 1.7162 0.7021 0.8510 0.6590 4.5406 25.1536 1.6194 0.6850
Cyclist -1 -1 -1.5576 839.2331 781.4744 915.8544 931.1603 1.7616 1.0052 1.9034 -1.1339 4.0197 20.5970 -1.6070 0.5290
Car -1 -1 -1.2960 280.4420 766.3446 676.3100 1055.6587 1.5336 1.8317 3.9999 -3.5777 2.8487 11.8966 -1.5632 0.9856
Car -1 -1 -1.3968 583.0339 796.4380 759.7125 946.6636 1.5472 1.8174 3.8094 -4.0862 4.2502 21.6591 -1.5699 0.9811
Car -1 -1 -1.1422 0.0000 711.9305 503.9984 1216.0000 1.4979 1.7830 3.9312 -3.1639 1.9374 5.5694 -1.5893 0.9759
Car -1 -1 -1.4325 676.6246 799.2682 793.9280 907.5253 1.5488 1.7275 3.7163 -4.3467 5.1756 29.2447 -1.5694 0.9477
Car -1 -1 2.0320 7.3668 802.1597 211.1934 906.1013 1.4624 1.7948 4.4181 -17.4496 5.3895 30.8959 1.5416 0.9467
Car -1 -1 -1.4327 718.3569 800.1804 819.8354 886.1949 1.4368 1.8012 4.2801 -4.5464 5.9023 35.9390 -1.5491 0.9101
Car -1 -1 1.9948 169.6302 821.1707 311.3296 904.9065 1.5059 1.7058 4.0093 -18.3691 6.7971 38.3087 1.5682 0.8241
Car -1 -1 1.9707 273.0959 820.8599 388.4243 893.8102 1.5702 1.7115 4.0496 -18.9801 7.7609 45.2011 1.5911 0.4868
