Pedestrian -1 -1 1.5745 981.7662 788.1045 1027.2982 902.5341 1.7228 0.7178 0.7168 0.6943 4.3762 23.9427 1.6050 0.7332
Cyclist -1 -1 -1.5140 843.5154 787.9736 913.0325 934.2676 1.6991 0.8299 1.8867 -1.1118 4.0297 20.4260 -1.5627 0.4327
Car -1 -1 -1.2949 222.5158 766.8842 657.9813 1088.0930 1.5472 1.8314 3.9820 -3.5302 2.7782 10.9675 -1.5783 0.9853
Car -1 -1 -1.0794 0.0000 686.3976 450.0299 1216.0000 1.5487 1.7935 4.1066 -3.1568 1.8247 4.6426 -1.5873 0.9823
Car -1 -1 -1.4159 574.1135 794.3379 756.0858 952.8517 1.5498 1.8352 3.9206 -4.0055 4.1346 20.8330 -1.5922 0.9819
Car -1 -1 2.0642 0.0000 800.0233 194.0267 905.8644 1.4605 1.7598 4.3723 -17.4230 5.2402 30.0836 1.5635 0.8960
Car -1 -1 -1.4253 716.8165 803.3520 820.2875 892.9342 1.4604 1.7637 4.1527 -4.4203 5.8699 34.8511 -1.5419 0.8932
Car -1 -1 -1.4125 672.6542 800.8597 799.6263 910.7001 1.4942 1.7619 3.7875 -4.1936 5.0592 28.3850 -1.5485 0.8914
Car -1 -1 1.9961 156.8207 817.8212 306.1767 906.0666 1.5524 1.7490 4.0947 -18.1160 6.6334 37.3336 1.5651 0.8483
Car -1 -1 -1.4691 766.0041 791.8619 838.7028 858.5518 1.6091 1.9060 4.3605 -5.1766 7.3474 49.2109 -1.5653 0.7050
