Pedestrian -1 -1 1.5630 981.7987 786.6813 1025.5858 901.3735 1.7666 0.7072 0.7779 0.6939 4.4655 24.5506 1.5931 0.8928
Cyclist -1 -1 -1.6126 845.1722 787.7715 913.3542 936.3104 1.7141 0.8556 1.8024 -1.1300 4.0215 20.2485 -1.6627 0.5451
Car -1 -1 -1.2960 242.0285 766.7263 665.4860 1075.8046 1.5429 1.8430 4.1425 -3.5894 2.8246 11.4417 -1.5733 0.9834
Car -1 -1 -1.4320 585.0347 798.3940 754.4740 950.2608 1.5171 1.7920 3.7384 -4.0210 4.1946 21.1793 -1.6061 0.9749
Car -1 -1 -1.1155 0.0000 698.0424 468.1526 1216.0000 1.5615 1.8065 3.9286 -3.1549 1.9033 4.9999 -1.5973 0.9608
Car -1 -1 -1.4487 676.4911 799.5651 792.6155 908.4605 1.5399 1.7388 3.5522 -4.2780 5.0983 28.6767 -1.5861 0.9127
Car -1 -1 -1.4264 718.6942 797.9702 822.4832 886.6074 1.4730 1.7996 4.2906 -4.4528 5.8325 35.4984 -1.5417 0.9064
Car -1 -1 2.0321 0.0000 797.1235 194.5591 902.7447 1.4793 1.7797 4.3359 -17.4800 5.2245 30.3196 1.5331 0.8811
Car -1 -1 1.9982 158.8520 821.8724 307.1655 908.9438 1.5383 1.7536 4.1179 -18.3102 6.7900 37.8095 1.5680 0.7439
Car -1 -1 -1.4378 763.1208 790.1255 840.8650 856.5813 1.5997 1.9454 4.4654 -5.2191 7.3235 49.5379 -1.5342 0.5178
Car -1 -1 2.1699 0.0000 841.2668 8.8067 986.7820 1.4860 1.7656 4.0394 -17.0116 5.1497 23.3015 1.5720 0.4222
