Pedestrian -1 -1 1.5478 989.6607 785.6166 1035.7964 901.9111 1.7237 0.7087 0.6836 0.8022 4.2832 23.4692 1.5831 0.7620
Cyclist -1 -1 -1.5546 853.4509 786.8176 917.4017 935.5656 1.7302 0.8274 1.8250 -1.0113 4.0315 20.3300 -1.5989 0.5467
Car -1 -1 -1.2855 199.8558 769.3502 658.7935 1098.7278 1.5077 1.8315 4.0622 -3.4802 2.7338 10.6606 -1.5722 0.9840
Car -1 -1 -1.4376 575.2905 789.2278 754.1422 950.6238 1.5589 1.8294 3.8075 -3.9174 4.0073 20.3400 -1.6142 0.9810
Car -1 -1 -1.0291 0.0000 685.9279 448.1754 1216.0000 1.4811 1.8232 4.3444 -3.1186 1.7425 4.2283 -1.5649 0.9782
Car -1 -1 -1.4655 673.2817 799.3419 791.8685 911.0504 1.5075 1.7645 3.7335 -4.2059 4.9940 27.9940 -1.6038 0.9550
Car -1 -1 -1.4300 716.1668 798.9313 820.0366 888.9418 1.4695 1.7755 4.1681 -4.4052 5.7478 34.6580 -1.5469 0.9166
Car -1 -1 2.0313 0.0000 793.3302 180.8880 901.7067 1.4811 1.7661 4.3844 -17.3921 5.0665 29.6023 1.5245 0.8934
Car -1 -1 1.9843 158.4435 821.5475 312.1905 912.0041 1.5517 1.7814 4.3527 -18.0247 6.7527 37.3628 1.5557 0.8392
Car -1 -1 -1.5013 769.9939 794.5068 840.6140 863.0582 1.6283 1.9480 4.4084 -5.0341 7.4126 48.7731 -1.5955 0.6329
