Pedestrian -1 -1 1.5632 975.0122 779.5096 1014.3821 881.9597 1.7009 0.6793 0.6342 0.5821 4.4353 26.1252 1.5878 0.4804
Pedestrian -1 -1 1.5760 848.3486 768.9283 907.5886 918.6017 1.7544 0.7614 1.7383 -1.1106 3.7772 20.1179 1.5263 0.1161
Cyclist -1 -1 -1.5652 844.7702 775.4355 910.1649 919.8182 1.6851 0.8446 1.7596 -1.1227 3.8113 20.2235 -1.6151 0.5550
Car -1 -1 -1.1706 0.0000 721.2902 541.1619 1216.0000 1.4791 1.7377 3.6759 -3.1573 2.0063 6.3359 -1.5757 0.9849
Car -1 -1 -1.3085 324.2250 762.8270 683.2474 1026.2695 1.5068 1.8033 3.8897 -3.6053 2.8437 12.5450 -1.5653 0.9821
Car -1 -1 -1.4030 593.4091 789.8351 758.4041 929.0198 1.4959 1.7682 3.6421 -4.1393 4.1477 22.2197 -1.5743 0.9660
Car -1 -1 -1.4292 718.5504 794.4454 817.4823 878.4789 1.4511 1.7762 4.2052 -4.6503 5.8321 36.5175 -1.5464 0.9336
Car -1 -1 -1.4231 678.1825 788.4365 796.9469 892.1599 1.5277 1.7689 3.7924 -4.4045 5.0108 29.9444 -1.5589 0.9280
Car -1 -1 2.0875 22.4990 784.8382 234.6714 885.8057 1.4894 1.8363 4.5599 -17.4866 5.1260 31.6914 1.6058 0.9051
Car -1 -1 1.9942 184.8228 814.1771 321.2023 893.5530 1.4604 1.6787 3.9084 -18.2881 6.6193 38.8026 1.5737 0.7473
Car -1 -1 -0.7058 0.0000 0.0000 1936.0000 1209.9777 1.5285 1.8032 4.2983 -2.8863 1.4706 1.6550 -1.5232 0.6560
Car -1 -1 1.9106 284.0888 790.4436 396.9431 859.5182 1.5266 1.7937 4.2826 -18.8602 6.8187 45.6335 1.5353 0.4471
