Pedestrian -1 -1 1.5991 1063.0536 764.1040 1115.5333 910.3500 1.7129 0.6350 0.7366 1.6050 3.4892 18.6804 1.6811 0.6237
Pedestrian -1 -1 1.5234 1018.9848 778.8727 1055.2905 867.6006 1.6264 0.6699 0.5375 1.4486 4.6010 28.6203 1.5754 0.4017
Pedestrian -1 -1 1.5883 895.8807 765.5518 956.0995 920.0743 1.8328 0.7761 1.7711 -0.4596 3.8195 20.2369 1.5691 0.1281
Cyclist -1 -1 -1.5889 899.0060 768.3177 966.0933 914.4418 1.7474 0.8826 1.7811 -0.4084 3.8066 20.5658 -1.6054 0.6112
Car -1 -1 -1.1820 0.0000 727.7632 608.7838 1216.0000 1.4852 1.8135 4.0838 -3.0854 2.1102 7.0245 -1.5478 0.9907
Car -1 -1 -1.4070 547.5271 771.0350 774.6548 961.9385 1.5095 1.8084 3.9557 -3.2328 3.3511 16.8574 -1.5825 0.9739
Car -1 -1 -1.4341 686.6385 781.4504 828.9464 908.5157 1.5222 1.7649 3.7286 -3.2343 4.2749 24.4178 -1.5560 0.9737
Car -1 -1 -1.4551 743.0502 789.2918 856.4930 888.0781 1.4376 1.8180 4.2491 -3.2714 5.0844 31.0321 -1.5517 0.9461
Car -1 -1 2.0051 134.6488 802.1174 299.9589 894.5037 1.4876 1.7192 4.1524 -16.8669 5.7792 34.1355 1.5673 0.9384
Car -1 -1 2.0542 0.0000 782.9460 149.9564 905.1902 1.4908 1.8275 4.5109 -16.4132 4.5304 26.4657 1.5253 0.7362
Car -1 -1 -1.5050 808.2078 788.5841 879.2028 858.5500 1.5489 1.8263 4.2311 -3.4986 6.7220 45.1420 -1.5747 0.6397
