Pedestrian -1 -1 1.4922 1048.2301 763.0167 1103.5132 901.7720 1.7238 0.6693 0.6787 1.4957 3.5655 19.5992 1.5657 0.7632
Pedestrian -1 -1 -1.5647 894.8816 767.4794 952.4758 913.8076 1.7295 0.7461 1.7310 -0.5001 3.7428 20.2444 -1.5858 0.1115
Cyclist -1 -1 -1.5603 892.5013 770.0152 955.1408 915.6611 1.7155 0.8121 1.7725 -0.4947 3.7697 20.2789 -1.5811 0.5144
Car -1 -1 -1.1904 0.0000 728.5072 628.5667 1209.9186 1.4965 1.8382 4.2131 -3.1640 2.1782 7.7039 -1.5377 0.9913
Car -1 -1 -1.4386 690.4637 777.9047 823.4255 895.7506 1.4591 1.7023 3.6477 -3.3492 4.2150 25.1039 -1.5616 0.9862
Car -1 -1 -1.4691 742.3856 779.7444 849.7602 876.5994 1.4805 1.8005 4.1904 -3.4226 4.9762 31.6630 -1.5683 0.9798
Car -1 -1 -1.4103 556.9388 763.5478 773.4523 947.9616 1.5480 1.8046 3.9400 -3.3243 3.3557 17.5158 -1.5843 0.9790
Car -1 -1 2.0021 146.5703 798.0199 303.9237 886.7736 1.4748 1.6782 4.0432 -17.0069 5.7345 34.7712 1.5678 0.8894
Car -1 -1 -1.5056 811.0305 781.2571 882.6451 850.9304 1.5816 1.8724 4.2908 -3.4482 6.5880 45.7349 -1.5734 0.8881
Car -1 -1 2.0566 0.0000 781.8439 151.5501 902.3128 1.5130 1.7861 4.4788 -16.6409 4.5833 26.9815 1.5297 0.7844
Car -1 -1 1.9121 267.1030 776.7222 384.7202 847.6368 1.4516 1.6963 3.9836 -17.4718 5.8514 41.3115 1.5289 0.4739
