Pedestrian -1 -1 1.5076 1067.2858 768.7125 1125.6438 914.6462 1.6602 0.6568 0.6694 1.6231 3.4268 18.0287 1.5931 0.8207
Pedestrian -1 -1 -1.6013 1026.2064 782.0597 1061.9973 874.0701 1.6313 0.6496 0.6360 1.5445 4.6035 27.9554 -1.5449 0.5433
Cyclist -1 -1 -1.5793 903.1492 771.4370 969.6450 921.8052 1.7673 0.8630 1.8533 -0.3432 3.8518 20.3368 -1.5930 0.5550
Car -1 -1 -1.4060 532.9895 773.6533 769.7771 972.6071 1.5158 1.8274 3.8715 -3.2149 3.3271 16.2595 -1.5865 0.9855
Car -1 -1 -1.1617 0.0000 718.8777 591.1215 1216.0000 1.5177 1.8102 4.0546 -3.0631 2.0563 6.5213 -1.5472 0.9848
Car -1 -1 -1.4908 810.9646 787.6077 886.4270 859.8005 1.5937 1.8799 4.1655 -3.3017 6.6693 44.5537 -1.5572 0.9530
Car -1 -1 -1.4326 688.4297 787.1547 832.9548 916.7291 1.5198 1.7665 3.6105 -3.1221 4.3129 23.9221 -1.5526 0.9490
Car -1 -1 -1.4345 739.4445 790.8980 857.9536 891.6000 1.4215 1.7906 4.3592 -3.2437 5.0660 30.6193 -1.5315 0.9430
Car -1 -1 1.9934 126.6757 795.9724 295.7515 890.2882 1.5018 1.7426 4.2525 -16.7937 5.6048 33.7248 1.5525 0.9309
Car -1 -1 2.0557 0.0000 780.5854 134.9299 903.6092 1.4854 1.8049 4.3481 -16.3194 4.4112 25.8861 1.5198 0.9026
