Pedestrian -1 -1 1.4634 1086.7836 763.3907 1138.9966 894.0340 1.7364 0.6521 0.7543 2.1289 3.7222 21.0630 1.5608 0.7343
Pedestrian -1 -1 1.5565 1197.6757 731.3431 1285.9070 979.2740 1.7539 0.6322 0.7026 2.1104 2.5872 11.3129 1.7218 0.7241
Pedestrian -1 -1 1.4814 1159.9181 751.2172 1236.8254 944.0767 1.6272 0.6234 0.5105 2.0929 2.7689 13.2450 1.6246 0.6194
Cyclist -1 -1 -1.5643 933.6332 771.0355 1004.5314 914.4601 1.7258 0.9450 1.8830 0.1172 3.8584 20.8748 -1.5567 0.4774
Car -1 -1 -1.4431 729.7052 777.6067 868.3159 897.3075 1.4514 1.7967 4.0594 -2.6674 4.2590 25.4379 -1.5393 0.9809
Car -1 -1 -1.3153 363.8838 752.2619 746.8986 1037.0767 1.4584 1.7711 3.6716 -2.8044 2.5697 11.1855 -1.5399 0.9779
Car -1 -1 -1.3987 643.6500 774.1030 832.0992 935.2882 1.4804 1.7201 3.5509 -2.7125 3.5458 18.8919 -1.5307 0.9596
Car -1 -1 2.0915 10.2887 781.3430 234.9471 891.5317 1.5085 1.7761 4.3837 -16.1069 4.7760 29.0104 1.6082 0.9025
Car -1 -1 -1.4958 820.9250 780.5045 902.4800 859.8231 1.5680 1.8244 4.0549 -2.5830 5.9030 39.6191 -1.5539 0.6899
Car -1 -1 -1.5445 860.8207 783.5760 925.7390 851.9870 1.6352 1.8880 3.7785 -2.0711 6.7666 46.4606 -1.5824 0.5503
Car -1 -1 -0.7627 0.0000 0.0000 1936.0000 1215.8831 1.4775 1.7720 3.8795 -2.8638 1.4314 1.6837 -1.5722 0.5156
Car -1 -1 1.9555 158.1602 767.6986 312.5950 855.2932 1.5255 1.7899 4.0042 -16.7568 5.0376 34.7390 1.5254 0.4822
