Pedestrian -1 -1 1.5095 1161.7219 745.0722 1247.7279 963.1821 1.7453 0.6706 0.8224 2.0854 2.8162 12.8876 1.6556 0.8274
Pedestrian -1 -1 1.4929 1133.6819 767.5759 1201.3495 934.7605 1.5578 0.6121 0.5999 2.0320 2.9985 14.7858 1.6193 0.5816
Pedestrian -1 -1 1.5192 1080.7041 772.7748 1123.6628 887.8412 1.6524 0.6146 0.5796 2.1208 3.9125 22.5537 1.6107 0.5653
Cyclist -1 -1 -1.5285 929.9822 768.1599 998.1844 916.1672 1.7590 0.8562 1.9679 0.0609 3.8398 20.7177 -1.5234 0.3871
Car -1 -1 -1.4564 744.7365 784.0010 875.7432 899.7075 1.4382 1.8016 4.2234 -2.5940 4.4942 26.5901 -1.5456 0.9802
Car -1 -1 -1.3600 431.7945 761.0450 759.1683 1016.8286 1.4481 1.7664 3.8380 -2.8327 2.7555 12.4376 -1.5656 0.9758
Car -1 -1 -1.3968 661.9192 782.6943 842.4700 937.7765 1.4922 1.7419 3.6506 -2.6966 3.8055 20.0559 -1.5203 0.9654
Car -1 -1 -0.8871 0.0000 679.4949 329.5723 1216.0000 1.4634 1.7974 3.7940 -2.9400 1.6367 2.8204 -1.5382 0.9315
Car -1 -1 2.0677 50.4083 779.6165 258.9500 885.4251 1.5246 1.7640 4.3586 -16.1368 4.8768 30.1969 1.5995 0.9303
Car -1 -1 -1.5021 822.4284 783.0996 905.5366 862.9258 1.6052 1.9363 4.2912 -2.5937 6.1475 40.7801 -1.5585 0.8767
Car -1 -1 -1.5517 862.7216 791.5060 923.7847 858.5089 1.5940 1.8339 3.9763 -2.1220 7.1153 47.5534 -1.5895 0.6406
Car -1 -1 0.4073 243.5835 797.7446 407.6234 860.2860 1.6006 1.7936 4.1127 -18.8437 6.8464 44.4410 0.0235 0.3716
