Pedestrian -1 -1 1.5364 1105.7906 751.4475 1169.8221 931.0080 1.7351 0.6243 0.8480 1.8232 3.0867 15.5257 1.6453 0.6475
Pedestrian -1 -1 1.4963 1048.6151 772.2276 1088.3206 870.4779 1.5960 0.6329 0.5636 1.8186 4.1285 25.4233 1.5675 0.4213
Pedestrian -1 -1 1.8027 1086.2517 772.2678 1145.1725 918.2802 1.5889 0.5669 0.5708 1.7969 3.3358 17.3655 1.9002 0.3085
Cyclist -1 -1 -1.5824 913.7941 766.3408 979.9941 915.2839 1.7842 0.8711 1.8335 -0.2063 3.8197 20.5959 -1.5896 0.3714
Car -1 -1 -1.3725 486.1824 765.2800 764.3619 984.7498 1.4749 1.8054 3.8231 -3.0619 3.0081 14.4173 -1.5657 0.9815
Car -1 -1 -1.0754 0.0000 691.6610 515.0631 1216.0000 1.5066 1.8352 4.2902 -3.0311 1.8187 4.8308 -1.5535 0.9727
Car -1 -1 -1.4259 741.4055 782.8199 870.2180 890.4429 1.4375 1.8037 4.2545 -2.8753 4.6786 28.5198 -1.5182 0.9558
Car -1 -1 2.0520 87.2945 796.9278 272.0930 896.1078 1.4912 1.6922 4.1298 -16.4956 5.3897 31.8042 1.5957 0.9493
Car -1 -1 -1.4221 677.2512 782.9880 833.9965 921.6804 1.4984 1.7370 3.4696 -2.9244 4.0012 21.9185 -1.5448 0.9489
Car -1 -1 2.1064 0.0000 781.5853 96.4828 917.8198 1.5589 1.8230 4.3038 -16.1594 4.3307 24.2820 1.5477 0.4789
Car -1 -1 -1.5278 818.0189 784.5944 892.4274 861.0648 1.5815 1.8916 4.5547 -2.9786 6.3979 42.8078 -1.5899 0.2841
