Pedestrian -1 -1 1.4727 1174.2188 744.3116 1260.1355 967.7828 1.7266 0.6194 0.7295 2.1011 2.7426 12.3426 1.6254 0.9152
Pedestrian -1 -1 1.4700 1136.3274 760.8141 1208.4580 934.0225 1.5630 0.6182 0.6164 2.0124 2.8923 14.3087 1.5988 0.6063
Pedestrian -1 -1 1.4750 1079.3533 768.7827 1127.5670 892.5546 1.7242 0.6373 0.7661 2.0961 3.8885 22.1101 1.5670 0.5753
Cyclist -1 -1 -1.5573 930.1398 771.4858 1000.2653 917.3361 1.7377 0.9305 1.9874 0.0708 3.8782 20.8347 -1.5518 0.4111
Car -1 -1 -1.4600 742.4367 781.8094 874.6016 898.5186 1.4381 1.8078 4.1901 -2.5868 4.4113 26.2227 -1.5503 0.9813
Car -1 -1 -1.4212 660.8146 775.5818 839.3008 934.5727 1.5176 1.7426 3.7058 -2.6733 3.6916 19.7011 -1.5459 0.9802
Car -1 -1 -1.3318 406.1819 757.3373 758.4683 1023.3132 1.4552 1.7821 3.7347 -2.8126 2.6815 11.9559 -1.5437 0.9675
Car -1 -1 -0.8649 0.0000 641.1501 295.5033 1216.0000 1.5218 1.8082 3.8933 -2.9251 1.5706 2.5283 -1.5519 0.9399
Car -1 -1 2.0569 39.3191 777.6637 244.4037 881.5612 1.4796 1.7153 4.2258 -16.1080 4.7264 29.6611 1.5821 0.9228
Car -1 -1 -1.5135 858.7506 785.7447 927.3098 853.4033 1.6241 1.9120 3.8783 -2.1080 6.9070 47.1605 -1.5514 0.7730
