Pedestrian -1 -1 1.5336 1097.1046 754.2966 1162.0238 925.4896 1.7123 0.6556 0.8008 1.7933 3.1346 16.0164 1.6379 0.8055
Cyclist -1 -1 -1.5864 910.2425 769.7603 977.9821 917.4850 1.7775 0.8959 1.7864 -0.2487 3.8674 20.6706 -1.5954 0.4802
Cyclist -1 -1 1.5336 1097.1046 754.2966 1162.0238 925.4896 1.7123 0.6556 0.8008 1.7933 3.1346 16.0164 1.6379 0.1062
Car -1 -1 -1.0671 0.0000 703.6406 524.6882 1216.0000 1.4698 1.8328 4.2938 -3.0410 1.8440 4.9317 -1.5395 0.9808
Car -1 -1 -1.3853 499.5934 767.4019 767.3195 986.2019 1.5137 1.8133 3.9277 -3.0845 3.1185 14.8744 -1.5740 0.9744
Car -1 -1 -1.4338 677.5203 784.9647 833.5872 923.5873 1.5130 1.7874 3.6764 -2.9927 4.1138 22.4476 -1.5563 0.9708
Car -1 -1 -1.5545 822.1344 787.1525 887.9832 858.8799 1.4957 1.7900 4.2517 -3.0165 6.4116 43.1435 -1.6169 0.9492
Car -1 -1 -1.4321 741.2320 792.2212 864.9230 897.2275 1.4053 1.7751 4.2291 -2.9845 4.8934 29.0237 -1.5262 0.9485
Car -1 -1 1.9969 101.4663 811.4869 280.3291 915.2575 1.5503 1.7372 4.2766 -16.4904 5.8450 32.2620 1.5470 0.8505
Car -1 -1 2.0846 0.0000 803.6840 117.9695 939.3973 1.5342 1.7949 4.4051 -16.1881 4.7910 25.0115 1.5388 0.4554
