Pedestrian -1 -1 1.4995 1117.5336 766.6952 1177.6095 919.8233 1.5426 0.5913 0.5527 1.9737 3.0767 15.8900 1.6150 0.7397
Pedestrian -1 -1 1.4988 1066.3751 769.6796 1108.2067 880.9262 1.6930 0.6233 0.5638 2.0004 4.0234 23.7859 1.5813 0.6406
Pedestrian -1 -1 1.5921 1143.6055 745.5017 1213.4175 941.9358 1.7260 0.6326 0.7329 2.0442 2.8926 14.0549 1.7250 0.5215
Cyclist -1 -1 -1.5386 925.6545 766.0255 991.4990 910.6655 1.7309 0.8460 1.8874 -0.0169 3.7768 20.7219 -1.5372 0.5092
Car -1 -1 -1.4262 668.8509 778.3542 835.8661 927.4244 1.5219 1.7549 3.6452 -2.8185 3.8551 20.8969 -1.5502 0.9728
Car -1 -1 -0.9838 0.0000 680.8894 411.2568 1216.0000 1.4833 1.8296 3.8632 -2.9696 1.6906 3.5898 -1.5556 0.9658
Car -1 -1 -1.3584 452.8404 759.7308 763.5054 1000.5063 1.4776 1.8109 3.8000 -2.9271 2.8425 13.2280 -1.5589 0.9652
Car -1 -1 -1.4110 736.1968 781.7400 872.1694 893.7654 1.4424 1.7917 4.1973 -2.7898 4.5460 27.4389 -1.5041 0.9590
Car -1 -1 2.0460 71.5112 786.3576 267.3076 888.3809 1.4923 1.7220 4.2881 -16.1977 5.0562 30.8536 1.5848 0.9367
Car -1 -1 -1.5070 860.0755 790.0159 927.3036 853.4724 1.4969 1.8792 4.1782 -2.1403 7.0728 48.3872 -1.5444 0.7812
