Pedestrian -1 -1 1.4747 1109.6407 761.6007 1166.1034 906.2411 1.7152 0.6342 0.7250 2.2126 3.4669 18.7956 1.5863 0.6214
Pedestrian -1 -1 1.3891 1203.7396 750.6762 1299.2672 979.1083 1.6139 0.6044 0.5246 2.1505 2.5718 11.1236 1.5600 0.4774
Cyclist -1 -1 -1.5797 943.6562 770.2349 1011.0437 913.7055 1.7265 0.8989 1.9231 0.2175 3.8522 20.9098 -1.5676 0.5262
Car -1 -1 -1.4333 713.4873 772.6172 865.5687 904.1575 1.4916 1.8033 4.1851 -2.6345 4.0574 23.8514 -1.5348 0.9839
Car -1 -1 -1.2797 244.2109 740.1967 725.8785 1087.4402 1.5011 1.7894 3.7976 -2.7817 2.3961 9.6779 -1.5335 0.9834
Car -1 -1 -1.4195 616.5600 768.3309 819.2955 945.1689 1.4861 1.7325 3.5067 -2.6778 3.3031 17.1838 -1.5626 0.9639
Car -1 -1 2.0808 0.0000 772.3787 190.9368 882.6369 1.4370 1.7041 4.2871 -16.0667 4.3490 27.3805 1.5746 0.9609
Car -1 -1 -1.4686 814.0826 776.4360 904.8230 860.3934 1.6016 1.8664 4.0456 -2.5291 5.6641 38.0294 -1.5280 0.9514
Car -1 -1 1.9703 150.7422 762.9880 312.7380 851.8196 1.4978 1.7502 4.1507 -16.4008 4.8179 33.8533 1.5387 0.6641
Car -1 -1 -1.4900 850.2182 784.8666 927.2044 857.3334 1.5990 1.9389 4.4298 -2.1368 6.6742 45.1927 -1.5306 0.5349
