Pedestrian -1 -1 1.3810 1217.3384 747.0828 1318.6136 989.2589 1.6077 0.5937 0.5434 2.1402 2.4864 10.4800 1.5598 0.7458
Pedestrian -1 -1 1.4616 1114.4742 757.1966 1173.8739 906.7141 1.7304 0.6512 0.5871 2.2110 3.3601 18.1259 1.5767 0.6018
Cyclist -1 -1 -1.5783 949.7120 768.5956 1016.8594 913.6343 1.7421 0.8895 1.8571 0.2994 3.8247 20.7418 -1.5624 0.5332
Car -1 -1 -1.4409 709.7271 774.1189 864.1539 908.1445 1.4774 1.8129 4.1755 -2.6094 4.0128 23.2978 -1.5438 0.9853
Car -1 -1 -1.2828 182.6429 737.9011 703.5797 1107.2303 1.4726 1.7868 3.7649 -2.8001 2.2976 9.0203 -1.5545 0.9773
Car -1 -1 -1.3948 603.5441 769.4698 819.6354 951.1378 1.4452 1.7046 3.5201 -2.6332 3.2149 16.5216 -1.5411 0.9660
Car -1 -1 -1.5009 812.7555 776.4501 898.3585 860.6097 1.6029 1.8390 3.8682 -2.5898 5.5915 37.4165 -1.5629 0.9497
Car -1 -1 2.0474 0.0000 769.0115 175.7422 882.5872 1.4620 1.6711 4.2162 -15.9642 4.2514 26.8090 1.5351 0.9129
Car -1 -1 -1.5191 856.1798 784.4446 926.5164 853.7518 1.5396 1.8557 3.9914 -2.0327 6.4983 44.4705 -1.5581 0.8765
Car -1 -1 1.9844 142.3365 765.9746 311.5020 856.2171 1.4903 1.7585 4.3228 -16.4188 4.8737 33.6868 1.5506 0.4831
