Pedestrian -1 -1 1.4436 1101.4083 763.0751 1156.3014 897.7781 1.6942 0.6470 0.5988 2.2070 3.5467 19.7428 1.5503 0.6650
Pedestrian -1 -1 1.6522 1187.1678 757.3597 1269.1680 965.0472 1.5412 0.6061 0.6202 2.1385 2.6325 11.9473 1.8120 0.4954
Cyclist -1 -1 -1.5730 938.6968 771.0876 1002.5574 914.2774 1.7191 0.8441 1.7679 0.1288 3.8245 20.6508 -1.5649 0.4406
Car -1 -1 -1.4549 726.2417 774.1855 866.7864 898.4257 1.4516 1.7792 4.0680 -2.5989 4.0970 24.4496 -1.5525 0.9857
Car -1 -1 -1.3872 630.6231 771.0855 830.5486 938.9593 1.4589 1.7025 3.4559 -2.6392 3.3755 17.8397 -1.5232 0.9832
Car -1 -1 -1.3233 305.2979 741.9468 725.3532 1062.6339 1.5093 1.7634 3.6319 -2.7835 2.4492 10.1876 -1.5659 0.9828
Car -1 -1 -1.4846 820.3436 776.0740 903.7908 855.9896 1.5522 1.7838 3.9250 -2.5033 5.6501 38.5502 -1.5425 0.9220
Car -1 -1 2.0553 0.0000 765.9232 199.0982 876.8718 1.4894 1.7572 4.2615 -16.0401 4.3014 27.6740 1.5539 0.9185
Car -1 -1 -1.5042 856.6823 782.3123 929.6000 849.2001 1.5026 1.9181 4.1502 -2.0271 6.5228 45.5904 -1.5421 0.8242
Car -1 -1 2.0141 149.0057 765.9161 313.4458 853.0694 1.4678 1.7016 4.0583 -16.4004 4.8495 33.8229 1.5821 0.7462
