Pedestrian -1 -1 1.4021 1231.7806 739.1314 1338.6842 991.0490 1.6100 0.6102 0.5521 2.1768 2.4027 10.0950 1.5899 0.7213
Pedestrian -1 -1 1.4560 1118.2650 759.1138 1178.4734 908.9543 1.7042 0.6469 0.5703 2.2220 3.3280 17.8069 1.5735 0.6758
Cyclist -1 -1 -1.5799 949.5471 769.9318 1017.4838 911.8286 1.7154 0.9093 1.8886 0.3041 3.8403 20.9625 -1.5639 0.5301
Car -1 -1 -1.2744 185.3744 745.4394 711.7067 1116.3047 1.4115 1.7361 3.6956 -2.6897 2.2702 8.7804 -1.5423 0.9864
Car -1 -1 -1.4446 711.2931 774.9382 863.8497 907.4028 1.4430 1.7831 4.0542 -2.5665 3.9537 22.9769 -1.5473 0.9780
Car -1 -1 -1.4094 602.3638 765.5562 818.4330 951.3509 1.4686 1.7139 3.6027 -2.6188 3.1800 16.3812 -1.5561 0.9719
Car -1 -1 -1.4793 811.3299 778.1939 902.5972 865.3829 1.6297 1.8674 3.9698 -2.5240 5.6331 37.0421 -1.5402 0.9374
Car -1 -1 2.0750 0.0000 766.1508 164.2980 881.5481 1.4661 1.7382 4.2949 -16.0828 4.1690 26.4541 1.5539 0.9287
Car -1 -1 -1.4817 852.5311 785.5128 924.9278 853.3191 1.4907 1.7689 3.7953 -2.0894 6.4244 43.9980 -1.5225 0.9046
Car -1 -1 1.9850 145.6767 762.1443 312.7949 850.9964 1.4875 1.7552 4.2691 -16.4404 4.7898 33.8314 1.5521 0.4889
