Pedestrian -1 -1 1.4495 1103.5883 767.6829 1159.4950 907.1521 1.7052 0.6352 0.7112 2.2000 3.5899 19.3802 1.5576 0.7825
Pedestrian -1 -1 1.4489 1184.8435 753.9728 1276.9410 971.4272 1.6011 0.6320 0.5849 2.0957 2.6351 11.6761 1.6087 0.5618
Cyclist -1 -1 -1.5702 937.2015 769.6646 1006.2673 912.3988 1.7261 0.9224 1.8487 0.1485 3.8390 20.8974 -1.5612 0.4791
Car -1 -1 -1.4214 716.4985 777.1028 864.6014 901.7859 1.4451 1.7745 3.9119 -2.6684 4.1116 24.2030 -1.5227 0.9851
Car -1 -1 -1.2901 274.6181 748.6412 727.9290 1074.4988 1.4577 1.7914 3.6843 -2.7955 2.4384 9.9811 -1.5381 0.9733
Car -1 -1 -1.3956 622.9543 769.8293 825.6558 941.3666 1.4758 1.7252 3.4594 -2.6735 3.3519 17.5985 -1.5352 0.9720
Car -1 -1 -1.4722 814.7161 780.4694 902.5742 861.7244 1.5397 1.8220 4.0819 -2.5734 5.7457 38.3565 -1.5322 0.9356
Car -1 -1 -1.4589 849.8354 785.8065 925.3734 851.1497 1.4308 1.8097 4.2452 -2.1979 6.5795 45.6696 -1.5002 0.8401
Car -1 -1 2.0714 0.0000 767.0649 197.4334 878.0653 1.4883 1.7431 4.3099 -16.1336 4.3298 27.7332 1.5685 0.8159
Car -1 -1 1.9845 155.7289 761.6797 313.3662 846.4842 1.4480 1.7051 3.9751 -16.4134 4.7402 33.9928 1.5539 0.6432
Car -1 -1 1.8518 389.9274 753.5071 496.7929 824.5366 1.7468 1.9309 4.7532 -16.5085 6.0750 47.9169 1.5339 0.3683
