Pedestrian -1 -1 -1.4566 1207.4965 729.6434 1301.6443 987.9609 1.7309 0.6053 0.6547 2.1144 2.5115 10.7445 -1.2836 0.7874
Pedestrian -1 -1 1.5416 1172.0414 751.5727 1248.6023 953.2052 1.6083 0.6135 0.5382 2.0930 2.7026 12.6146 1.6909 0.5713
Pedestrian -1 -1 1.4529 1094.6769 765.7131 1146.8812 896.1005 1.6946 0.6391 0.6108 2.1725 3.6464 20.4172 1.5549 0.5679
Cyclist -1 -1 -1.5524 934.6446 767.8781 1003.1855 910.9888 1.7315 0.9149 1.8310 0.1258 3.8158 20.8733 -1.5445 0.4530
Car -1 -1 -1.4342 732.3364 776.0193 872.9573 896.5729 1.4396 1.7646 3.9384 -2.5494 4.1575 24.8902 -1.5281 0.9776
Car -1 -1 -1.3202 333.6876 745.9066 734.5190 1048.0344 1.4945 1.7787 3.6411 -2.8147 2.5089 10.7014 -1.5549 0.9731
Car -1 -1 -1.4052 638.2543 773.8271 829.8379 938.8452 1.4765 1.7200 3.5011 -2.6801 3.4824 18.3649 -1.5393 0.9714
Car -1 -1 2.0954 0.0000 775.9099 225.2251 886.7254 1.4987 1.7414 4.3993 -16.0574 4.6049 28.5304 1.6064 0.9275
Car -1 -1 -1.4867 825.9771 777.7979 907.1962 856.0951 1.5321 1.7629 3.9889 -2.4266 5.7434 39.1694 -1.5417 0.8954
Car -1 -1 -1.5077 859.6964 781.4188 926.8199 848.1912 1.5770 1.8029 3.6668 -2.0457 6.5724 45.8724 -1.5457 0.7573
Car -1 -1 1.9415 199.3563 763.7800 346.2075 846.6022 1.4782 1.7457 4.1640 -16.4240 5.0087 35.9001 1.5308 0.5326
