Pedestrian -1 -1 1.3966 1141.5754 748.3586 1220.1644 926.0755 1.7102 0.6707 0.7434 2.2388 3.0060 15.3103 1.5316 0.6441
Pedestrian -1 -1 1.3233 1320.3033 709.4438 1467.4845 1038.8555 1.6550 0.6154 0.5665 2.2847 2.1204 7.9455 1.5638 0.5031
Pedestrian -1 -1 1.6712 1042.7301 785.6416 1065.4034 842.5389 1.6540 0.6334 0.6123 2.8456 6.6181 45.8287 1.7366 0.3084
Cyclist -1 -1 -1.5774 959.4196 760.0096 1023.1978 902.5182 1.7151 0.8432 1.8554 0.4102 3.6699 20.7020 -1.5566 0.4131
Car -1 -1 -1.2157 0.0000 725.6835 651.0294 1216.0000 1.4400 1.7372 3.6805 -2.7369 2.0354 6.9730 -1.5465 0.9869
Car -1 -1 -1.3861 556.9067 758.5503 807.3669 963.8444 1.4177 1.6822 3.6428 -2.5677 2.8839 14.5644 -1.5474 0.9722
Car -1 -1 -1.4417 689.7081 769.3386 858.2984 919.1551 1.5137 1.7987 4.0563 -2.5285 3.7489 21.0971 -1.5520 0.9706
Car -1 -1 -1.4660 803.1740 766.5186 901.5906 857.8610 1.6283 1.8609 4.2225 -2.5142 5.1903 35.4659 -1.5298 0.9026
Car -1 -1 2.1164 0.0000 743.7468 126.1005 859.7338 1.4496 1.7395 4.2102 -16.0740 3.6130 25.1147 1.5725 0.8236
Car -1 -1 1.9826 98.4033 755.5406 274.5853 850.0325 1.5105 1.7305 4.2052 -16.4287 4.4887 31.9536 1.5281 0.5071
Car -1 -1 -1.5376 857.0645 774.0613 925.9835 845.9510 1.5650 1.7875 3.6679 -1.9178 5.9404 42.0273 -1.5769 0.4442
