Pedestrian -1 -1 1.3942 1183.5322 737.1473 1279.4515 949.4200 1.6929 0.6698 0.7549 2.2852 2.6758 12.7130 1.5561 0.6440
Pedestrian -1 -1 1.2006 1461.8669 689.2961 1698.7919 1162.4878 1.6157 0.6058 0.6035 2.2582 1.8666 5.5098 1.5183 0.5185
Pedestrian -1 -1 1.5294 1044.9984 779.4251 1066.4282 837.0361 1.6049 0.6007 0.5219 2.7368 6.1139 43.3680 1.5955 0.4024
Pedestrian -1 -1 -1.7240 840.9117 753.5402 874.8353 838.4955 1.6959 0.6124 0.7448 -2.1870 4.4495 31.5818 -1.7866 0.1582
Cyclist -1 -1 1.5608 969.6061 760.8524 1026.9043 903.8754 1.7094 0.7541 1.8901 0.5009 3.6716 20.6320 1.5858 0.4559
Car -1 -1 -1.3987 651.2868 768.2948 847.9709 928.5977 1.4395 1.7704 4.0766 -2.5899 3.4824 19.2263 -1.5227 0.9881
Car -1 -1 -1.1154 0.0000 708.2773 559.9896 1216.0000 1.3885 1.7169 3.6872 -2.7202 1.7681 4.9432 -1.5454 0.9817
Car -1 -1 -1.3563 470.7528 747.9609 779.6196 992.2878 1.4445 1.6945 3.6131 -2.6264 2.6240 12.5073 -1.5469 0.9720
Car -1 -1 2.0759 0.0000 748.4566 205.8308 849.9631 1.4764 1.7146 3.9982 -16.3504 4.0088 28.6433 1.5798 0.5067
Car -1 -1 -1.4680 792.2876 770.0634 893.0679 860.2753 1.5141 1.8241 3.9425 -2.5941 4.9636 33.5359 -1.5380 0.3299
Car -1 -1 2.1558 0.0000 727.5280 49.3161 854.9412 1.4914 1.7556 4.2235 -16.2028 3.2163 23.0209 1.5700 0.2117
Car -1 -1 -1.4669 842.5670 773.8810 929.6681 851.3994 1.5900 1.9248 3.8324 -1.9675 5.7936 40.2235 -1.5094 0.1980
Car -1 -1 -2.5093 0.0000 758.1044 166.3449 835.9349 1.5012 1.6764 3.8030 -20.1065 4.5762 33.4749 -3.0289 0.1737
