Pedestrian -1 -1 1.2372 1396.5811 689.3220 1580.4812 1087.0898 1.6482 0.6087 0.5207 2.2983 1.9427 6.5614 1.5195 0.6583
Pedestrian -1 -1 1.4105 1170.9677 742.2824 1255.4675 934.3777 1.7012 0.6873 0.5508 2.3276 2.8111 13.8615 1.5635 0.6299
Pedestrian -1 -1 1.5326 1043.4248 783.3315 1066.5125 845.9213 1.7814 0.6636 0.5599 2.7742 6.5069 44.3148 1.5984 0.3350
Cyclist -1 -1 -1.5051 960.5800 763.1831 1030.3276 900.9528 1.6577 0.8507 1.8564 0.4981 3.6784 20.8899 -1.4804 0.4726
Car -1 -1 -1.3808 513.2960 751.3944 787.8365 973.3160 1.4217 1.6839 3.5948 -2.6298 2.7120 13.4475 -1.5591 0.9887
Car -1 -1 -1.4223 667.0554 763.3180 847.4282 917.2401 1.4695 1.7540 4.0262 -2.6059 3.5074 19.9788 -1.5425 0.9812
Car -1 -1 -1.1531 0.0000 704.7156 584.5698 1216.0000 1.4529 1.7281 3.6259 -2.7988 1.8562 5.7243 -1.5479 0.9759
Car -1 -1 2.1367 0.0000 733.5057 65.5606 856.5050 1.4507 1.7380 4.1527 -16.1158 3.3020 23.4058 1.5607 0.5760
Car -1 -1 2.0082 59.4918 754.4034 244.2297 850.0663 1.4663 1.6925 4.0371 -16.3860 4.2855 30.5083 1.5366 0.5384
Car -1 -1 -1.4778 796.3799 763.5558 897.9638 854.2094 1.5504 1.9030 4.3319 -2.5569 4.9491 34.4653 -1.5449 0.5326
