Pedestrian -1 -1 1.4268 1151.3380 748.6090 1225.8417 926.5577 1.6860 0.6418 0.6666 2.2671 2.9520 14.9692 1.5662 0.7498
Pedestrian -1 -1 1.2997 1344.3865 701.9764 1497.0394 1048.8544 1.6698 0.6115 0.5077 2.3140 2.0735 7.5733 1.5530 0.6374
Pedestrian -1 -1 1.5550 1044.2036 781.4957 1066.0570 841.0757 1.7182 0.6531 0.6831 2.8445 6.5061 45.3645 1.6210 0.5782
Cyclist -1 -1 -1.5153 957.7812 761.2821 1029.6523 903.0024 1.7065 0.8959 1.9200 0.4758 3.7041 20.9104 -1.4916 0.4486
Car -1 -1 -1.2075 0.0000 717.7634 629.3939 1216.0000 1.4467 1.6823 3.5570 -2.7565 1.9750 6.7124 -1.5511 0.9869
Car -1 -1 -1.3943 540.7069 756.8623 794.5307 971.2277 1.4709 1.6961 3.5985 -2.6536 2.8911 14.2888 -1.5639 0.9834
Car -1 -1 -1.4203 679.4407 769.4317 855.9354 919.5299 1.4885 1.7984 4.0707 -2.5845 3.7061 20.8777 -1.5342 0.9809
Car -1 -1 -1.4590 801.5826 769.0674 899.6716 858.7211 1.5858 1.8259 4.0538 -2.5370 5.1755 35.1680 -1.5240 0.8596
Car -1 -1 2.1251 0.0000 741.9347 97.4544 860.3663 1.4359 1.7188 4.1535 -16.1024 3.5024 24.3237 1.5667 0.7955
Car -1 -1 1.9703 81.8884 758.5513 254.9089 852.4822 1.4585 1.6834 4.0036 -16.3752 4.4222 31.1098 1.5068 0.4954
Car -1 -1 -1.4667 846.2327 774.3139 928.4636 847.6475 1.5634 1.8865 3.8998 -2.0271 5.9658 42.0570 -1.5084 0.4590
