Pedestrian -1 -1 1.3680 1213.6797 736.7949 1334.5251 1001.0151 1.7078 0.6584 0.8145 2.1658 2.5193 10.4310 1.5497 0.8511
Pedestrian -1 -1 1.1638 1682.6974 627.4744 1936.0000 1216.0000 1.6272 0.6322 0.6629 2.1907 1.6339 3.5601 1.5860 0.6053
Pedestrian -1 -1 1.5980 1040.6969 789.7761 1063.1527 852.6560 1.6586 0.6030 0.5473 2.5066 6.2473 41.3198 1.6616 0.4291
Cyclist -1 -1 -1.5747 964.1859 768.2231 1027.2977 915.0089 1.7437 0.8291 1.9054 0.4717 3.8104 20.6024 -1.5509 0.4160
Car -1 -1 -1.3889 607.0022 769.0303 828.9824 953.8646 1.5182 1.7994 3.9479 -2.6909 3.3911 17.4243 -1.5306 0.9861
Car -1 -1 -1.3397 370.8610 748.4688 740.6555 1037.2329 1.4634 1.7124 3.4821 -2.7193 2.5018 10.8198 -1.5645 0.9805
Car -1 -1 -1.4733 774.5714 772.1406 883.9642 877.0105 1.6698 1.8808 4.1271 -2.7267 4.9997 31.7380 -1.5514 0.9587
Car -1 -1 -0.9295 0.0000 651.9261 394.8834 1216.0000 1.5080 1.8149 3.8721 -2.8679 1.5996 3.1019 -1.5373 0.9496
Car -1 -1 2.0594 0.0000 746.1512 165.6468 851.9841 1.4707 1.7473 4.2203 -16.7419 3.8987 27.8100 1.5409 0.7258
Car -1 -1 -1.4862 820.7568 778.5018 908.4317 857.1479 1.4849 1.8882 4.3657 -2.4628 5.7251 39.0731 -1.5422 0.5839
Car -1 -1 -1.5061 817.9744 780.7936 882.2587 842.8245 1.5279 1.8174 4.1527 -3.6238 6.8894 49.3540 -1.5719 0.4106
