Pedestrian -1 -1 1.2522 1466.3925 643.6357 1768.1019 1188.9296 1.6629 0.6726 0.7610 2.1414 1.7300 4.9700 1.5787 0.6911
Pedestrian -1 -1 1.5188 1041.7180 780.9810 1067.8795 848.8802 1.5715 0.6049 0.5892 2.2665 5.3894 36.2819 1.5835 0.5608
Cyclist -1 -1 -1.5616 958.8443 760.5393 1021.7850 906.3442 1.7321 0.8257 1.9563 0.4102 3.6902 20.5980 -1.5407 0.3170
Car -1 -1 -1.3493 472.8781 752.3669 779.5914 988.6452 1.4492 1.7413 3.9015 -2.7786 2.7499 13.2825 -1.5394 0.9876
Car -1 -1 -1.2109 0.0000 716.7597 635.5386 1216.0000 1.4407 1.6972 3.5316 -2.7091 1.9581 6.6415 -1.5522 0.9872
Car -1 -1 -1.4293 739.6425 760.3696 871.0692 877.2635 1.6157 1.8109 4.1369 -2.7962 4.3137 27.6718 -1.5221 0.8749
Car -1 -1 -1.6350 763.5808 762.2026 833.1697 831.8175 1.5645 1.8321 4.2968 -4.9294 5.8893 44.8336 -1.7363 0.3862
Car -1 -1 2.1647 0.0000 727.6224 10.7967 854.0647 1.4984 1.7555 4.0926 -16.8556 3.2272 23.1130 1.5623 0.3809
Car -1 -1 0.2128 555.3911 762.5217 734.4402 838.3096 2.1056 2.1573 5.1229 -9.8264 6.5106 46.7440 0.0168 0.1984
Car -1 -1 -1.5057 799.9602 772.3797 892.6283 861.9032 1.5352 1.8342 4.1587 -2.5946 5.1513 34.5857 -1.5735 0.1896
Car -1 -1 -1.5347 888.3248 776.8551 948.8685 837.6052 1.4445 1.7384 3.7527 -1.3005 6.4016 46.8957 -1.5564 0.1485
