Pedestrian -1 -1 1.5786 1039.1445 783.7827 1064.2073 851.4432 1.5911 0.6108 0.5487 2.2296 5.5374 36.8482 1.6415 0.4628
Cyclist -1 -1 -1.5486 956.0820 761.2515 1022.6982 908.1808 1.7557 0.8753 1.9549 0.4108 3.7349 20.7122 -1.5277 0.3436
Car -1 -1 -1.2181 0.0000 723.5202 650.6534 1195.6021 1.4406 1.7220 3.4926 -2.7326 2.0234 7.0703 -1.5448 0.9887
Car -1 -1 -1.3713 496.3805 755.1260 782.8527 982.9442 1.4509 1.7390 3.8006 -2.7500 2.8041 13.6256 -1.5550 0.9793
Car -1 -1 -1.4413 735.2648 767.1285 864.2628 881.9774 1.5827 1.8306 4.1636 -2.9300 4.4416 27.9484 -1.5375 0.9281
Car -1 -1 2.1232 0.0000 736.1385 23.4368 857.1201 1.4458 1.7273 3.9751 -16.8553 3.3522 23.6082 1.5305 0.3791
Car -1 -1 2.0301 51.9460 744.8796 240.3682 838.6367 1.4841 1.7206 4.1094 -16.7849 4.1399 31.0337 1.5551 0.3513
Car -1 -1 0.2244 549.5627 769.3312 738.0532 842.6821 2.0296 2.1603 5.4505 -9.9324 6.6889 47.0863 0.0279 0.2389
Car -1 -1 -1.6451 786.1604 770.3369 853.3998 837.1140 1.5452 1.7876 3.9146 -4.3661 6.1936 45.7213 -1.7324 0.2069
Car -1 -1 -1.5375 877.2605 780.4187 937.5065 842.4138 1.5064 1.7775 3.8685 -1.6908 6.6998 48.0000 -1.5664 0.1658
