Pedestrian -1 -1 1.5152 1037.1158 782.3616 1063.4802 848.7701 1.5907 0.6302 0.5126 2.2184 5.5458 37.3039 1.5772 0.6003
Pedestrian -1 -1 1.3448 1388.9993 681.2578 1589.7070 1116.0959 1.6666 0.6367 0.5759 2.1388 1.9085 6.1147 1.6229 0.3760
Cyclist -1 -1 -1.5762 963.0915 763.5399 1023.2389 907.1910 1.7147 0.7916 1.8812 0.4354 3.7148 20.6263 -1.5541 0.3564
Car -1 -1 -1.2533 43.1202 726.2053 661.8038 1160.6337 1.4486 1.6897 3.3980 -2.6992 2.0716 7.4895 -1.5614 0.9866
Car -1 -1 -1.3647 512.7689 761.7140 790.2292 981.1382 1.4356 1.7332 3.7999 -2.7483 2.9022 14.1071 -1.5423 0.9799
Car -1 -1 -1.4435 744.5594 768.7782 868.7718 879.5797 1.5497 1.7990 4.1576 -2.8617 4.4949 28.5026 -1.5355 0.9727
Car -1 -1 2.0744 1.5327 742.7706 210.8741 840.6356 1.4857 1.7656 4.1609 -16.9073 4.0011 29.8235 1.5804 0.5860
Car -1 -1 -1.5995 780.1796 772.9425 841.1044 840.8947 1.5830 1.7837 4.0233 -4.6835 6.3568 46.1165 -1.6926 0.2165
Car -1 -1 -1.5303 878.3603 782.1317 938.7316 843.3554 1.4786 1.7551 3.8512 -1.6536 6.7287 47.9977 -1.5584 0.1994
Car -1 -1 2.1215 0.0000 744.3009 54.0759 864.1240 1.4682 1.7053 4.1190 -16.9552 3.5949 24.5544 1.5439 0.1802
Car -1 -1 -1.5155 804.6837 777.1163 891.3802 860.2070 1.4284 1.7943 4.2682 -2.6418 5.2813 35.7081 -1.5822 0.1645
