Pedestrian -1 -1 1.2641 1554.6135 641.3206 1911.5203 1216.0000 1.6319 0.6471 0.8176 2.1920 1.6843 4.3464 1.6323 0.6957
Pedestrian -1 -1 1.5166 1042.1715 776.3925 1070.0400 847.6751 1.6303 0.6354 0.5860 2.2648 5.2828 35.7588 1.5820 0.6818
Pedestrian -1 -1 1.5702 1070.9983 767.0491 1098.3492 848.0390 1.8788 0.6517 0.5362 2.9722 5.3306 36.0193 1.6541 0.1607
Pedestrian -1 -1 1.5837 1065.1837 779.3447 1087.6206 848.3939 1.7033 0.5684 0.5581 2.9699 5.7163 38.5531 1.6627 0.1324
Cyclist -1 -1 -1.5663 960.7192 756.3666 1025.0748 901.3591 1.7208 0.8411 1.9504 0.4393 3.6118 20.5231 -1.5440 0.3411
Car -1 -1 -1.1861 0.0000 702.5906 611.6012 1216.0000 1.4715 1.6946 3.4108 -2.7209 1.8817 6.1718 -1.5496 0.9819
Car -1 -1 -1.3468 462.6626 750.7109 777.9188 997.2342 1.4563 1.7094 3.8326 -2.7101 2.6931 12.7588 -1.5395 0.9794
Car -1 -1 -1.4658 738.1892 758.3193 864.5795 874.0818 1.5789 1.8249 4.1907 -2.8360 4.2067 27.3505 -1.5611 0.9514
Car -1 -1 -1.6564 759.3813 764.9162 831.4453 834.6287 1.5509 1.8073 4.2063 -4.9794 5.9253 44.4849 -1.7595 0.2958
Car -1 -1 -1.4836 793.5921 770.7283 893.4918 860.6456 1.5031 1.8715 4.2900 -2.6190 5.0460 34.1703 -1.5530 0.2220
Car -1 -1 2.1509 0.0000 733.3555 8.6000 862.3716 1.5048 1.7508 4.1645 -16.8683 3.3311 23.0786 1.5478 0.2094
Car -1 -1 -2.3676 0.0000 762.3891 30.0467 841.8710 1.4019 1.7463 4.0182 -22.2832 4.4452 31.8698 -2.9544 0.1416
