Pedestrian -1 -1 1.6041 1051.1057 788.5765 1079.8992 865.1207 1.5942 0.6099 0.5209 2.2800 5.2032 32.6821 1.6753 0.5108
Pedestrian -1 -1 1.5232 1020.1086 807.6031 1039.0105 858.1138 1.5642 0.5898 0.5186 2.2108 7.5157 48.4530 1.5730 0.2178
Cyclist -1 -1 -1.5781 965.1547 771.1310 1026.4432 921.3856 1.7472 0.7891 1.9008 0.4600 3.8169 20.2087 -1.5545 0.3933
Car -1 -1 -1.3113 305.1125 749.1979 738.9137 1071.3606 1.4697 1.7734 3.8562 -2.7406 2.4854 10.2724 -1.5485 0.9736
Car -1 -1 -1.4447 703.0255 771.4452 854.3205 901.2363 1.5404 1.9123 4.2713 -2.9163 4.1778 24.7614 -1.5531 0.9590
Car -1 -1 -1.0387 0.0000 678.9474 467.5402 1216.0000 1.4896 1.7695 3.5061 -2.6664 1.6836 3.6078 -1.5627 0.9469
Car -1 -1 -1.4893 780.8299 784.3649 886.8838 883.2953 1.4914 1.8566 4.3911 -2.6355 5.1219 31.8440 -1.5643 0.7798
Car -1 -1 -0.5606 1354.1748 793.7955 1755.4867 957.8724 1.4709 1.6985 4.0249 6.7764 3.5557 17.2142 -0.2070 0.4980
Car -1 -1 -1.8739 715.0212 771.6011 821.1414 844.8635 1.4923 1.8030 4.2082 -5.4699 5.8289 41.9172 -1.9947 0.3925
Car -1 -1 2.0988 0.0000 738.7499 158.9394 848.8199 1.5532 1.7894 4.4027 -17.0305 3.8424 27.8650 1.5736 0.2113
Car -1 -1 1.7418 0.0000 734.2492 77.0410 827.8414 1.8318 1.9576 4.8912 -24.0814 4.8075 38.0596 1.1978 0.2103
