Pedestrian -1 -1 1.5665 1054.4604 787.0789 1085.3844 869.9189 1.6633 0.6459 0.6041 2.2960 5.1275 31.6187 1.6403 0.6013
Pedestrian -1 -1 1.7360 680.9913 821.1568 705.9854 881.9692 1.6361 0.6114 0.5247 -7.5526 7.2075 42.1903 1.5703 0.2790
Cyclist -1 -1 -1.5892 969.3453 771.9736 1031.4987 917.9579 1.7046 0.8036 1.8539 0.5132 3.7892 20.2659 -1.5632 0.5345
Car -1 -1 -1.3047 240.1101 752.3173 725.5973 1117.5281 1.4986 1.7801 3.9079 -2.7158 2.4734 9.4745 -1.5571 0.9892
Car -1 -1 -1.4203 690.5291 776.4105 852.2293 914.6591 1.5834 1.9059 4.0889 -2.9091 4.2017 23.7642 -1.5328 0.9696
Car -1 -1 -0.9079 0.0000 650.3385 383.2830 1216.0000 1.5339 1.8173 3.8959 -2.7262 1.6126 2.6512 -1.5454 0.9632
Car -1 -1 -0.6641 1383.4886 796.3085 1789.8177 974.8504 1.4613 1.7104 3.8760 6.7686 3.4843 16.2692 -0.2938 0.6452
Car -1 -1 2.0353 77.8773 746.6576 264.7890 838.4266 1.5132 1.7978 4.2652 -17.0114 4.3297 32.4571 1.5726 0.3555
Car -1 -1 -1.7684 727.4864 768.8683 819.4594 843.3024 1.5229 1.7966 3.9008 -5.1948 5.6735 40.9805 -1.8856 0.3215
Car -1 -1 -1.4637 772.0704 790.4514 889.7011 896.4186 1.5280 1.9172 4.6373 -2.6342 5.2469 31.2451 -1.5401 0.2296
