Pedestrian -1 -1 1.5203 1053.7698 781.2391 1085.9126 866.9981 1.6999 0.6372 0.6330 2.2577 4.9900 31.1468 1.5938 0.6403
Pedestrian -1 -1 1.7410 659.8953 812.6158 686.9384 873.7623 1.6357 0.6580 0.5410 -8.0734 6.9366 41.9559 1.5627 0.1835
Cyclist -1 -1 -1.5795 971.3365 771.5244 1027.4658 913.0274 1.6520 0.7235 1.7411 0.5063 3.7139 20.1525 -1.5538 0.5925
Car -1 -1 -1.4476 698.3621 774.6858 849.6740 912.7243 1.5725 1.8222 3.9777 -2.8269 4.1141 23.3755 -1.5588 0.9869
Car -1 -1 -1.2839 193.7651 750.4027 710.9034 1124.5393 1.4535 1.7575 3.8116 -2.7448 2.3723 9.0241 -1.5501 0.9777
Car -1 -1 -0.8730 0.0000 466.8662 336.4622 1216.0000 1.6402 1.8107 3.8821 -2.7886 1.5866 2.4711 -1.5449 0.9470
Car -1 -1 -1.4537 769.1404 790.7376 886.4808 892.4111 1.4397 1.8542 4.3979 -2.6544 5.0912 30.6938 -1.5322 0.6454
Car -1 -1 2.3263 1377.2051 775.8970 1799.4037 969.6995 1.5102 1.7577 4.2879 6.7384 3.3015 16.0301 2.7000 0.4087
Car -1 -1 2.0390 64.5469 749.2373 252.1407 840.6812 1.4832 1.7696 4.2050 -17.0922 4.3254 32.0801 1.5699 0.4048
Car -1 -1 2.1192 0.0000 741.3010 104.7881 855.8832 1.4990 1.7374 4.2482 -16.9776 3.6897 26.0161 1.5661 0.2892
