Pedestrian -1 -1 1.5264 1063.1490 766.7953 1095.5071 855.8431 1.6710 0.6075 0.5962 2.3139 4.4855 29.3538 1.6055 0.7456
Pedestrian -1 -1 1.6023 1020.2750 788.1148 1041.4163 845.2484 1.6741 0.6280 0.5430 2.1329 6.7061 45.8084 1.6527 0.4962
Pedestrian -1 -1 -1.7109 982.0574 764.4880 1036.1108 887.2327 1.5343 0.6245 0.7518 0.6342 3.4418 20.0278 -1.6792 0.2391
Pedestrian -1 -1 1.7873 72.1131 760.3719 110.7551 840.0892 1.6738 0.5937 0.7033 -19.3372 4.7246 33.2549 1.2820 0.1801
Cyclist -1 -1 -1.6331 966.2242 747.8768 1043.2061 882.8276 1.6242 0.9464 1.6716 0.5716 3.3720 20.4017 -1.6047 0.5777
Car -1 -1 -1.2430 0.0000 727.3574 687.4271 1198.7303 1.4700 1.7649 4.0292 -2.6854 2.1291 7.5843 -1.5462 0.9892
Car -1 -1 -1.4238 678.9207 755.0946 844.4152 897.5997 1.5388 1.7798 4.1041 -2.8269 3.6366 22.0193 -1.5423 0.9590
Car -1 -1 -1.4594 758.9473 768.0519 874.2350 868.4965 1.4196 1.7453 3.9492 -2.7131 4.3697 28.8214 -1.5456 0.7832
Car -1 -1 1.9387 67.7741 740.0911 269.2767 853.0574 1.8213 2.0042 5.1961 -16.9205 4.5129 32.2603 1.4762 0.2447
Car -1 -1 -0.6553 1370.8744 755.1879 1884.6461 955.1962 1.5167 1.7040 4.5256 6.4692 2.9125 14.6033 -0.2659 0.2101
Car -1 -1 -1.6808 762.4062 754.1678 847.6353 831.4905 1.5625 1.8368 3.8911 -4.1561 5.1415 39.3103 -1.7782 0.2014
Car -1 -1 0.2680 510.6340 777.4916 730.3465 859.7263 1.9512 2.1255 5.5342 -9.3307 6.2836 41.2367 0.0579 0.2006
Car -1 -1 -1.2394 0.0000 766.4415 152.1177 864.9782 1.6730 1.9832 4.5068 -20.6210 5.1816 34.6726 -1.7542 0.1515
