Pedestrian -1 -1 1.5219 1058.1096 775.4757 1090.6456 861.2776 1.6537 0.6273 0.5799 2.2784 4.7214 30.1683 1.5981 0.7155
Pedestrian -1 -1 1.6895 1022.8700 794.9649 1043.7124 847.0787 1.5432 0.5918 0.4868 2.2392 6.8609 46.4692 1.7416 0.2605
Pedestrian -1 -1 -1.6745 977.8425 775.1084 1033.2594 896.2688 1.5033 0.6638 0.7694 0.5848 3.5508 19.9759 -1.6450 0.1649
Pedestrian -1 -1 2.3068 1423.7770 761.4110 1514.1217 942.3619 1.7786 0.6107 0.6743 5.3567 3.2594 15.7877 2.6129 0.1367
Pedestrian -1 -1 -1.4166 1076.2949 776.4675 1105.0775 852.8517 1.6439 0.5640 0.6112 2.9439 5.1261 33.9935 -1.3291 0.1219
Pedestrian -1 -1 -0.3068 731.9362 741.1708 767.7518 809.0428 1.6901 0.6651 0.7705 -5.5573 4.7815 39.2958 -0.4385 0.1218
Cyclist -1 -1 -1.6098 970.3873 755.2825 1036.7942 896.7397 1.6728 0.8249 1.6400 0.5487 3.4911 20.0298 -1.5821 0.5319
Car -1 -1 -1.2708 99.8926 737.0021 703.9200 1157.9395 1.4400 1.7570 4.0095 -2.6702 2.2071 8.2124 -1.5526 0.9873
Car -1 -1 -1.4021 679.8887 758.5145 850.0906 901.5801 1.5743 1.8172 4.2152 -2.8530 3.7885 22.6291 -1.5184 0.9736
Car -1 -1 -0.7917 0.0000 0.0000 1936.0000 1216.0000 1.4702 1.7510 3.7738 -2.6866 1.4233 1.7807 -1.5540 0.8075
Car -1 -1 -1.4733 764.6257 774.2051 877.5854 875.5226 1.4540 1.7930 4.0273 -2.6857 4.5976 29.4599 -1.5565 0.7704
Car -1 -1 2.3655 1370.6246 775.5942 1827.3729 977.3660 1.4743 1.7516 4.2517 6.3997 3.1505 15.0002 2.7423 0.2513
