Pedestrian -1 -1 1.5290 1063.3689 782.6188 1101.0845 886.1851 1.6790 0.6155 0.5277 2.0475 4.3825 25.3580 1.6089 0.6343
Pedestrian -1 -1 -1.5824 970.2632 763.6584 1028.0264 921.1899 1.7778 0.7071 1.6142 0.4746 3.6272 19.1192 -1.5573 0.1259
Cyclist -1 -1 -1.5883 969.5282 763.6465 1031.2144 915.0853 1.6995 0.7574 1.7168 0.4870 3.5630 19.2231 -1.5627 0.5432
Car -1 -1 -1.3723 600.7252 764.2240 823.3515 946.7908 1.6235 1.8865 4.1705 -2.9627 3.5629 18.6847 -1.5180 0.9800
Car -1 -1 -1.0953 0.0000 700.8245 539.8532 1216.0000 1.4716 1.8146 4.1361 -2.6935 1.7928 4.2555 -1.5685 0.9455
Car -1 -1 2.0967 0.0000 733.4792 115.7927 843.8605 1.5157 1.7883 4.2751 -17.2942 3.6276 26.9314 1.5500 0.4910
Car -1 -1 -1.3911 712.5997 789.9329 865.8162 911.9258 1.4395 1.8435 4.1643 -2.8433 4.5021 25.6040 -1.4929 0.3054
Car -1 -1 -1.9275 1456.4971 763.7972 1927.2440 1055.9722 1.4924 1.7958 4.1774 5.4199 2.7834 11.7776 -1.5325 0.2201
Car -1 -1 -2.5547 0.0000 794.8516 67.2856 873.9163 1.5135 1.7726 3.9727 -22.5482 5.4279 33.5199 -3.1229 0.1990
Car -1 -1 2.2127 1823.1589 777.2849 1936.0000 1012.6275 1.4354 1.7595 4.4241 9.7311 2.8750 12.6083 2.8279 0.1822
Car -1 -1 3.3239 469.4560 787.8276 694.5563 870.4006 1.7818 1.9420 5.2233 -9.4828 6.0112 37.7180 3.0911 0.1453
