Pedestrian -1 -1 1.5183 1059.2983 769.8524 1090.9984 858.4287 1.6882 0.5997 0.6268 2.2713 4.6147 29.8718 1.5949 0.7039
Pedestrian -1 -1 -1.6840 980.3826 764.8408 1034.0588 890.1157 1.5692 0.6376 0.7508 0.6091 3.4809 20.0278 -1.6535 0.2433
Pedestrian -1 -1 1.4520 1019.6229 788.6835 1041.9753 844.8672 1.6464 0.6185 0.6599 2.1464 6.7465 46.2163 1.5023 0.2024
Pedestrian -1 -1 3.2201 722.3364 734.8715 768.7800 805.6737 1.7637 0.7833 1.1343 -5.6173 4.6619 38.9881 3.0858 0.1223
Cyclist -1 -1 -1.6275 968.3856 750.1541 1038.0745 886.7476 1.6450 0.8560 1.5943 0.5514 3.4134 20.3037 -1.6000 0.4987
Car -1 -1 -1.2599 52.9679 731.8060 692.2054 1161.9567 1.4129 1.7598 3.9752 -2.6924 2.1216 7.9103 -1.5534 0.9848
Car -1 -1 -1.4108 684.9091 757.7891 848.4308 898.8909 1.5531 1.7565 3.9948 -2.7984 3.7180 22.3273 -1.5264 0.9353
Car -1 -1 2.0405 0.0000 725.6240 183.8112 854.1863 1.8790 2.0558 4.9424 -16.9415 3.9558 28.3164 1.5244 0.3293
Car -1 -1 -0.7296 1391.4218 764.4771 1865.0920 958.7375 1.4601 1.7526 4.3139 6.6716 3.0039 14.9982 -0.3380 0.3229
Car -1 -1 -0.7250 0.0000 0.0000 1936.0000 1216.0000 1.4991 1.7342 3.7746 -2.6125 1.3979 1.4348 -1.5375 0.2417
Car -1 -1 -1.6411 1014.7266 785.6725 1077.3226 848.5884 1.5209 1.7472 3.8115 2.6723 6.8716 47.8541 -1.5815 0.1460
Car -1 -1 -1.7350 872.5125 772.3805 949.5578 837.6138 1.5465 1.8258 3.8678 -1.6199 6.3761 46.8988 -1.7633 0.1119
