Pedestrian -1 -1 1.5354 1064.4655 775.6898 1099.7894 869.8476 1.6340 0.6198 0.5123 2.1858 4.3924 27.0861 1.6157 0.7473
Pedestrian -1 -1 -1.3368 594.4681 792.0524 618.1074 850.6005 1.8445 0.6351 0.5676 -11.6400 7.3588 49.0458 -1.5575 0.1747
Pedestrian -1 -1 -0.6064 407.0947 729.5641 444.9706 803.0195 1.8585 0.6768 0.6849 -14.1974 4.6683 39.6703 -0.9356 0.1506
Pedestrian -1 -1 1.6770 728.0963 749.8071 787.6564 897.4655 1.7215 0.6515 0.6608 -2.4879 3.2816 18.3414 1.5520 0.1352
Pedestrian -1 -1 1.8071 1014.2878 805.4294 1038.6010 859.8168 1.5108 0.6166 0.4852 1.9179 6.8589 43.9816 1.8546 0.1308
Pedestrian -1 -1 3.2721 705.3254 755.2612 749.2933 826.3254 1.6684 0.7719 0.9748 -5.7742 4.9233 36.9448 3.1267 0.1157
Pedestrian -1 -1 -1.6055 973.3653 756.6257 1030.7583 905.3879 1.7229 0.6942 1.6220 0.5184 3.5189 19.5749 -1.5788 0.1142
Cyclist -1 -1 -1.5967 970.9302 756.7607 1031.5979 902.7559 1.6936 0.7538 1.6404 0.5088 3.4987 19.6504 -1.5705 0.5298
Car -1 -1 -1.1708 0.0000 726.5996 608.0161 1216.0000 1.4214 1.7489 3.8218 -2.7004 1.9399 5.6994 -1.5541 0.9767
Car -1 -1 -1.4159 647.1343 762.5986 829.7726 921.1818 1.5437 1.7710 4.0151 -2.8744 3.5817 20.1059 -1.5476 0.9292
Car -1 -1 -1.4391 737.9569 783.3958 875.7834 897.8826 1.4281 1.8701 4.3049 -2.6803 4.5114 26.9030 -1.5302 0.8758
Car -1 -1 2.4418 1711.8195 785.3190 1936.0000 981.8256 1.4243 1.7822 4.4181 9.5988 3.0456 13.9377 3.0082 0.1844
Car -1 -1 -1.8564 702.0822 756.2275 816.0316 839.2239 1.5775 1.8204 3.9149 -5.1133 5.0526 37.4123 -1.9832 0.1484
Car -1 -1 1.7054 784.0186 787.6598 862.6658 854.9888 1.4220 1.7194 3.6247 -3.8647 6.2392 42.4052 1.6225 0.1390
Car -1 -1 -1.9500 1392.6206 752.0751 1801.4940 1004.0231 1.5276 1.7836 4.1577 5.3677 2.8361 13.2870 -1.5951 0.1033
