Pedestrian -1 -1 1.5535 1065.4491 772.2704 1097.6035 861.7614 1.5954 0.5865 0.4669 2.2280 4.3540 27.7404 1.6336 0.4459
Pedestrian -1 -1 -0.1785 421.0699 735.9445 452.6213 801.4193 1.6765 0.6600 0.7039 -14.1353 4.7034 40.3051 -0.5016 0.2145
Pedestrian -1 -1 -1.6692 981.3513 771.8799 1033.9136 899.8205 1.5768 0.6234 0.7251 0.6045 3.5500 19.6931 -1.6385 0.2088
Pedestrian -1 -1 -1.6362 1022.0750 799.1413 1045.0835 856.9697 1.6233 0.6413 0.7224 2.1511 6.8562 44.5466 -1.5841 0.1039
Cyclist -1 -1 -1.6540 963.8649 751.6396 1045.8073 895.4692 1.6848 0.9518 1.7515 0.5595 3.4566 20.0052 -1.6258 0.5470
Car -1 -1 -1.1662 0.0000 725.5748 644.2907 1216.0000 1.3892 1.7713 3.9342 -2.7030 1.9434 6.2258 -1.5246 0.9814
Car -1 -1 -1.3984 647.0419 750.5099 835.3257 914.1092 1.6663 1.8165 4.2141 -2.9115 3.5823 20.6670 -1.5283 0.9704
Car -1 -1 -1.4776 751.8187 770.4612 875.7111 885.5522 1.5653 1.8586 4.0886 -2.6353 4.4487 27.5733 -1.5650 0.6617
Car -1 -1 -1.6496 992.7274 795.3840 1057.2736 858.1856 1.4480 1.7270 3.6020 1.9321 6.9276 46.2365 -1.6037 0.3493
Car -1 -1 -0.5678 1698.5209 787.8664 1936.0000 963.3782 1.4231 1.8157 4.4924 9.9745 3.1339 14.7721 -0.0082 0.2456
Car -1 -1 0.6015 539.4438 785.4381 677.5837 845.3302 1.5645 1.7554 4.1730 -11.6020 7.0164 49.1924 0.3819 0.1128
