Pedestrian -1 -1 1.5550 1066.1803 778.5737 1102.2213 874.0132 1.6280 0.6333 0.5343 2.1931 4.4036 26.7226 1.6366 0.5774
Pedestrian -1 -1 -1.6607 977.4442 787.3867 1031.5848 909.9247 1.4999 0.6507 0.7124 0.5629 3.6785 19.6757 -1.6318 0.1721
Cyclist -1 -1 -1.6518 965.1890 751.8893 1039.6071 898.5496 1.7045 0.8460 1.7727 0.5247 3.4683 19.8615 -1.6251 0.5223
Car -1 -1 -1.1565 0.0000 719.7025 599.7888 1216.0000 1.4268 1.7804 4.1099 -2.7134 1.8995 5.3914 -1.5581 0.9791
Car -1 -1 -1.3944 627.0411 752.1182 831.6533 926.7538 1.6819 1.8834 4.1678 -2.9016 3.5307 19.6117 -1.5306 0.9611
Car -1 -1 2.0721 0.0000 736.7064 159.2470 836.6201 1.4463 1.6983 4.0730 -17.0848 3.7152 28.2940 1.5516 0.2062
Car -1 -1 -1.9333 1405.9725 753.1198 1824.0791 1017.3466 1.6021 1.8525 4.2441 5.4959 2.9203 13.2508 -1.5699 0.1817
Car -1 -1 -1.4130 728.8560 790.2271 872.5082 906.9180 1.4318 1.8597 4.3441 -2.7857 4.6502 26.8847 -1.5078 0.1783
Car -1 -1 -2.2178 1816.1619 778.4514 1936.0000 1085.1979 1.4742 1.7607 3.9392 8.4796 2.8312 11.2072 -1.6178 0.1439
Car -1 -1 -1.6819 727.0369 755.3153 814.4301 836.6617 1.5613 1.7808 3.7731 -4.7982 4.9909 37.2849 -1.8011 0.1114
Car -1 -1 -1.0799 1.8866 744.1743 188.4918 831.9395 1.5212 1.7965 4.2540 -19.4788 4.3926 33.8643 -1.5815 0.1040
Car -1 -1 -2.8187 492.4850 785.5200 644.9958 850.8930 1.8615 1.8998 4.4811 -12.8852 7.2710 49.2394 -3.0618 0.1016
