Pedestrian -1 -1 1.5331 1060.8694 780.8130 1100.8226 886.7493 1.6921 0.6455 0.5401 1.9955 4.3286 25.0041 1.6120 0.7238
Pedestrian -1 -1 -1.6312 967.2054 768.8756 1027.6008 925.6625 1.7839 0.6846 1.4375 0.4469 3.6920 19.0883 -1.6074 0.1498
Cyclist -1 -1 -1.6240 958.6774 769.1857 1030.8325 919.6793 1.6993 0.8449 1.6383 0.4130 3.6429 19.3129 -1.6021 0.5235
Car -1 -1 -1.3910 599.0961 762.7956 820.7120 950.4254 1.6549 1.9056 4.0194 -2.9175 3.5239 18.2285 -1.5379 0.9844
Car -1 -1 -1.0596 0.0000 720.4315 522.4287 1216.0000 1.3924 1.7996 4.0572 -2.6910 1.7769 3.9771 -1.5543 0.9672
Car -1 -1 -1.4483 717.3092 786.3350 857.7328 907.3079 1.4475 1.8376 3.9873 -2.8435 4.3927 25.2718 -1.5516 0.9002
Car -1 -1 2.1262 0.0000 739.4138 96.9849 848.6947 1.4673 1.7531 4.1026 -17.3367 3.6483 26.4304 1.5705 0.5000
Car -1 -1 3.3805 450.9799 792.5226 678.3601 878.8806 1.8674 2.0483 5.1448 -9.8374 6.1745 37.3906 3.1374 0.2008
Car -1 -1 2.3582 1842.2285 774.6259 1936.0000 993.1591 1.4199 1.7842 4.5598 10.1348 2.8043 12.6076 2.9931 0.1546
Car -1 -1 -1.9412 1470.7601 760.1769 1936.0000 1057.2902 1.5069 1.7624 4.0958 5.4553 2.7397 11.5514 -1.5375 0.1457
