Pedestrian -1 -1 1.5027 1082.0280 753.8969 1128.6587 878.0688 1.6903 0.6197 0.6122 2.0493 3.5567 21.3229 1.5955 0.7144
Pedestrian -1 -1 1.5374 935.8469 777.0731 956.3895 834.7475 1.7619 0.6379 0.5958 -0.4846 6.6401 47.6296 1.5328 0.4356
Pedestrian -1 -1 2.4550 720.3030 754.6801 766.6111 838.7579 1.5081 0.6082 0.6364 -4.1686 4.0304 28.6231 2.3198 0.2758
Pedestrian -1 -1 1.5285 1014.1179 789.2273 1035.7136 851.3952 1.5674 0.5476 0.4806 1.6674 5.9038 39.2210 1.5744 0.2290
Pedestrian -1 -1 0.0334 266.7807 721.0383 303.8218 805.1856 1.8043 0.6491 0.7237 -15.1338 3.9854 33.4927 -0.3734 0.2135
Pedestrian -1 -1 -1.0380 111.9551 583.5727 421.0088 1117.4760 1.8674 0.7193 0.8454 -2.6132 1.7229 5.7049 -1.4118 0.1784
Pedestrian -1 -1 0.5636 704.2974 726.5215 765.2569 822.1788 1.7835 0.7704 0.9213 -4.4753 3.8297 29.5709 0.4227 0.1579
Cyclist -1 -1 -1.5837 943.8498 744.0677 1008.0458 898.6923 1.6938 0.7599 1.7096 0.1713 3.2408 18.5568 -1.5736 0.5021
Cyclist -1 -1 -1.5028 523.5172 761.7078 557.8709 833.7241 1.8738 0.8030 2.3469 -12.5874 6.0854 44.8078 -1.7637 0.1603
Car -1 -1 -1.3613 510.2233 730.6199 779.3068 944.5493 1.5870 1.7723 4.0892 -3.0363 2.8081 15.2050 -1.5441 0.9806
Car -1 -1 -1.4505 680.3000 754.1724 838.0012 887.8406 1.4491 1.7887 4.0111 -2.8809 3.5328 22.0981 -1.5709 0.9340
Car -1 -1 -0.8671 1736.2397 704.0472 1936.0000 1084.3651 1.5346 1.7161 4.2864 6.5677 2.0264 7.9440 -0.2430 0.4097
