Pedestrian -1 -1 -1.6385 934.9875 775.5992 957.1581 833.0381 1.7486 0.6655 0.8136 -0.4928 6.6504 48.2118 -1.6431 0.5658
Pedestrian -1 -1 1.4957 1080.4883 761.5626 1124.6368 876.5801 1.5936 0.5948 0.5796 2.0472 3.6050 21.7148 1.5869 0.5472
Pedestrian -1 -1 1.4856 1012.4334 790.0609 1036.3253 854.8060 1.6361 0.5881 0.5502 1.6664 6.0345 39.5382 1.5312 0.3202
Pedestrian -1 -1 -1.7504 947.8975 749.2253 1011.0103 892.3954 1.6360 0.6271 0.9064 0.2160 3.2118 18.4547 -1.7381 0.1404
Pedestrian -1 -1 2.9702 280.9885 742.7460 318.0310 827.4697 1.8303 0.6714 0.6770 -15.0761 4.5516 34.0667 2.5716 0.1072
Cyclist -1 -1 -1.6515 941.5961 743.7369 1018.6856 894.8219 1.6614 0.8282 1.7365 0.2149 3.2222 18.7466 -1.6393 0.5554
Cyclist -1 -1 1.5206 935.3722 777.3333 958.3956 835.1465 1.7046 0.6859 1.2976 -0.4693 6.6932 48.2740 1.5165 0.3286
Car -1 -1 -1.3588 533.0480 732.6132 792.4690 939.9193 1.5949 1.7687 4.1185 -2.9728 2.8817 15.7722 -1.5317 0.9834
Car -1 -1 -1.4336 681.3501 758.4077 836.9542 892.5031 1.4759 1.7366 3.9449 -2.9259 3.6532 22.4019 -1.5542 0.8853
Car -1 -1 -0.7310 0.0000 0.0000 1936.0000 1216.0000 1.5011 1.7547 3.7346 -2.5696 1.4202 1.3320 -1.5554 0.1719
Car -1 -1 -0.8758 1656.3778 687.1541 1936.0000 1050.6407 1.5595 1.7046 4.4027 6.3248 1.9676 8.3574 -0.2899 0.1567
Car -1 -1 0.8919 0.0000 775.8646 19.5028 860.3322 1.5719 1.7794 4.5067 -24.4361 5.2375 34.7889 0.3028 0.1186
