Pedestrian -1 -1 1.4942 1075.8192 763.1963 1120.9698 877.3680 1.6247 0.6274 0.5366 2.0325 3.7040 22.2119 1.5831 0.6970
Pedestrian -1 -1 1.5263 936.9077 789.5938 958.1415 849.8613 1.8607 0.6627 0.7359 -0.4497 7.2607 48.6492 1.5229 0.6351
Pedestrian -1 -1 2.2600 728.1613 754.3514 771.9661 836.7754 1.5201 0.5996 0.6077 -4.1375 4.0931 29.3058 2.1289 0.2194
Cyclist -1 -1 -1.5928 953.9720 751.8416 1013.1310 903.2675 1.6449 0.6949 1.6958 0.2592 3.2892 18.5209 -1.5782 0.6110
Cyclist -1 -1 1.5541 937.0796 790.6039 958.0172 850.9811 1.8231 0.6697 1.0707 -0.4504 7.2765 48.6734 1.5506 0.1448
Car -1 -1 -1.3557 541.1848 733.8796 795.8176 942.1740 1.6337 1.7547 4.0980 -2.9613 2.9517 15.9990 -1.5256 0.9633
Car -1 -1 -1.4430 685.2286 760.8945 837.2967 891.0826 1.4507 1.7570 3.8819 -2.9354 3.6907 22.6831 -1.5624 0.8754
Car -1 -1 -0.8060 0.0000 0.0000 1936.0000 1216.0000 1.4803 1.7806 3.7047 -2.6718 1.4585 1.7904 -1.5632 0.7530
Car -1 -1 1.7937 761.2856 786.4824 859.5718 857.9072 1.3567 1.7551 3.7235 -3.9011 5.8084 39.2396 1.7028 0.3258
Car -1 -1 -2.0586 1599.8181 748.4113 1936.0000 1139.8186 1.5137 1.7278 3.9061 5.5196 2.4173 8.9803 -1.5628 0.1727
