Pedestrian -1 -1 1.5113 1084.6492 759.7763 1127.8038 879.6827 1.5893 0.5631 0.5052 2.0000 3.4775 20.6728 1.6044 0.5863
Pedestrian -1 -1 -1.5949 928.4874 783.8420 949.2425 844.6973 1.8055 0.6367 0.8049 -0.7060 6.8381 46.9372 -1.6041 0.5487
Pedestrian -1 -1 -0.8712 18.7258 580.1830 375.2585 1166.0868 1.8544 0.7155 0.8634 -2.6468 1.7129 5.2508 -1.2736 0.1817
Pedestrian -1 -1 3.2078 243.9222 740.2544 280.0344 825.5557 1.7880 0.6817 0.6654 -15.4056 4.3637 32.9567 2.7893 0.1523
Pedestrian -1 -1 -1.6138 942.2366 752.3172 1001.5399 908.0623 1.6911 0.6595 1.4524 0.1149 3.3032 18.1823 -1.6065 0.1427
Pedestrian -1 -1 -2.3573 364.5253 744.2847 409.0204 817.8395 1.5899 0.6907 0.6537 -13.1503 4.3592 34.2381 -2.7078 0.1076
Cyclist -1 -1 -1.6587 931.2582 749.6692 1008.4471 903.2087 1.6512 0.8029 1.7077 0.0845 3.2605 18.4036 -1.6531 0.5425
Cyclist -1 -1 1.8899 198.1508 758.8740 247.2341 826.8692 1.8556 0.7432 1.9611 -22.6250 6.0541 45.8446 1.4486 0.1874
Cyclist -1 -1 1.4707 699.1558 719.4279 749.6667 824.5757 1.8531 0.8094 1.8104 -4.6203 3.7535 29.0884 1.3228 0.1627
Cyclist -1 -1 -1.6323 927.7747 782.4741 949.7198 843.1335 1.7968 0.6443 0.8380 -0.7113 6.7987 47.0285 -1.6416 0.1500
Cyclist -1 -1 -1.3790 570.2230 740.8281 610.8730 809.9945 1.8513 0.7960 1.9212 -10.9623 5.3592 44.2743 -1.6101 0.1467
Car -1 -1 -1.3418 496.5893 731.5590 781.3430 955.6032 1.6100 1.7792 4.0887 -3.0011 2.8147 14.8096 -1.5270 0.9800
Car -1 -1 -1.4441 668.3666 766.7200 829.0585 907.8485 1.4802 1.7606 3.8613 -2.9517 3.7020 21.4968 -1.5707 0.9452
