Pedestrian -1 -1 -1.5690 924.6605 792.2421 946.4813 856.4114 1.8276 0.6463 0.6548 -0.7649 6.8607 44.6470 -1.5803 0.6326
Pedestrian -1 -1 2.8770 688.0472 771.8324 734.7489 857.2177 1.4009 0.6413 0.6752 -4.4214 4.0417 26.4469 2.7221 0.2874
Pedestrian -1 -1 -1.6031 959.5225 796.1673 981.4534 854.5045 1.6700 0.6408 0.5231 0.2733 6.8149 44.6548 -1.5919 0.2200
Pedestrian -1 -1 -1.3500 1009.0382 804.5922 1035.6375 867.6111 1.4665 0.5597 0.4948 1.5079 5.9370 36.8922 -1.3059 0.1942
Pedestrian -1 -1 1.9846 684.7084 727.4714 734.6156 828.0768 1.7634 0.6954 0.6546 -4.6134 3.6735 27.4428 1.8282 0.1633
Pedestrian -1 -1 2.1782 1088.4384 754.7787 1153.7111 900.8914 1.6987 0.6139 0.5238 1.9761 3.3395 18.4933 2.2796 0.1524
Cyclist -1 -1 -1.6079 917.5635 758.8759 992.5737 920.7103 1.6940 0.8418 1.7910 -0.0970 3.3951 18.0757 -1.6115 0.5302
Cyclist -1 -1 1.8123 539.3090 746.9575 598.8831 842.2750 1.7897 0.7295 2.0423 -8.2974 4.4619 31.7175 1.5700 0.1353
Car -1 -1 -1.3384 413.0211 730.2655 750.3170 996.4479 1.6437 1.8123 4.0599 -3.0479 2.6969 12.9016 -1.5520 0.9733
Car -1 -1 -1.4273 633.4135 774.4211 814.1266 928.7942 1.4672 1.7792 3.7424 -3.0183 3.6258 19.7160 -1.5682 0.9460
Car -1 -1 1.8234 721.7891 797.6154 830.4004 873.6171 1.3261 1.7518 3.8078 -4.5455 5.8573 37.2256 1.7111 0.5857
Car -1 -1 -0.7121 1769.5085 797.8847 1936.0000 1216.0000 1.6275 1.8263 4.6598 6.8447 2.6101 7.4753 -0.0458 0.2013
