Pedestrian -1 -1 2.7172 652.7994 765.1014 706.0222 862.9599 1.4348 0.5930 0.6403 -4.4438 3.6846 23.5712 2.5428 0.4081
Pedestrian -1 -1 1.7344 1111.7043 745.8150 1175.4871 914.1068 1.6090 0.5618 0.5546 1.8493 2.8605 15.1349 1.8473 0.3675
Pedestrian -1 -1 1.3360 644.5078 725.1382 704.3929 839.6298 1.7515 0.7731 0.9452 -4.7036 3.4328 24.4953 1.1578 0.2243
Pedestrian -1 -1 1.6292 909.4789 783.9595 936.6162 852.1578 1.7962 0.7100 0.5725 -1.0477 6.1981 41.0855 1.6095 0.2132
Pedestrian -1 -1 1.4583 950.9757 786.7239 974.0212 848.2696 1.6202 0.5840 0.4879 0.0320 6.0953 41.0810 1.4640 0.1752
Pedestrian -1 -1 -1.4428 1004.3580 804.1534 1034.8850 873.9042 1.4873 0.6204 0.6085 1.3311 5.6112 34.0513 -1.4008 0.1521
Pedestrian -1 -1 -2.1111 878.2314 791.6929 928.5804 857.5279 1.2931 0.7445 0.9173 -1.2775 5.0320 32.9352 -2.1442 0.1203
Cyclist -1 -1 -1.5775 902.5240 752.0050 981.0261 920.9994 1.7116 0.8681 1.8239 -0.2318 3.2729 17.4494 -1.5887 0.4564
Cyclist -1 -1 1.7776 548.4924 739.2280 607.9539 840.4199 1.6848 0.7417 1.5124 -7.0028 3.8382 27.3994 1.5412 0.1772
Car -1 -1 -1.2877 230.7979 706.3908 698.8272 1041.9017 1.5956 1.7764 4.0200 -3.0473 2.2573 10.1197 -1.5543 0.9786
Car -1 -1 -1.3805 555.7192 764.8627 788.6518 954.2517 1.4989 1.7729 3.9339 -3.0875 3.2531 16.7566 -1.5493 0.9594
Car -1 -1 1.9001 696.2045 792.4805 821.2720 873.8651 1.3197 1.7085 3.7396 -4.6048 5.4118 34.5120 1.7770 0.6205
