Pedestrian -1 -1 -1.5355 925.6015 794.2446 945.6132 855.0069 1.7941 0.5933 0.5052 -0.7855 7.0172 45.8636 -1.5467 0.6278
Pedestrian -1 -1 1.9048 1081.7644 763.2740 1137.0886 895.6843 1.6485 0.5960 0.4983 1.9538 3.5041 19.7022 1.9997 0.4199
Pedestrian -1 -1 -1.5532 957.6930 800.8316 978.6632 856.6258 1.6354 0.6309 0.5382 0.2136 7.0635 45.8620 -1.5433 0.3113
Pedestrian -1 -1 -1.6944 931.6700 772.5646 996.7728 912.1122 1.5776 0.7002 0.8515 0.0279 3.4360 18.3550 -1.6914 0.1556
Pedestrian -1 -1 -1.0630 0.0000 628.3302 277.8389 1216.0000 1.7207 0.6651 0.8402 -2.6753 1.7324 4.6700 -1.5048 0.1442
Pedestrian -1 -1 -2.2934 1042.9464 805.1221 1090.3831 865.8555 1.1915 0.5474 0.9663 2.3331 5.2535 33.1549 -2.2215 0.1249
Cyclist -1 -1 -1.5614 927.8266 751.5359 1000.8246 905.8716 1.6890 0.8635 1.5941 0.0465 3.3224 18.4861 -1.5576 0.6009
Cyclist -1 -1 1.7653 686.7020 725.0334 747.1152 833.0853 1.8740 0.8112 1.6480 -4.6139 3.8277 28.3360 1.6138 0.1549
Cyclist -1 -1 1.6393 503.8995 785.6164 536.7111 857.7822 1.7582 0.7156 2.3278 -12.6798 6.5148 43.0467 1.3670 0.1053
Car -1 -1 -1.3446 459.4661 734.4780 775.0222 979.6038 1.6308 1.8667 4.2185 -3.0006 2.8130 13.9971 -1.5397 0.9796
Car -1 -1 -1.4029 646.5393 774.9342 823.0042 918.5336 1.4083 1.7411 3.9050 -3.0347 3.6924 20.7854 -1.5375 0.8441
Car -1 -1 0.3980 236.2738 790.9625 423.7531 862.2189 1.7450 1.9128 4.4903 -17.7787 6.5477 42.2544 0.0172 0.1259
