Pedestrian -1 -1 1.5317 924.3365 791.5754 945.4435 853.4941 1.7427 0.6023 0.5649 -0.7779 6.6785 43.9875 1.5199 0.4412
Pedestrian -1 -1 -1.6908 959.1111 797.4895 981.3617 855.0027 1.6142 0.5992 0.5188 0.2621 6.7264 44.0052 -1.6798 0.3821
Pedestrian -1 -1 1.9448 1091.4500 759.9695 1160.5406 906.9376 1.6325 0.6119 0.6958 1.9742 3.2888 17.8880 2.0490 0.2400
Pedestrian -1 -1 -1.6846 928.0865 763.3261 990.6105 917.8478 1.7043 0.6511 0.8595 -0.0310 3.3939 17.7896 -1.6849 0.1554
Cyclist -1 -1 -1.5830 918.3130 757.0408 990.7114 917.5309 1.6729 0.8259 1.7652 -0.0907 3.3368 17.9411 -1.5864 0.5924
Cyclist -1 -1 1.7560 537.0175 760.1395 578.4730 833.4463 1.8177 0.7403 2.0051 -11.2881 5.6984 41.8862 1.5056 0.2428
Cyclist -1 -1 3.2816 607.5922 721.6929 683.2293 815.0425 1.7345 0.7504 1.3397 -6.1262 3.6417 29.0541 3.0852 0.1038
Car -1 -1 -1.3232 392.0322 730.4507 749.4777 1008.4677 1.6499 1.8244 4.0296 -3.0176 2.6738 12.4652 -1.5415 0.9844
Car -1 -1 -1.4017 616.8197 781.7724 812.6193 941.8318 1.4283 1.7834 3.9407 -3.0442 3.6552 19.2381 -1.5471 0.9503
Car -1 -1 -3.8326 1824.4775 805.4817 1936.0000 1216.0000 1.6169 1.8387 4.5098 6.7981 2.5678 6.9501 -3.1393 0.1787
Car -1 -1 0.6271 0.0000 751.7069 48.3576 860.0485 1.6776 1.9679 4.8609 -19.2930 4.0276 26.6631 0.0272 0.1394
Car -1 -1 3.1238 505.2341 768.3087 669.8513 842.7120 1.7825 1.8377 4.4796 -10.6793 6.0290 42.8369 2.8920 0.1324
Car -1 -1 1.9444 299.3498 803.5667 426.6917 882.9109 1.4886 1.7009 3.9351 -15.4963 6.3779 38.9448 1.5835 0.1004
