Pedestrian -1 -1 1.6569 1096.7697 763.3204 1156.8112 917.6625 1.6291 0.6227 0.6292 1.8659 3.2194 16.8128 1.7609 0.7298
Pedestrian -1 -1 -1.7253 957.5222 797.7409 980.2827 857.3999 1.6254 0.5801 0.5193 0.2166 6.6038 42.7741 -1.7152 0.3115
Pedestrian -1 -1 1.4667 920.8665 791.5040 944.2906 854.8827 1.7304 0.6196 0.5328 -0.8213 6.5226 42.7133 1.4533 0.2578
Pedestrian -1 -1 1.5690 914.8784 754.6921 983.1854 924.9241 1.7481 0.7610 1.7004 -0.1433 3.3421 17.5117 1.5626 0.1803
Cyclist -1 -1 -1.5869 914.5261 758.2856 988.2803 924.3999 1.7033 0.8262 1.7350 -0.1291 3.3530 17.6181 -1.5925 0.5517
Cyclist -1 -1 1.8813 650.9704 724.6870 724.9735 842.2184 1.8626 0.8013 1.5940 -4.7299 3.6527 25.9809 1.7122 0.1349
Cyclist -1 -1 1.4564 912.2556 789.0974 941.6356 857.9623 1.7605 0.6812 1.5091 -0.9894 6.5474 42.8039 1.4393 0.1322
Cyclist -1 -1 3.2629 581.5883 719.5025 676.9661 819.0548 1.8000 0.7649 1.6782 -6.2794 3.6221 28.3505 3.0569 0.1130
Car -1 -1 -1.3073 333.1200 722.8544 725.3597 1025.1941 1.6491 1.7795 3.9246 -3.0466 2.5275 11.4262 -1.5460 0.9781
Car -1 -1 -1.3971 595.4895 774.3577 803.1373 947.0908 1.5041 1.8018 3.8196 -3.0715 3.5241 18.2843 -1.5513 0.9498
