Pedestrian -1 -1 -1.5713 923.7532 792.3406 945.7331 855.6325 1.8309 0.6595 0.6007 -0.7997 6.9232 45.1755 -1.5831 0.6508
Pedestrian -1 -1 -1.7280 957.7134 794.9413 982.6330 853.5709 1.6818 0.6766 0.5401 0.2663 6.8402 45.0494 -1.7170 0.3756
Pedestrian -1 -1 1.7128 1091.3096 762.0272 1145.8868 898.3299 1.6312 0.6167 0.5579 1.9957 3.3992 18.9359 1.8131 0.3072
Pedestrian -1 -1 -1.6749 929.8864 767.7416 988.8721 914.3517 1.6207 0.6237 0.7870 -0.0296 3.3596 17.7812 -1.6751 0.1770
Pedestrian -1 -1 1.9484 0.0000 461.1089 149.4121 1216.0000 1.8752 0.6935 0.7273 -2.5403 1.5116 3.7224 1.4521 0.1667
Cyclist -1 -1 -1.6106 919.2883 752.5845 997.3447 916.3550 1.7195 0.8719 1.8103 -0.0588 3.3405 18.0625 -1.6123 0.6071
Cyclist -1 -1 0.1686 660.3289 726.4724 755.5568 832.7770 1.8797 0.8354 1.6151 -4.6769 3.7891 27.6855 0.0115 0.1553
Cyclist -1 -1 1.5791 919.4083 793.0548 942.0216 857.5218 1.8002 0.6681 1.1221 -0.9206 6.9530 45.2615 1.5648 0.1216
Car -1 -1 -1.3285 435.2107 740.6326 757.6245 988.2468 1.5495 1.7669 3.9529 -3.0209 2.7296 13.2409 -1.5353 0.9378
Car -1 -1 -1.3912 628.2897 771.1616 817.8278 923.1859 1.4413 1.7727 3.9358 -3.0679 3.5959 20.0285 -1.5323 0.9169
Car -1 -1 1.8146 732.4113 788.5962 839.1191 865.4936 1.3406 1.7120 3.5033 -4.1449 5.4633 35.8102 1.7081 0.1619
Car -1 -1 2.4504 1806.5637 752.8711 1936.0000 1146.6855 1.6028 1.8070 4.4133 7.0332 2.3384 7.6483 3.1220 0.1544
Car -1 -1 -0.5703 0.0000 0.0000 1936.0000 1216.0000 1.6525 1.8777 4.4464 -2.3167 1.2706 0.4035 -1.5783 0.1342
