Pedestrian -1 -1 1.4170 908.2006 804.4835 936.5061 875.0984 1.6675 0.6332 0.5316 -0.9712 6.1778 37.2416 1.3968 0.4580
Pedestrian -1 -1 1.3575 943.1853 807.4288 971.0787 876.4037 1.6245 0.5978 0.5315 -0.1050 6.2104 37.2497 1.3597 0.4506
Pedestrian -1 -1 1.4939 1148.1295 731.7738 1235.2418 958.0237 1.6739 0.6217 0.5386 1.7824 2.5251 11.6230 1.6303 0.3708
Pedestrian -1 -1 -1.3763 746.4109 820.1194 768.1385 874.1628 1.6517 0.5987 0.5148 -6.5441 7.9522 47.9861 -1.5019 0.2457
Pedestrian -1 -1 2.7313 606.0728 775.5129 667.7211 892.5834 1.4917 0.6232 0.6399 -4.4746 3.6129 20.6225 2.5319 0.1654
Pedestrian -1 -1 2.5794 553.0466 761.2925 625.7035 911.4203 1.7542 0.6712 0.6277 -4.6674 3.5077 18.7673 2.3523 0.1122
Cyclist -1 -1 -1.6998 863.4363 763.1607 965.9272 945.6257 1.7323 0.9125 1.9018 -0.5513 3.3736 16.7413 -1.7294 0.4222
Car -1 -1 -1.1785 0.0000 689.7560 607.7002 1216.0000 1.6854 1.7964 3.9620 -3.0905 2.0796 7.0834 -1.5427 0.9812
Car -1 -1 -1.3726 453.4821 763.8583 738.8033 1001.2469 1.5376 1.7451 3.8953 -3.2155 3.0142 13.9343 -1.5816 0.9689
Car -1 -1 -1.6152 989.4734 818.6746 1083.2438 927.3297 1.6723 1.8744 4.3293 1.5853 6.2204 32.9290 -1.5644 0.1428
