Pedestrian -1 -1 1.4884 1132.7385 738.5839 1212.0472 934.5405 1.5883 0.6213 0.5023 1.7849 2.5733 12.6927 1.6151 0.5465
Pedestrian -1 -1 1.5204 946.9183 789.2625 969.1703 854.2244 1.6056 0.5515 0.4930 -0.0849 5.8694 38.5339 1.5231 0.3649
Pedestrian -1 -1 -0.5334 618.7811 755.3785 685.7643 860.1039 1.3960 0.6409 0.7253 -4.4657 3.3237 21.6126 -0.7243 0.2489
Pedestrian -1 -1 -0.0414 552.8925 712.6989 600.1212 820.6582 1.6909 0.6836 0.7321 -6.3200 3.1575 24.5501 -0.2796 0.2444
Pedestrian -1 -1 2.6666 575.7445 742.8035 642.8201 881.6821 1.7219 0.6498 0.6413 -4.6541 3.3164 19.7689 2.4504 0.2248
Pedestrian -1 -1 0.8304 604.0385 720.3823 684.5341 837.7990 1.6450 0.7971 0.8849 -4.7640 3.1178 22.4829 0.6340 0.1669
Cyclist -1 -1 -1.6141 887.9937 749.9130 962.6838 921.9542 1.6818 0.7679 1.7939 -0.4272 3.1696 16.8768 -1.6369 0.4700
Car -1 -1 -1.2257 0.0000 677.9510 641.0753 1121.4294 1.6718 1.7621 3.9003 -3.0625 2.0281 8.0756 -1.5509 0.9823
Car -1 -1 -1.3740 486.7424 753.5983 756.0233 964.0461 1.4580 1.7562 3.9545 -3.1762 2.8983 14.7579 -1.5701 0.9798
Car -1 -1 -1.4757 602.4557 754.7953 759.8838 908.8611 1.6348 1.7806 4.1219 -3.9274 3.6921 21.5644 -1.6437 0.2153
Car -1 -1 1.8333 655.7217 789.7432 777.9066 875.8934 1.3785 1.7356 3.7947 -5.4034 5.2900 33.5018 1.6839 0.2128
Car -1 -1 3.6959 0.0000 765.0052 123.1943 889.0328 1.8199 1.9600 4.9144 -17.1666 4.2815 25.2573 3.1266 0.1852
