Pedestrian -1 -1 1.4750 945.4179 795.2912 970.8544 860.7349 1.5754 0.5959 0.5705 -0.0817 5.9331 37.9337 1.4777 0.4718
Pedestrian -1 -1 1.5694 911.0621 786.7198 937.3361 857.8976 1.7226 0.6595 0.5792 -0.9367 5.8489 37.8362 1.5503 0.4190
Pedestrian -1 -1 1.5385 1138.2195 735.1008 1221.0288 946.7747 1.6267 0.6387 0.5726 1.7635 2.5444 12.1377 1.6686 0.3252
Pedestrian -1 -1 1.7989 756.8493 802.6027 779.9002 858.4155 1.7202 0.6265 0.5552 -6.2381 7.5057 48.3766 1.6801 0.2507
Pedestrian -1 -1 3.3444 511.7624 734.5419 605.7412 851.2635 1.7935 0.7607 1.3328 -6.4897 3.5949 24.1587 3.0971 0.1220
Cyclist -1 -1 -1.5748 879.2041 753.6799 959.0037 928.8798 1.7000 0.8462 1.8011 -0.4735 3.2223 16.7651 -1.6002 0.4173
Cyclist -1 -1 1.5577 593.0930 712.0615 654.5748 853.2512 1.8842 0.8491 1.6709 -4.9591 3.2188 21.9876 1.3492 0.2060
Cyclist -1 -1 -1.6472 536.9233 730.8213 593.5852 855.7820 1.8104 0.7847 1.5099 -6.3484 3.5650 23.9308 -1.8915 0.1604
Cyclist -1 -1 1.5941 0.0000 756.8494 20.3550 840.4373 1.7050 0.7228 2.1183 -22.5339 4.8959 35.0659 1.0447 0.1603
Car -1 -1 -1.2234 0.0000 690.4497 623.1719 1176.3691 1.6409 1.7419 3.9225 -3.0331 2.0580 7.5480 -1.5638 0.9785
Car -1 -1 -1.3576 469.3514 755.6094 746.1735 974.3058 1.4774 1.7135 3.8323 -3.2101 2.8978 14.3268 -1.5613 0.9671
Car -1 -1 -1.6564 983.3737 802.0659 1080.9371 901.9358 1.5566 1.8145 4.4096 1.5163 5.7886 33.4841 -1.6084 0.1169
