Pedestrian -1 -1 1.5482 974.6431 836.2797 1007.0540 927.6149 1.6735 0.6192 0.6069 0.5724 5.8310 29.1095 1.5713 0.7356
Pedestrian -1 -1 1.5795 924.3686 827.9250 961.9723 922.3438 1.7347 0.7230 0.6055 -0.3482 5.7243 29.0830 1.5724 0.5695
Pedestrian -1 -1 1.8790 325.9838 739.5458 396.7893 872.9858 1.6906 0.6999 0.6512 -7.9659 3.2409 19.8786 1.5203 0.1775
Pedestrian -1 -1 -0.2997 419.9294 742.9521 491.0379 904.8676 1.7993 0.6627 0.6415 -6.0009 3.2353 17.7365 -0.6044 0.1509
Pedestrian -1 -1 1.2715 1532.5660 706.1973 1872.2878 1216.0000 1.6249 0.6226 0.5989 1.9375 1.8584 3.9814 1.6187 0.1452
Pedestrian -1 -1 0.8588 394.8157 742.6825 525.0896 965.6236 1.7218 0.7338 0.7463 -4.2181 2.7541 12.5973 0.5618 0.1232
Cyclist -1 -1 -1.6618 782.6070 771.0552 888.8233 970.0441 1.7041 0.9239 1.8890 -1.3147 3.2978 15.2980 -1.7406 0.5371
Cyclist -1 -1 1.9648 38.1606 759.1222 134.3714 867.0745 1.7874 0.7606 2.2178 -16.7851 4.4706 28.7503 1.4600 0.1986
Car -1 -1 -1.2672 0.0000 751.9868 641.4727 1216.0000 1.5227 1.8117 3.9901 -2.9462 2.3498 7.7191 -1.5912 0.9829
Car -1 -1 0.3804 238.6492 772.1516 510.1916 875.5482 1.8751 1.9622 4.8873 -12.1416 5.0457 31.1518 0.0274 0.3032
