Pedestrian -1 -1 -1.5595 921.8808 830.5223 956.3459 921.5522 1.6912 0.6696 0.6196 -0.4335 5.7897 29.4967 -1.5692 0.3791
Pedestrian -1 -1 1.5093 972.7255 838.1238 1006.3374 928.1127 1.6587 0.6263 0.6594 0.5544 5.9174 29.5265 1.5316 0.3754
Pedestrian -1 -1 1.2550 1512.0038 677.6512 1851.1661 1216.0000 1.6881 0.7015 0.6416 2.0876 1.8554 4.4121 1.6019 0.1693
Pedestrian -1 -1 1.9408 509.8406 714.2885 621.9274 965.1296 1.9634 0.6990 0.6490 -3.2513 2.7228 12.3361 1.7043 0.1285
Pedestrian -1 -1 1.5108 1028.8241 838.3610 1065.1259 935.0460 1.5408 0.5821 0.5512 1.4481 5.1954 25.3272 1.5687 0.1204
Pedestrian -1 -1 2.3849 413.3427 747.5830 522.1945 964.3378 1.7499 0.6259 0.6459 -4.2863 2.8524 13.0025 2.0918 0.1126
Cyclist -1 -1 -1.7107 791.7045 774.6662 905.3174 970.7828 1.7017 0.9403 1.6979 -1.1832 3.3292 15.3227 -1.7814 0.4356
Cyclist -1 -1 1.6717 47.5831 772.4999 106.8844 878.2850 1.7722 0.7412 2.1119 -17.2896 4.7729 29.2851 1.1624 0.2193
Cyclist -1 -1 3.4937 0.0000 716.5720 174.1545 860.1652 1.7541 0.8584 2.2444 -11.6899 2.9944 19.6323 2.9850 0.1130
Cyclist -1 -1 -1.6853 915.0019 831.7010 956.3730 924.9548 1.6653 0.7139 1.0319 -0.5151 5.8538 29.7317 -1.6974 0.1117
Car -1 -1 -1.2672 14.0168 748.5373 643.8773 1194.5621 1.5057 1.8105 3.8657 -3.0037 2.3341 8.0729 -1.5852 0.9881
Car -1 -1 2.0105 188.7103 758.1328 348.3898 842.1440 1.6379 1.9558 4.4750 -17.7591 5.2779 38.5936 1.5970 0.1771
