Pedestrian -1 -1 -1.5693 948.4166 839.9831 978.8906 920.5605 1.6378 0.6545 0.6386 0.0536 6.3495 32.4373 -1.5629 0.5613
Pedestrian -1 -1 1.6467 903.0292 829.6212 935.6683 914.5223 1.7304 0.6580 0.6229 -0.9049 6.2101 32.3943 1.6247 0.5600
Pedestrian -1 -1 1.6091 1012.9390 843.8099 1049.1071 944.7195 1.7417 0.6414 0.5727 1.2850 5.8108 27.4841 1.6578 0.3543
Pedestrian -1 -1 3.1367 542.5608 799.8317 599.5392 936.4145 1.4376 0.6042 0.6178 -4.4429 3.4749 17.0488 2.9002 0.1876
Pedestrian -1 -1 1.3284 1289.3282 750.7728 1433.3652 1090.3757 1.5250 0.5473 0.5020 1.9047 2.1496 7.1637 1.5466 0.1846
Cyclist -1 -1 -1.5880 832.1360 788.8036 917.3901 979.2939 1.6764 0.8441 1.8507 -0.9222 3.5074 15.7531 -1.6412 0.5047
Cyclist -1 -1 1.3450 79.7467 781.9302 136.5095 870.3040 1.7019 0.7220 1.9062 -18.9166 5.2823 33.1429 0.8486 0.1685
Cyclist -1 -1 -1.6320 899.0758 831.5398 933.8714 913.8729 1.6200 0.7044 1.0239 -0.9844 6.2098 32.6762 -1.6561 0.1495
Car -1 -1 -0.9684 0.0000 672.0159 393.4977 1216.0000 1.5797 1.8471 3.9755 -3.0354 1.7534 3.5131 -1.5564 0.9692
Car -1 -1 -1.2748 228.5002 768.3725 682.7579 1113.7399 1.5660 1.7668 3.8241 -3.2017 2.7414 10.3186 -1.5474 0.9442
Car -1 -1 3.3929 391.6412 806.2748 597.1362 896.9666 1.7240 1.8217 4.0296 -10.3326 5.8826 33.3111 3.1087 0.1145
