Pedestrian -1 -1 -1.5778 960.8004 831.7894 994.4080 922.0617 1.7446 0.6827 0.6382 0.3343 6.0360 30.6977 -1.5628 0.7316
Pedestrian -1 -1 -1.5636 910.3594 826.6892 946.2534 916.2952 1.7016 0.7259 0.8256 -0.6715 5.8990 30.6897 -1.5800 0.6555
Pedestrian -1 -1 1.7386 533.8752 725.0449 632.3853 960.0640 1.9808 0.7439 0.5993 -3.3269 2.8862 13.1991 1.5115 0.2835
Pedestrian -1 -1 1.2689 1375.1622 745.0188 1602.0050 1216.0000 1.6249 0.6052 0.6073 1.9103 2.0903 5.4810 1.5391 0.2546
Pedestrian -1 -1 -1.5692 65.9517 791.4297 102.0575 874.4404 1.5505 0.6166 0.9421 -18.0304 5.0371 30.7477 -2.0760 0.1674
Pedestrian -1 -1 1.9034 359.2254 750.6655 418.1469 878.0547 1.7171 0.6216 0.5446 -8.0268 3.5046 20.9783 1.5594 0.1638
Cyclist -1 -1 -1.6021 815.3984 777.3163 904.1728 976.0930 1.7088 0.8541 1.9096 -1.0674 3.3759 15.3662 -1.6655 0.5238
Cyclist -1 -1 -1.6245 903.3642 827.8940 941.4402 919.2285 1.6676 0.7251 1.2239 -0.8073 5.9315 30.7745 -1.6450 0.2664
Car -1 -1 -1.2790 111.6923 748.6221 659.5430 1153.6451 1.5519 1.7803 3.8232 -3.0435 2.4401 8.8191 -1.5775 0.9860
Car -1 -1 -0.8030 0.0000 644.5963 225.7786 1216.0000 1.5049 1.7982 3.8246 -2.9746 1.5597 2.2210 -1.5412 0.8916
Car -1 -1 3.6560 0.0000 799.4030 176.5013 890.6903 1.6253 1.7746 4.1547 -18.7975 5.3446 30.9722 3.1349 0.1338
