Pedestrian -1 -1 -1.5928 1009.3200 788.0957 1049.7002 894.2567 1.6117 0.6364 0.6863 1.0964 4.2836 24.1328 -1.5467 0.8881
Pedestrian -1 -1 -1.5822 952.1088 774.5560 994.7135 886.7883 1.7154 0.6793 0.7386 0.1932 4.1754 24.2124 -1.5716 0.7670
Pedestrian -1 -1 -0.5071 143.3719 696.8909 196.0401 797.9507 1.7352 0.6134 0.6163 -14.1382 3.0418 26.7133 -0.9731 0.2199
Pedestrian -1 -1 0.4222 15.5839 729.7576 80.4539 835.2333 1.5802 0.6446 0.6539 -14.3192 3.2500 23.4604 -0.1003 0.1817
Pedestrian -1 -1 -1.3014 753.7979 815.3610 781.4935 884.2175 1.6381 0.5771 0.4802 -4.8420 6.4385 37.4107 -1.4202 0.1481
Pedestrian -1 -1 0.9719 1014.5320 809.9995 1074.4541 880.7706 1.2100 0.5827 1.2694 1.6557 4.9961 29.8942 1.0288 0.1092
Cyclist -1 -1 -1.7098 687.7858 724.2335 806.4512 928.2454 1.6606 0.8761 1.9038 -2.0673 2.6735 14.2149 -1.8436 0.4432
Cyclist -1 -1 -1.5947 919.8776 800.4520 950.4662 878.0274 1.7319 0.7581 1.9368 -0.6871 6.4030 38.8094 -1.6067 0.3631
Car -1 -1 -1.0181 0.0000 678.4829 454.6367 1216.0000 1.4995 1.8311 4.0322 -2.9375 1.7114 3.8863 -1.5577 0.9537
Car -1 -1 -1.1942 0.0000 713.9440 182.3888 847.9009 1.7523 1.9522 4.5569 -14.9894 3.3910 25.1306 -1.7078 0.1084
