Pedestrian -1 -1 1.5629 935.3640 808.3722 974.0332 905.1575 1.6462 0.6894 0.6386 -0.1198 4.9957 26.9791 1.5625 0.6570
Pedestrian -1 -1 -1.5398 986.6438 812.7725 1024.7676 909.5822 1.6261 0.6630 0.6953 0.8039 5.0538 26.9155 -1.5076 0.6466
Pedestrian -1 -1 -2.4798 13.5607 717.8582 109.8560 825.4526 1.8011 0.8177 1.2113 -15.8551 3.4712 26.3751 -2.9976 0.1310
Pedestrian -1 -1 -0.5060 426.1183 767.2887 525.8726 972.3032 1.5900 0.6379 0.5704 -4.0953 2.8321 12.6183 -0.7942 0.1295
Pedestrian -1 -1 -0.8309 761.7260 823.3179 792.7311 886.3898 1.6601 0.6178 0.6203 -5.2317 7.3587 42.5163 -0.9436 0.1166
Pedestrian -1 -1 -1.6175 909.1453 830.9785 934.6241 903.1156 1.7535 0.6447 1.3589 -1.0867 7.5066 41.0483 -1.6376 0.1043
Cyclist -1 -1 -1.8081 737.7808 745.4660 872.6677 950.5891 1.7103 0.9062 1.9352 -1.5768 2.9877 14.7811 -1.9062 0.5026
Cyclist -1 -1 -1.5693 908.3568 827.9489 934.0795 903.6996 1.7555 0.6898 2.0211 -1.0932 7.4774 41.1245 -1.5895 0.3483
Cyclist -1 -1 0.7454 9.5247 709.2213 125.9086 818.8344 1.8086 0.8221 1.6368 -15.6255 3.3171 26.1650 0.2302 0.2292
Car -1 -1 -1.1452 0.0000 727.9353 572.0096 1216.0000 1.4280 1.7574 3.7200 -2.9215 1.9603 5.8457 -1.5479 0.9573
Car -1 -1 1.9895 120.7507 730.0498 381.6714 859.8740 1.4419 1.8102 4.3559 -10.4113 3.1652 22.3268 1.5757 0.1103
