Pedestrian -1 -1 -1.6108 983.5226 824.0184 1020.7908 920.6069 1.6551 0.6565 0.6566 0.7430 5.3377 27.3253 -1.5810 0.6902
Pedestrian -1 -1 1.5663 933.4304 821.5591 972.0270 922.0511 1.7154 0.6938 0.6877 -0.1556 5.3415 27.2278 1.5649 0.6700
Pedestrian -1 -1 1.4785 383.2036 724.8054 503.1050 960.7384 1.6490 0.8155 0.6856 -3.9309 2.4374 11.3277 1.1725 0.1712
Pedestrian -1 -1 1.8470 47.0168 743.0219 103.3365 841.1923 1.6432 0.6461 0.8347 -15.7938 3.7879 26.6705 1.3361 0.1580
Pedestrian -1 -1 1.7993 445.3876 698.9942 592.0376 973.9283 1.8517 0.8264 0.8301 -3.1548 2.4047 10.7315 1.5381 0.1293
Cyclist -1 -1 -1.8591 747.4272 758.3955 883.3586 969.3017 1.7575 0.8316 1.9614 -1.4854 3.1805 14.8753 -1.9507 0.4752
Cyclist -1 -1 1.7095 33.8162 738.7726 102.0928 847.1146 1.7201 0.7747 1.7325 -15.9182 3.8243 26.6842 1.1955 0.2407
Car -1 -1 -1.1674 0.0000 742.7047 593.2815 1216.0000 1.4316 1.7881 3.7412 -2.9071 2.0671 6.1787 -1.5511 0.9720
Car -1 -1 0.6464 0.0000 788.1536 26.8452 905.2834 1.5236 1.8390 4.2571 -17.2122 4.1712 23.2498 0.0394 0.1351
Car -1 -1 1.9250 175.9845 751.4282 331.2231 838.3586 1.5509 1.8212 4.5331 -16.8028 4.7733 35.7630 1.5040 0.1274
