Pedestrian -1 -1 -1.6019 944.8110 780.5957 983.7712 882.7651 1.6728 0.6549 0.6446 0.0480 4.3959 25.8242 -1.5968 0.8163
Pedestrian -1 -1 -1.6071 1001.3921 792.0196 1038.8060 891.6625 1.6384 0.6255 0.5257 1.0092 4.5446 25.7406 -1.5664 0.8128
Pedestrian -1 -1 0.0995 417.8014 741.0994 499.1479 945.6229 1.5143 0.6977 0.5305 -3.9951 2.4707 11.9145 -0.1979 0.2810
Pedestrian -1 -1 -1.7147 806.8859 817.2803 828.3389 877.1530 1.7934 0.6062 0.5570 -4.5475 7.9250 47.3229 -1.8017 0.2783
Pedestrian -1 -1 -1.2696 910.5206 806.0142 942.1398 875.8466 1.7282 0.6171 0.8569 -0.9333 6.6437 40.0888 -1.2869 0.2022
Pedestrian -1 -1 -1.5457 817.6457 815.4645 836.4408 871.8450 1.7235 0.5832 0.6062 -4.3234 7.9050 48.1897 -1.6267 0.1219
Pedestrian -1 -1 -2.4536 1.6343 698.6895 106.3398 810.8429 1.7995 0.7762 1.3174 -15.2387 3.0639 25.1335 -2.9751 0.1173
Pedestrian -1 -1 -1.4569 799.9904 809.7277 820.8320 868.4340 1.7553 0.5916 0.4672 -4.6860 7.5281 46.4670 -1.5486 0.1114
Cyclist -1 -1 -1.7885 722.9355 730.4986 847.2433 930.4803 1.6677 0.8358 1.8218 -1.7410 2.7636 14.5213 -1.8991 0.4169
Cyclist -1 -1 0.9491 10.5984 690.4952 137.2915 806.5156 1.7981 0.8174 2.0178 -14.7620 2.9242 24.8752 0.4366 0.3161
Cyclist -1 -1 -1.5395 912.1143 804.7805 939.4059 876.8291 1.7234 0.6786 1.4479 -0.9466 6.6390 40.1374 -1.5571 0.2089
Car -1 -1 -1.1078 0.0000 705.3249 537.1682 1216.0000 1.4361 1.7788 3.7451 -2.8667 1.8066 5.0006 -1.5533 0.9766
Car -1 -1 1.9982 35.8095 712.3540 338.8109 856.2966 1.5503 1.9238 4.8220 -10.8724 2.9486 21.4831 1.5536 0.1429
