Pedestrian -1 -1 -1.5325 968.0875 775.8846 1017.5341 901.0267 1.6858 0.6809 0.7314 0.4583 3.8916 21.4616 -1.5099 0.7545
Pedestrian -1 -1 -1.5603 1031.3143 789.4192 1075.2379 908.5152 1.6049 0.6200 0.6619 1.3242 4.0065 21.4774 -1.4996 0.7497
Cyclist -1 -1 -1.8976 592.1713 716.3602 749.1776 934.2126 1.7004 0.8578 1.8839 -2.6693 2.5935 13.5706 -2.0773 0.4193
Cyclist -1 -1 -1.5862 929.8813 805.5147 963.8172 887.1980 1.7017 0.8037 1.9087 -0.3607 6.2108 36.3721 -1.5909 0.3644
Cyclist -1 -1 3.6149 14.5105 721.2141 207.4646 866.5834 1.9318 0.8335 2.2141 -11.8452 3.3047 20.8823 3.1260 0.1539
Car -1 -1 -0.8182 0.0000 0.0000 1936.0000 1216.0000 1.4859 1.7925 3.8485 -2.6935 1.4993 1.7761 -1.5808 0.8514
Car -1 -1 0.5018 0.0000 802.6810 96.0216 885.9139 1.6585 1.8088 4.0898 -22.9018 5.9543 35.1248 -0.0523 0.3763
Car -1 -1 1.8495 391.6124 782.5342 489.0551 847.3472 1.5526 1.8233 4.2971 -16.8694 6.9091 48.6315 1.5302 0.2415
Car -1 -1 2.0233 74.5793 741.9848 275.0125 841.2340 1.6110 1.9037 4.5894 -16.6784 4.2972 32.0070 1.5632 0.2374
Car -1 -1 1.8273 335.8919 774.5258 442.2508 847.3925 1.5269 1.7586 4.0912 -16.0526 5.9562 42.1509 1.4793 0.2206
