Pedestrian -1 -1 -1.5365 994.5018 759.3498 1049.6808 912.5864 1.7736 0.6528 0.6936 0.7513 3.4547 18.3282 -1.4966 0.8550
Pedestrian -1 -1 -1.5782 1078.8011 778.6708 1129.0813 915.0560 1.5708 0.5998 0.5466 1.7317 3.4719 18.1910 -1.4879 0.7293
Pedestrian -1 -1 -1.3991 57.2760 627.7393 238.3271 997.8873 1.7057 0.6376 0.7000 -3.9565 1.7204 7.3206 -1.8425 0.2502
Pedestrian -1 -1 -1.3774 956.3622 795.9612 992.5237 879.2462 1.7126 0.6404 0.9104 0.2984 5.5872 33.3618 -1.3643 0.1854
Pedestrian -1 -1 0.2215 0.0000 715.4934 188.9496 1084.4878 1.3711 0.6388 0.6787 -3.6260 1.7670 6.1425 -0.2472 0.1752
Pedestrian -1 -1 1.3833 499.4228 697.0231 627.3912 928.6417 1.7065 0.7713 1.6056 -3.3402 2.3506 12.4633 1.1415 0.1221
Cyclist -1 -1 0.9222 446.5158 692.5246 661.7645 926.1055 1.7157 0.7796 1.8495 -3.3895 2.3153 12.3778 0.6755 0.4143
Cyclist -1 -1 3.5950 68.3738 700.7010 242.4939 845.0464 1.7306 0.7514 1.7727 -10.0667 2.6993 18.7236 3.1287 0.2842
Cyclist -1 -1 -1.5722 959.2700 795.0473 991.5133 881.3251 1.6986 0.7036 1.6085 0.3179 5.5954 33.4403 -1.5585 0.2510
Cyclist -1 -1 -1.4003 930.0780 824.7776 961.8719 893.1672 1.7581 0.6679 1.6137 -0.4450 7.7887 44.2686 -1.4044 0.1045
Car -1 -1 1.9035 391.3682 784.1577 500.1849 851.2493 1.5072 1.7948 4.3702 -15.8603 6.6659 46.2403 1.5878 0.3769
