Pedestrian -1 -1 -1.6240 1048.2900 772.4458 1095.1523 896.9714 1.5824 0.5938 0.5143 1.4647 3.5705 19.8876 -1.5529 0.7106
Pedestrian -1 -1 -1.5604 977.5460 762.9018 1025.3010 893.1709 1.6593 0.6281 0.5562 0.5385 3.5273 19.9521 -1.5331 0.6572
Pedestrian -1 -1 1.5526 1058.3600 788.8326 1094.9275 888.5965 1.7051 0.6471 0.6452 2.0805 4.7047 27.0217 1.6295 0.1622
Pedestrian -1 -1 3.4810 16.0578 684.2349 191.0556 824.5194 1.7573 0.7758 1.8444 -11.2693 2.5599 19.7020 2.9879 0.1112
Pedestrian -1 -1 -2.3483 513.6807 691.9299 704.9944 907.6292 1.7037 0.7326 1.5800 -3.0697 2.3200 13.0101 -2.5628 0.1102
Cyclist -1 -1 -1.5739 941.6153 792.5625 974.1208 876.3738 1.7124 0.7406 1.7591 -0.0781 5.7299 34.9540 -1.5714 0.4454
Cyclist -1 -1 3.6294 22.7992 686.4058 201.5679 824.5305 1.7522 0.7977 1.9049 -11.1768 2.5801 19.7275 3.1402 0.3725
Cyclist -1 -1 -2.0463 531.4993 700.3963 710.3373 913.6373 1.6353 0.7937 1.8402 -3.0124 2.3461 13.1149 -2.2554 0.3637
Car -1 -1 0.5359 0.0000 801.2014 77.4686 887.8033 1.6894 1.8355 4.2738 -22.8706 5.8311 34.1498 -0.0300 0.3958
Car -1 -1 -1.6203 969.8825 795.9377 1043.5787 873.8338 1.5584 1.8588 4.3964 1.2183 6.5981 41.8501 -1.5870 0.2638
