Pedestrian -1 -1 1.4983 1115.9781 775.4996 1181.1387 930.1278 1.5407 0.6343 0.7993 2.0097 3.2056 16.1189 1.6144 0.8286
Pedestrian -1 -1 -1.5221 1011.8392 760.9788 1080.2642 930.7307 1.7535 0.7177 0.5188 0.9243 3.2558 16.2151 -1.4684 0.5399
Pedestrian -1 -1 -1.2336 0.0000 592.2347 108.5231 1074.9126 1.7889 0.6330 0.5693 -3.8053 1.6678 5.8759 -1.7381 0.2847
Pedestrian -1 -1 1.6596 1085.2693 810.7667 1131.8025 921.7844 1.6433 0.6802 0.7823 2.3763 4.6919 24.0807 1.7561 0.1900
Pedestrian -1 -1 1.5429 898.4884 813.3051 917.3662 866.5809 1.6585 0.6060 0.5670 -1.7488 7.8671 48.9794 1.5140 0.1589
Pedestrian -1 -1 -1.2740 68.6603 780.1258 116.3388 878.4269 1.5243 0.5552 0.4562 -14.1419 4.0809 24.3510 -1.7740 0.1514
Cyclist -1 -1 -1.6155 972.2859 805.1007 1013.8162 899.3325 1.7153 0.8024 1.7644 0.6576 5.6203 31.5164 -1.5911 0.4475
Cyclist -1 -1 -2.1288 345.0147 682.4378 562.9694 938.5240 1.7754 0.7562 1.8882 -3.9845 2.2594 11.6756 -2.4314 0.3211
Cyclist -1 -1 3.4395 172.6213 706.2845 343.2545 858.8926 1.7085 0.7573 1.6752 -8.3059 2.6984 17.7177 3.0270 0.2947
Car -1 -1 1.9242 436.4582 820.5732 537.9631 882.6809 1.3251 1.7284 3.8069 -14.5737 7.6221 46.1717 1.6336 0.1402
Car -1 -1 1.9769 0.0000 738.2357 215.7136 856.9987 1.5395 1.9069 4.5899 -15.0290 3.7111 26.2825 1.4810 0.1109
