Pedestrian -1 -1 -1.5443 1036.3308 753.9806 1110.0732 950.2551 1.7763 0.6987 0.9083 1.1060 3.0834 14.6582 -1.4747 0.8816
Pedestrian -1 -1 -1.6339 1155.4175 774.4997 1230.2360 950.6295 1.6086 0.6756 0.5861 2.2399 3.0928 14.5178 -1.4925 0.4451
Pedestrian -1 -1 -1.6381 1002.5944 803.6187 1036.8247 895.7737 1.7286 0.6372 0.7278 1.1630 5.3425 29.8670 -1.5968 0.2557
Pedestrian -1 -1 1.4913 916.7311 830.1619 937.0148 886.4889 1.6998 0.6073 0.5613 -1.0986 8.2875 47.6860 1.4748 0.2383
Pedestrian -1 -1 -0.0704 230.8182 714.5620 360.3976 871.0164 1.6194 0.7297 1.2989 -7.4808 2.6638 16.8026 -0.4634 0.2121
Pedestrian -1 -1 1.5916 897.4332 829.6234 917.6871 887.4294 1.7299 0.6253 0.7107 -1.7089 8.3016 47.6460 1.5628 0.1517
Pedestrian -1 -1 -1.3230 845.6645 821.7850 873.4530 888.9200 1.6159 0.5921 0.5334 -2.5944 6.6834 38.1728 -1.3832 0.1421
Pedestrian -1 -1 0.9877 279.6107 694.8636 474.0900 949.0580 1.6890 0.8068 1.2329 -4.3063 2.2366 11.0112 0.6458 0.1337
Cyclist -1 -1 -1.5997 996.4282 810.3744 1034.1926 905.6127 1.6478 0.7138 1.7108 1.0760 5.4847 30.0775 -1.5613 0.5652
Cyclist -1 -1 0.9625 231.8239 689.1607 456.3179 956.1858 1.7598 0.7418 1.6604 -4.5546 2.2661 11.0057 0.6027 0.3783
Cyclist -1 -1 -0.1112 247.3881 703.9904 391.6360 864.1708 1.6851 0.7405 1.4540 -7.3215 2.6229 17.0630 -0.4918 0.3285
Cyclist -1 -1 -1.5900 1037.3538 754.3356 1115.7419 950.2354 1.7612 0.7418 1.0613 1.1203 3.0827 14.7188 -1.5198 0.1461
Car -1 -1 0.1935 672.3044 787.7969 827.9079 849.1066 1.6956 1.9473 4.6933 -6.7968 7.0941 48.4378 0.0637 0.2588
Car -1 -1 1.9527 420.7352 817.6339 535.0124 887.3173 1.4374 1.8147 4.0029 -14.2730 7.4245 44.3822 1.6571 0.1687
