Pedestrian -1 -1 -1.5405 1036.8313 751.2588 1119.2928 954.9282 1.7928 0.7578 0.8587 1.1191 3.0327 14.2080 -1.4682 0.9067
Pedestrian -1 -1 -1.6064 1177.4038 775.6552 1251.2500 965.1647 1.6608 0.6519 0.6201 2.3610 3.1075 14.0034 -1.4527 0.5317
Pedestrian -1 -1 -1.7171 1006.7685 814.2325 1044.3759 905.3333 1.6606 0.6319 0.8044 1.2633 5.4487 29.4881 -1.6720 0.3759
Pedestrian -1 -1 1.5403 907.1771 830.3073 925.7596 885.0581 1.6413 0.5747 0.5558 -1.4194 8.1814 47.3212 1.5171 0.3349
Pedestrian -1 -1 1.3730 925.1652 831.0865 946.5634 885.3890 1.6037 0.5630 0.6626 -0.8081 8.1987 47.4504 1.3623 0.2832
Pedestrian -1 -1 2.9837 261.9634 714.7558 468.0324 885.2574 1.7467 0.8075 2.1002 -6.8075 2.8264 17.1016 2.6288 0.1210
Pedestrian -1 -1 2.0815 1125.8917 823.5220 1182.5071 929.7376 1.4560 0.6459 0.5780 2.9049 4.5023 22.5113 2.2057 0.1163
Cyclist -1 -1 2.9928 257.5622 716.1252 464.7477 885.7867 1.7364 0.8340 2.1149 -6.8623 2.8347 17.1261 2.6357 0.5853
Cyclist -1 -1 -1.6757 1004.9102 815.4119 1045.3120 905.5719 1.5747 0.6684 1.3298 1.2588 5.4445 29.6925 -1.6310 0.3032
Cyclist -1 -1 1.0194 186.2114 681.8907 426.1957 962.9699 1.8326 0.7806 1.8892 -4.8308 2.2845 10.9825 0.6394 0.2937
Car -1 -1 0.3454 668.7751 801.8997 810.2606 864.8001 1.6513 1.9323 4.1088 -7.1445 7.5359 48.3469 0.2087 0.3127
Car -1 -1 -1.5856 886.7997 802.7920 946.5615 869.4265 1.5833 1.8859 4.2912 -1.4893 7.7137 49.3548 -1.6092 0.1867
Car -1 -1 2.0242 0.0000 734.3694 204.4347 864.9375 1.6183 1.9656 4.7000 -14.7001 3.6211 24.9592 1.5166 0.1626
