Pedestrian -1 -1 -1.5814 1047.8816 758.5419 1137.2434 967.0524 1.7601 0.7880 0.8602 1.1908 3.0221 13.6649 -1.5020 0.8138
Pedestrian -1 -1 -1.6214 1195.9559 786.0780 1275.2856 980.0093 1.6052 0.6543 0.6975 2.4482 3.0909 13.4005 -1.4559 0.4916
Pedestrian -1 -1 1.5497 1141.6521 821.5244 1183.2334 943.5623 1.6768 0.5898 0.6153 2.9511 4.6103 21.9732 1.6786 0.1427
Pedestrian -1 -1 -0.3247 295.3376 728.7860 468.6037 900.4776 1.7150 0.7717 1.6546 -6.4730 2.9348 16.7417 -0.6696 0.1266
Pedestrian -1 -1 1.2963 226.2359 687.2084 390.4054 957.4229 1.7180 0.7990 1.2020 -4.6237 2.1880 10.5603 0.9185 0.1184
Pedestrian -1 -1 -2.7433 1004.4115 819.2313 1071.2408 921.3263 1.7808 0.7512 1.0798 1.4787 5.6033 28.8416 -2.6902 0.1077
Cyclist -1 -1 1.4297 1011.2617 816.6048 1060.9966 917.4621 1.6745 0.7360 1.6921 1.4398 5.5085 29.0325 1.4812 0.5561
Cyclist -1 -1 2.7821 266.5398 720.1659 485.3610 901.2274 1.7747 0.8569 2.1167 -6.5244 2.9055 16.7372 2.4346 0.3966
Cyclist -1 -1 0.9113 145.9866 686.3931 398.0125 959.4539 1.7564 0.7421 1.7779 -4.9518 2.2286 10.7226 0.5148 0.2479
Cyclist -1 -1 -1.6462 1191.4607 776.2505 1273.9370 974.0741 1.6300 0.6562 0.8421 2.4299 3.0372 13.4562 -1.4825 0.1055
Car -1 -1 0.3542 674.9791 794.3911 814.2554 854.6880 1.5749 1.8176 4.0269 -6.9114 7.1485 47.8493 0.2205 0.1663
Car -1 -1 -1.5805 887.6547 808.7483 948.2444 878.6425 1.6160 1.8978 4.5997 -1.4309 7.9459 49.1589 -1.6030 0.1220
