Pedestrian -1 -1 -1.5952 1006.0139 765.7579 1062.6475 921.1055 1.7017 0.6367 0.6092 0.8372 3.3567 17.2582 -1.5488 0.7813
Pedestrian -1 -1 -1.6320 1093.8352 774.2102 1148.7961 922.2180 1.6235 0.5960 0.4945 1.8343 3.3652 17.1849 -1.5315 0.6821
Pedestrian -1 -1 -1.3743 0.0000 604.6162 174.5687 1042.9938 1.7943 0.6575 0.7004 -3.8892 1.7113 6.5480 -1.8492 0.1462
Pedestrian -1 -1 -1.6848 259.1194 734.1118 291.2622 814.7989 1.7467 0.6119 0.5338 -15.5068 4.2431 33.7988 -2.0970 0.1102
Pedestrian -1 -1 -1.4172 963.9191 795.5203 1002.9363 881.5583 1.6971 0.6843 1.0884 0.4870 5.4677 32.4527 -1.3984 0.1074
Cyclist -1 -1 -1.6012 966.3025 792.2332 1004.4022 883.3246 1.7295 0.7809 1.7444 0.5121 5.4629 32.4892 -1.5817 0.5314
Cyclist -1 -1 3.4089 144.8822 709.4070 315.4359 859.8136 1.7334 0.7874 1.7260 -8.9420 2.8002 18.3520 2.9815 0.4266
Cyclist -1 -1 0.8558 383.3341 690.8663 614.1815 939.0585 1.7874 0.7702 1.8529 -3.7378 2.3551 12.0396 0.5786 0.3524
Car -1 -1 1.7830 405.0849 788.3902 497.4781 854.0361 1.4392 1.7752 4.1860 -15.5429 6.6809 45.7737 1.4705 0.3072
Car -1 -1 1.9696 287.0113 791.4405 419.0892 869.6021 1.4659 1.6813 4.0288 -15.6850 6.0120 38.7812 1.6028 0.1556
