Pedestrian -1 -1 -1.6653 1155.1162 742.7129 1264.4316 1008.1591 1.7676 0.6916 0.7225 1.7596 2.6382 10.6724 -1.5205 0.8346
Pedestrian -1 -1 -1.7141 1318.5957 776.1636 1438.2970 1018.7231 1.5316 0.6772 0.7694 2.8784 2.6234 10.3779 -1.4727 0.7658
Pedestrian -1 -1 1.7231 1213.8285 827.5879 1272.1810 958.8110 1.5761 0.6692 0.6307 3.7009 4.2912 19.6252 1.9005 0.1609
Pedestrian -1 -1 1.0718 1068.3448 839.4788 1132.7893 945.4901 1.6586 0.8100 0.8628 2.4360 5.4989 26.2073 1.1637 0.1337
Pedestrian -1 -1 2.5212 678.8380 829.0244 736.2535 932.3688 1.4153 0.5654 0.6490 -3.8347 4.5594 22.6047 2.3656 0.1153
Cyclist -1 -1 -2.0768 0.0000 691.4369 171.5150 1017.4000 1.7838 0.7454 1.9049 -5.8385 2.2357 9.3375 -2.5855 0.4310
Cyclist -1 -1 2.5170 510.1945 773.0038 708.4442 958.8906 1.7242 0.8246 2.0247 -3.8605 3.4639 16.5374 2.3048 0.2642
Cyclist -1 -1 -1.7954 1068.4626 842.2603 1128.8927 954.8379 1.6992 0.7619 1.3844 2.3903 5.6079 26.1548 -1.7050 0.2220
Car -1 -1 0.5802 0.0000 802.6807 119.6461 952.2561 1.7221 1.8410 4.2132 -14.0957 4.2573 20.3868 0.0085 0.1739
Car -1 -1 1.5086 975.9005 805.1830 1039.8636 872.4615 1.5426 1.8111 4.3327 1.4571 7.6198 48.2193 1.5434 0.1157
Car -1 -1 -2.2298 0.0000 761.9011 191.0829 1068.9666 1.4509 1.6321 3.6473 -7.0534 2.4614 9.6596 -2.8065 0.1071
