Pedestrian -1 -1 1.3026 1423.0162 753.9150 1535.4655 961.1526 1.7696 0.7758 0.7954 4.7283 2.9869 13.6963 1.6099 0.8152
Pedestrian -1 -1 1.7382 647.2698 831.7047 673.9810 892.7969 1.6649 0.6609 0.5787 -8.6520 7.6591 43.0498 1.5524 0.2287
Pedestrian -1 -1 1.4551 1116.4735 807.0499 1138.6042 858.9791 1.6151 0.6498 0.7108 5.4861 7.6717 49.3677 1.5681 0.2027
Pedestrian -1 -1 2.9152 479.9208 841.5696 581.7931 1029.6781 1.1756 0.5871 0.5925 -3.0719 2.7775 10.6587 2.6604 0.1905
Pedestrian -1 -1 0.2762 332.4876 839.4260 454.1911 1067.1338 1.3083 0.6849 0.5473 -3.6381 2.7390 9.6179 -0.0497 0.1134
Pedestrian -1 -1 2.2240 1826.3783 710.6739 1936.0000 1018.2183 1.6929 0.6958 0.6609 5.7178 2.2310 8.9325 2.7375 0.1093
Pedestrian -1 -1 2.7583 1167.8391 790.5143 1297.7977 958.4281 1.7210 0.7267 1.2515 3.0374 3.6335 16.7804 2.9264 0.1080
Cyclist -1 -1 -1.5645 1192.3027 797.4945 1275.3988 975.3942 1.6794 0.8763 1.7681 3.0740 3.7393 16.9014 -1.3955 0.4738
Car -1 -1 1.5464 1087.3790 821.1998 1166.9384 909.6573 1.4444 1.7892 4.0678 3.9236 6.4268 35.8538 1.6561 0.9556
Car -1 -1 -3.5898 1681.4487 830.9244 1876.4583 910.2573 1.7646 1.8628 4.1267 21.5575 7.3528 39.5477 -3.1009 0.2209
Car -1 -1 1.4646 1048.7047 817.1233 1132.1252 889.8942 1.4013 1.8851 3.8525 3.4884 6.9228 41.0116 1.5517 0.1380
