Pedestrian -1 -1 1.2076 1528.7004 677.5886 1686.6722 995.2418 1.7518 0.6506 0.6066 3.7242 2.0674 8.6528 1.5671 0.7514
Pedestrian -1 -1 -0.2784 599.4871 757.6407 628.7863 837.2107 1.9115 0.5848 0.5851 -8.7390 5.2880 37.6428 -0.4943 0.2257
Pedestrian -1 -1 -0.7327 1169.6833 732.4556 1318.2397 908.7966 1.7558 0.7652 1.4823 3.1188 2.9928 16.4814 -0.5573 0.1252
Pedestrian -1 -1 2.1991 301.1299 769.8186 331.0595 821.7893 1.6300 0.6884 0.5930 -21.2806 6.4464 49.3315 1.8075 0.1100
Pedestrian -1 -1 -2.7520 1730.6462 720.8082 1911.9188 986.1413 1.3836 0.7322 0.7100 4.9861 1.9724 8.6733 -2.2845 0.1022
Cyclist -1 -1 -1.2469 1175.8217 738.9625 1300.5663 916.7748 1.6939 0.8351 1.8169 3.0848 3.0304 16.5240 -1.0738 0.4546
Cyclist -1 -1 -0.0265 957.7952 758.8560 1031.8036 823.7954 1.8612 0.8620 2.2091 1.0008 5.9371 45.0708 0.0001 0.3332
Cyclist -1 -1 1.9162 620.4818 735.3081 671.0460 806.8319 1.7972 0.7781 1.8500 -8.7517 4.9367 41.5506 1.7193 0.1125
Car -1 -1 -1.5048 945.7206 781.6373 1046.6760 882.9240 1.5390 1.8361 4.1271 0.8018 5.0639 31.4900 -1.4762 0.9551
Car -1 -1 1.6049 969.0060 762.0018 1029.4734 822.2554 1.4853 1.7507 3.3868 1.2150 5.9138 46.5574 1.6353 0.5139
Car -1 -1 2.0094 549.4484 781.9214 708.7710 891.3770 1.9798 2.0023 4.5570 -8.0073 6.0722 36.5258 1.8065 0.1401
Car -1 -1 0.4348 0.0000 818.0170 168.7388 888.0329 1.5457 1.7063 3.9272 -23.3793 6.7816 39.5434 -0.0772 0.1100
Car -1 -1 3.2958 576.2553 749.9076 824.7505 871.7682 2.2208 2.0882 4.7054 -5.2261 4.8564 30.4732 3.1370 0.1056
