Pedestrian -1 -1 1.2701 1490.7455 714.2866 1614.4821 975.5886 1.7705 0.6299 0.7013 4.2333 2.4344 10.7437 1.6097 0.6617
Pedestrian -1 -1 1.5513 675.2567 788.3948 695.6426 844.4766 1.6511 0.6149 0.5311 -8.5240 6.7379 46.2082 1.3797 0.3352
Pedestrian -1 -1 1.5377 690.0678 791.1889 708.7987 845.8462 1.6668 0.5783 0.5225 -8.3740 7.0191 47.8203 1.3749 0.1739
Pedestrian -1 -1 -0.7421 1736.6453 754.3192 1794.9376 855.1326 1.5675 0.6530 0.5461 13.2465 3.7327 24.6318 -0.2649 0.1656
Pedestrian -1 -1 1.7233 0.0000 827.6998 32.7357 902.3593 1.3862 0.5568 0.9955 -19.9216 5.7221 31.4067 1.1833 0.1085
Pedestrian -1 -1 2.3517 1421.3794 751.1996 1473.7533 842.2513 1.5379 0.6137 0.6520 8.7315 3.8420 26.8578 2.6566 0.1067
Pedestrian -1 -1 1.3495 1362.6827 793.0785 1391.8760 868.0984 1.7081 0.5555 0.5806 9.9303 5.7579 35.7082 1.6158 0.1054
Cyclist -1 -1 1.7683 1207.7538 758.7564 1311.4417 938.0375 1.7013 0.7969 1.9332 3.3768 3.2984 16.7979 1.9546 0.3305
Car -1 -1 -1.5623 1027.0155 790.1790 1113.2206 882.9439 1.4911 1.8052 3.9519 2.4473 5.4048 33.3666 -1.4876 0.9620
Car -1 -1 -1.6639 1046.1782 777.3015 1113.1715 842.8962 1.6645 1.8365 3.7175 3.7990 6.7983 48.5053 -1.5826 0.6266
Car -1 -1 -2.6125 86.4752 814.9879 249.5114 878.6006 1.5441 1.6993 3.8208 -22.7935 7.1385 43.0446 -3.0794 0.1659
Car -1 -1 0.1518 662.1775 759.4214 898.5706 869.6542 2.1231 2.0514 4.8608 -3.8809 5.1648 32.6853 0.0426 0.1053
