Pedestrian -1 -1 -1.8971 1615.1559 640.5576 1850.6129 1094.3289 1.7783 0.6479 0.7192 3.2049 1.8479 6.2699 -1.4956 0.8544
Pedestrian -1 -1 1.7933 268.4044 802.3120 297.3521 861.9406 1.7779 0.7140 0.5659 -21.3086 7.3923 46.9806 1.3852 0.3468
Pedestrian -1 -1 -0.9484 1168.0211 745.4207 1326.2023 926.7113 1.6998 0.7602 1.8385 3.1061 3.0749 16.1488 -0.7706 0.1076
Cyclist -1 -1 -1.0162 1165.4363 739.6105 1329.9791 930.5894 1.7773 0.8662 1.9386 3.1152 3.0928 16.1405 -0.8378 0.3778
Car -1 -1 -1.5002 845.8134 795.7297 957.3816 905.2142 1.5272 1.8728 4.0225 -1.0952 5.1070 29.2916 -1.5319 0.9629
Car -1 -1 -2.6202 0.0000 814.1174 166.2853 883.4053 1.6385 1.8166 4.1877 -24.5450 6.9845 41.3278 -3.1346 0.5677
Car -1 -1 -1.5312 873.1481 771.3426 950.5931 856.7108 1.9638 2.1166 4.8960 -1.4339 6.6424 45.3140 -1.5566 0.4862
Car -1 -1 0.4879 0.0000 812.4514 127.5504 885.5160 1.5983 1.7622 4.1281 -24.1458 6.5757 38.7098 -0.0473 0.4218
Car -1 -1 2.4983 1730.5381 765.8917 1936.0000 1112.2588 1.5596 1.8057 4.6912 7.1248 2.4368 8.3907 3.1371 0.3775
Car -1 -1 0.2596 428.8676 762.0865 717.5291 900.5733 2.2705 2.1728 4.8064 -7.1485 4.9377 27.9296 0.0242 0.3071
Car -1 -1 1.9763 400.9834 794.1719 577.4495 910.3503 1.8586 1.9572 4.9447 -10.5912 5.9971 33.9898 1.6908 0.1480
