Pedestrian -1 -1 -2.1993 1683.0925 620.6604 1936.0000 1167.0238 1.7836 0.6763 0.7378 3.1073 1.7698 5.3075 -1.7583 0.7084
Pedestrian -1 -1 -0.8724 1179.0330 741.3123 1341.1630 931.1862 1.7720 0.7900 1.6918 3.1759 3.0699 15.8310 -0.6875 0.2490
Pedestrian -1 -1 1.3375 1092.6958 773.8486 1128.1694 868.6237 1.9446 0.6319 0.6222 3.2021 5.1803 32.1356 1.4371 0.1802
Pedestrian -1 -1 0.0361 1455.4611 793.5660 1528.0148 943.0264 1.1906 0.6796 0.5928 4.7131 2.7364 13.2840 0.3507 0.1212
Cyclist -1 -1 -0.8724 1179.0330 741.3123 1341.1630 931.1862 1.7720 0.7900 1.6918 3.1759 3.0699 15.8310 -0.6875 0.4152
Cyclist -1 -1 1.5398 242.1667 819.5746 274.2418 905.5837 1.7476 0.6841 2.0616 -17.0923 6.6183 36.3386 1.1210 0.2105
Cyclist -1 -1 1.5068 1214.6890 793.4810 1245.6520 879.7577 1.7093 0.5900 1.0724 5.8206 5.4259 32.4037 1.6819 0.1431
Car -1 -1 -1.4754 804.9037 797.5174 927.6975 913.8808 1.5406 1.8912 4.2689 -1.7186 5.0713 28.4156 -1.5291 0.9798
Car -1 -1 -1.5848 847.3569 779.6793 920.4607 863.6511 1.8704 2.0341 4.3872 -2.2837 6.6423 43.8545 -1.6300 0.4061
Car -1 -1 1.6297 834.2338 798.6419 898.6177 862.1711 1.5487 1.8557 3.9573 -3.0830 7.5046 49.2814 1.5747 0.1488
Car -1 -1 1.8599 372.2881 796.6233 590.9520 948.5817 1.4237 1.7338 3.6623 -6.2794 3.9305 19.9946 1.5757 0.1232
