Pedestrian -1 -1 -1.8863 1574.7725 649.8968 1776.3696 1029.5469 1.7167 0.6654 0.6899 3.4033 1.8428 7.1770 -1.5031 0.6306
Pedestrian -1 -1 2.1466 506.0490 776.7284 538.9080 837.3230 1.6063 0.6490 0.6229 -12.3254 5.9119 42.0140 1.8750 0.1454
Pedestrian -1 -1 -0.3997 1339.8862 755.3343 1400.3685 863.5835 1.6144 0.7637 0.6788 6.4882 3.7236 23.7562 -0.1427 0.1108
Cyclist -1 -1 -1.2206 1166.6202 741.1512 1300.2155 927.5775 1.7488 0.8562 1.8861 3.0017 3.0997 16.3458 -1.0505 0.3769
Cyclist -1 -1 0.0633 919.1404 765.6393 998.2832 832.6204 1.8309 0.8643 2.2488 -0.0651 5.9737 43.5124 0.0668 0.1929
Cyclist -1 -1 1.9675 353.5533 768.3354 416.9474 841.8518 1.7935 0.7457 2.5064 -16.4221 6.0111 42.7030 1.6163 0.1536
Car -1 -1 -1.4983 881.8676 790.1301 990.3375 896.4913 1.5202 1.8617 4.1718 -0.4343 5.0895 30.1644 -1.5080 0.9524
Car -1 -1 1.9780 454.3279 798.8629 628.3631 914.8561 1.9151 2.0701 4.9596 -9.7291 6.3044 35.1233 1.7232 0.4778
Car -1 -1 0.4670 25.4140 808.6674 207.5451 875.6904 1.6316 1.7941 4.1579 -23.9868 6.9789 42.5644 -0.0256 0.2805
Car -1 -1 -1.5587 937.1515 780.4032 995.0691 847.3215 1.6049 1.7782 4.2759 0.1938 6.8251 48.0449 -1.5494 0.1986
Car -1 -1 0.4976 0.0000 811.8384 165.0327 881.9616 1.5963 1.7836 4.1568 -23.8182 6.7044 39.9325 -0.0185 0.1551
Car -1 -1 3.3126 479.9846 762.7318 761.3140 904.5842 2.3932 2.2057 4.9439 -6.4321 5.1509 28.7307 3.1063 0.1073
