Pedestrian -1 -1 1.3134 1551.2290 667.2281 1704.2645 1004.0741 1.7845 0.6444 0.5320 3.6827 2.0279 8.2979 1.6812 0.5155
Pedestrian -1 -1 1.7681 1811.3527 671.0530 1936.0000 991.8698 1.6672 0.6035 0.5635 5.1156 1.9360 8.2990 2.2621 0.1733
Pedestrian -1 -1 1.8444 76.0895 796.6411 110.3797 856.6652 1.6587 0.7097 0.6728 -25.5786 6.7674 44.0752 1.3385 0.1531
Pedestrian -1 -1 -0.5930 1169.6387 733.6638 1314.1721 906.3837 1.7461 0.7253 1.4054 3.0966 2.9921 16.5132 -0.4191 0.1420
Pedestrian -1 -1 0.9448 1620.9454 712.9962 1828.6753 969.5358 1.3469 0.7868 0.7148 4.3610 1.8776 8.5781 1.3637 0.1193
Cyclist -1 -1 1.8666 1182.9834 742.7411 1298.1534 921.0660 1.6933 0.7710 1.7988 3.0996 3.0679 16.4672 2.0411 0.4539
Cyclist -1 -1 -0.0022 940.9830 757.7067 1020.0483 821.0101 1.7966 0.8353 2.3413 0.5758 5.8054 44.7048 0.0153 0.2540
Cyclist -1 -1 1.1655 1280.8768 767.9060 1336.5289 846.3438 1.7514 0.7386 1.7295 8.7329 5.4398 37.6526 1.3905 0.1181
Car -1 -1 -1.5306 927.5722 785.4057 1024.4884 884.1456 1.4650 1.8247 4.0452 0.3696 5.0134 30.9899 -1.5151 0.9315
Car -1 -1 1.7003 954.4048 765.7611 1027.2578 830.5910 1.5528 1.7749 3.6693 0.9548 6.0921 46.2411 1.7254 0.5478
