Pedestrian -1 -1 -2.3483 1763.9169 638.5969 1936.0000 1216.0000 1.6433 0.6915 0.6468 2.9002 1.6874 4.4034 -1.8761 0.5620
Pedestrian -1 -1 1.9691 158.5753 790.9223 192.5650 853.9402 1.7742 0.6811 0.6640 -23.2820 6.7340 44.3215 1.5044 0.3072
Pedestrian -1 -1 2.5914 365.0899 789.5941 397.0720 859.0483 1.6793 0.6334 0.5163 -14.9164 5.9575 38.4478 2.2385 0.2154
Pedestrian -1 -1 -0.9773 1192.0170 731.1279 1367.6188 930.5886 1.8000 0.8508 1.9572 3.3332 2.9745 15.5421 -0.7804 0.1293
Cyclist -1 -1 -0.9773 1192.0170 731.1279 1367.6188 930.5886 1.8000 0.8508 1.9572 3.3332 2.9745 15.5421 -0.7804 0.4659
Cyclist -1 -1 -1.9762 1287.6747 725.2246 1362.0437 824.5562 1.8235 0.8138 1.8022 7.3574 3.9235 30.3452 -1.7435 0.1245
Car -1 -1 -1.4739 764.0670 790.9867 893.4838 911.3309 1.5512 1.9143 4.3405 -2.3439 4.8492 27.5060 -1.5511 0.9690
Car -1 -1 -1.4933 808.8450 771.5415 895.7577 860.2040 1.9536 2.0993 4.6251 -3.0647 6.3959 42.9748 -1.5570 0.8205
Car -1 -1 2.2286 0.0000 852.2522 94.5723 1005.4390 1.3967 1.7278 3.9020 -14.6830 4.9990 21.6700 1.6665 0.1851
Car -1 -1 -1.4877 835.4423 793.0451 900.2564 853.8054 1.4199 1.7221 3.9106 -2.9494 7.0263 47.8820 -1.5420 0.1678
Car -1 -1 2.1098 276.6806 780.6964 511.9203 915.2127 2.0182 2.1211 5.4607 -11.9425 5.6539 32.0111 1.7714 0.1281
