Pedestrian -1 -1 -0.7182 447.8488 828.8704 482.3369 898.7204 1.6464 0.6224 0.5631 -12.6080 6.8847 38.0027 -1.0216 0.1337
Cyclist -1 -1 2.3192 1243.2755 735.0618 1450.4652 941.8852 1.7940 0.8288 2.0618 3.8481 2.9564 14.8636 2.5547 0.3574
Cyclist -1 -1 1.6060 494.2873 804.4598 528.3885 880.5016 1.7031 0.7612 1.7607 -11.6949 6.4883 38.9068 1.3293 0.1975
Cyclist -1 -1 -1.8348 1269.0026 714.4033 1347.2255 820.3632 1.8783 0.9835 2.0465 6.7726 3.6952 29.3144 -1.6129 0.1273
Car -1 -1 -1.4473 718.5848 780.7269 857.0820 905.7264 1.5536 1.8364 4.1123 -2.9018 4.4617 25.8336 -1.5504 0.9828
Car -1 -1 -1.4889 770.2329 760.2945 861.7225 853.6855 2.0281 2.1134 4.6186 -3.9614 5.9953 41.5024 -1.5760 0.7399
Car -1 -1 -1.2968 788.1696 791.6990 874.1602 851.0984 1.3490 1.7300 3.7323 -4.0578 6.8355 47.1897 -1.3746 0.3705
Car -1 -1 2.2082 0.0000 811.6765 29.7894 967.5475 1.4553 1.7908 4.1091 -15.3519 4.3466 21.0597 1.6117 0.3304
Car -1 -1 -1.3572 744.6718 792.6957 866.0755 883.5788 1.4010 1.8088 4.0476 -3.3621 5.3405 32.9916 -1.4503 0.2618
Car -1 -1 2.0427 0.0000 769.5998 196.6887 886.8959 1.5327 1.7969 4.2244 -15.7090 4.3482 26.9584 1.5397 0.1218
