Pedestrian -1 -1 2.2549 99.0423 729.6700 154.1729 827.3210 1.8679 0.6624 0.7066 -16.6826 3.9915 29.8995 1.7674 0.1520
Cyclist -1 -1 -0.5158 339.9872 718.6054 431.7655 801.3757 1.7320 0.7729 1.8214 -13.2129 3.9453 34.3762 -0.8672 0.2553
Cyclist -1 -1 1.7340 1319.0018 727.4755 1441.8177 943.7488 1.7991 0.8709 2.0058 4.1141 2.8735 14.5706 1.9894 0.1937
Cyclist -1 -1 -0.9308 379.8531 718.9363 463.2108 799.4295 1.8593 0.8471 2.2096 -13.8640 4.3536 38.4846 -1.2622 0.1723
Cyclist -1 -1 -1.8235 1273.1385 716.4400 1347.2817 820.3946 1.8337 0.9508 1.8826 6.7473 3.6683 29.0160 -1.6004 0.1510
Car -1 -1 -1.4665 712.5847 770.6918 852.5245 899.5465 1.5908 1.8816 4.3862 -2.9596 4.3029 25.6243 -1.5727 0.9830
Car -1 -1 -1.5366 767.6057 759.9134 850.6205 854.3763 2.0032 2.0603 4.7185 -4.1076 5.9255 41.0292 -1.6282 0.8893
Car -1 -1 -1.4866 751.8667 784.1569 849.8986 872.1553 1.4303 1.8134 3.8683 -3.5070 5.1831 33.2938 -1.5832 0.2625
Car -1 -1 2.0805 0.0000 780.7126 180.2779 900.6375 1.4793 1.7213 4.3513 -15.7187 4.4452 26.2869 1.5672 0.2413
Car -1 -1 1.9427 393.1750 766.0242 530.8113 852.8088 1.6568 1.8128 4.3106 -12.5750 5.4472 37.9533 1.6379 0.1177
