Pedestrian -1 -1 3.1919 266.9885 722.8625 653.7659 1071.6505 1.6725 0.8111 1.9048 -2.6558 2.2453 8.1297 2.9093 0.1570
Pedestrian -1 -1 1.0322 1466.9073 688.6062 1936.0000 1216.0000 1.6623 0.7240 1.6755 2.2712 1.8910 4.4836 1.4037 0.1335
Cyclist -1 -1 3.1919 266.9885 722.8625 653.7659 1071.6505 1.6725 0.8111 1.9048 -2.6558 2.2453 8.1297 2.9093 0.5044
Cyclist -1 -1 1.1409 1473.2190 710.6208 1936.0000 1216.0000 1.6507 0.7333 1.7983 2.2726 1.9633 4.5334 1.5094 0.3381
Cyclist -1 -1 2.9027 693.8613 794.3342 924.3128 964.9130 1.7210 0.9567 2.5603 -1.8024 3.8232 17.6845 2.8097 0.1684
Cyclist -1 -1 -2.3399 1837.8368 682.1487 1936.0000 1216.0000 1.7505 0.7639 1.8425 3.4523 1.9454 4.1131 -1.7694 0.1373
Cyclist -1 -1 0.4224 0.0000 486.1147 195.4955 1216.0000 1.8037 0.7819 1.9635 -2.9229 1.5393 3.3953 -0.1637 0.1258
Car -1 -1 -2.7180 143.7666 753.9859 606.1158 911.0607 1.5547 1.9263 4.7736 -6.8757 3.1940 17.8407 -3.0622 0.7736
Car -1 -1 2.6542 1356.6929 806.5698 1813.2247 971.4879 1.5832 1.8759 4.8459 7.5136 3.9484 18.2527 3.0237 0.6015
Car -1 -1 -3.1652 874.1865 851.4152 1219.7045 994.6757 1.3778 1.7105 4.0007 1.0122 4.2721 18.1929 -3.1113 0.1383
