Pedestrian -1 -1 -2.1344 1536.8345 684.9406 1936.0000 1216.0000 1.7052 0.7241 1.3984 2.4516 1.9164 4.5119 -1.7371 0.2269
Pedestrian -1 -1 0.0449 283.7578 733.5566 635.6143 1062.6056 1.5707 0.8037 1.7321 -2.6660 2.2045 8.1273 -0.2390 0.1877
Pedestrian -1 -1 1.1236 0.0000 755.3459 24.7571 918.3497 1.4522 0.5403 0.7345 -9.5096 2.7484 14.4331 0.5787 0.1833
Pedestrian -1 -1 2.0060 0.0000 741.1643 168.9804 1055.2157 1.4892 0.5844 0.8864 -4.6909 2.1378 7.8856 1.5246 0.1533
Cyclist -1 -1 0.0449 283.7578 733.5566 635.6143 1062.6056 1.5707 0.8037 1.7321 -2.6660 2.2045 8.1273 -0.2390 0.3706
Cyclist -1 -1 0.1861 1512.8972 651.1776 1936.0000 1216.0000 1.8643 0.8421 1.8312 2.6773 1.9567 4.3830 0.6254 0.2555
Cyclist -1 -1 2.9476 694.8853 789.1541 921.6487 957.4428 1.7275 0.8907 2.5460 -1.8137 3.7558 17.6782 2.8540 0.1588
Cyclist -1 -1 -0.2240 1810.1525 792.8163 1936.0000 1153.2994 1.7675 0.8679 2.2227 6.3616 2.8470 8.8361 0.3387 0.1188
Car -1 -1 -2.7279 141.1051 752.0627 608.9370 909.6499 1.5641 1.9209 4.8226 -6.8491 3.1724 17.7866 -3.0719 0.8564
Car -1 -1 2.6423 1363.2791 808.7634 1806.1434 973.3038 1.5699 1.8524 4.6820 7.5044 3.9602 18.2197 3.0118 0.6111
Car -1 -1 -3.1619 873.2250 851.4601 1213.6029 992.4161 1.3612 1.6585 3.9484 0.9731 4.2532 18.1978 -3.1100 0.2214
