Pedestrian -1 -1 -2.0386 1486.6962 698.6015 1921.8086 1216.0000 1.6465 0.6778 1.0703 2.1245 1.8925 4.4203 -1.6865 0.5017
Pedestrian -1 -1 0.0114 265.0432 736.2247 618.1242 1077.1547 1.6062 0.8291 1.7200 -2.7639 2.2567 8.1002 -0.2827 0.2191
Pedestrian -1 -1 1.5833 0.0000 805.4038 40.4880 979.2126 1.5313 0.5348 0.6067 -9.1886 3.3163 14.3931 1.0546 0.1096
Cyclist -1 -1 0.0114 265.0432 736.2247 618.1242 1077.1547 1.6062 0.8291 1.7200 -2.7639 2.2567 8.1002 -0.2827 0.3491
Cyclist -1 -1 -2.0386 1486.6962 698.6015 1921.8086 1216.0000 1.6465 0.6778 1.0703 2.1245 1.8925 4.4203 -1.6865 0.2075
Cyclist -1 -1 0.1367 731.6441 792.5784 940.8285 946.4531 1.6741 0.7799 2.3854 -1.4613 3.7153 17.7417 0.0617 0.1674
Cyclist -1 -1 0.4139 0.0000 483.1206 187.0571 1216.0000 1.7999 0.7747 1.9342 -2.9289 1.5297 3.3980 -0.1730 0.1328
Car -1 -1 -2.7832 175.3029 751.9708 644.0527 907.6052 1.5793 1.9345 4.9092 -6.4792 3.1931 17.9414 -3.1074 0.4985
Car -1 -1 -3.1137 869.7639 848.3590 1198.4584 991.9238 1.3559 1.6922 3.8085 0.8928 4.2208 18.1856 -3.0660 0.2375
Car -1 -1 2.6345 1375.1458 815.9476 1797.6000 980.7480 1.5661 1.8219 4.4347 7.5260 4.0461 18.2079 3.0051 0.2266
