Pedestrian -1 -1 -1.8366 1483.4625 707.2346 1829.1200 1216.0000 1.6554 0.6532 0.8694 1.9933 1.9228 4.4023 -1.5046 0.3593
Pedestrian -1 -1 -0.0451 247.7646 724.9388 647.6242 1082.2261 1.6590 0.8659 1.9405 -2.7354 2.2484 8.0818 -0.3370 0.1393
Cyclist -1 -1 -0.0451 247.7646 724.9388 647.6242 1082.2261 1.6590 0.8659 1.9405 -2.7354 2.2484 8.0818 -0.3370 0.3150
Cyclist -1 -1 -2.0381 1453.9020 705.1827 1932.1514 1216.0000 1.6619 0.7133 1.2344 2.0761 1.9349 4.4287 -1.6943 0.1929
Cyclist -1 -1 2.9701 702.5541 791.5652 915.5475 957.1861 1.7105 0.9007 2.3930 -1.8101 3.7662 17.6975 2.8767 0.1594
Cyclist -1 -1 -0.4150 1755.7638 832.4727 1936.0000 1160.3262 1.7399 0.8123 2.0200 6.0733 3.0766 9.1115 0.1141 0.1326
Cyclist -1 -1 0.5497 0.0000 495.3410 206.0014 1216.0000 1.8210 0.7806 2.0673 -2.9453 1.5650 3.3864 -0.0403 0.1242
Car -1 -1 -2.7752 165.1716 758.2319 623.8313 913.9666 1.5674 1.9095 4.7526 -6.6337 3.2518 17.8572 -3.1078 0.7629
Car -1 -1 2.6143 1355.7437 817.0947 1780.5757 986.6863 1.5915 1.8024 4.5023 7.2942 4.0869 18.1548 2.9753 0.5595
Car -1 -1 -3.1381 877.2531 848.2251 1210.0255 994.7746 1.3917 1.7286 3.8368 0.9877 4.2444 18.1313 -3.0853 0.2989
