Pedestrian -1 -1 0.0384 256.0239 728.7178 634.7828 1069.3325 1.6061 0.8385 1.8421 -2.7212 2.2109 8.0753 -0.2525 0.1849
Pedestrian -1 -1 3.6196 0.0000 706.6569 217.2144 1050.0647 1.7172 0.7712 1.2846 -4.8414 2.1790 8.0552 3.1333 0.1377
Cyclist -1 -1 1.3380 1222.0179 702.7843 1653.5062 1216.0000 1.6300 0.6894 1.7909 1.2970 1.9100 4.4730 1.5512 0.4097
Cyclist -1 -1 0.0384 256.0239 728.7178 634.7828 1069.3325 1.6061 0.8385 1.8421 -2.7212 2.2109 8.0753 -0.2525 0.3189
Cyclist -1 -1 3.0341 705.4805 798.5122 912.1148 958.2045 1.6617 0.8787 2.3538 -1.8155 3.7909 17.6745 2.9403 0.1291
Cyclist -1 -1 0.4643 0.0000 497.1944 190.1587 1216.0000 1.8153 0.7712 2.0093 -2.9582 1.5694 3.3894 -0.1273 0.1179
Cyclist -1 -1 2.1153 0.0000 699.1941 223.1468 1077.8204 1.7610 0.7722 1.4355 -4.7163 2.1948 7.9883 1.6367 0.1113
Car -1 -1 -2.7806 159.9028 767.3105 624.9274 919.7446 1.5215 1.9085 4.8261 -6.6536 3.3190 17.8544 -3.1140 0.8252
Car -1 -1 -3.0464 866.7185 846.9217 1193.3282 998.7618 1.3908 1.7049 3.7745 0.8836 4.2378 18.0637 -2.9988 0.5225
Car -1 -1 2.6678 1387.5059 833.9504 1790.0486 993.2789 1.5130 1.7160 4.1724 7.4950 4.1878 18.0675 3.0392 0.4888
Car -1 -1 2.5935 1223.8951 846.6266 1936.0000 1216.0000 1.5518 1.7806 4.0950 2.8476 2.2244 3.5989 3.1183 0.1717
