Pedestrian -1 -1 3.0926 268.9375 727.5140 669.5701 1071.4260 1.5969 0.8674 1.9585 -2.6299 2.2031 8.1058 2.8117 0.1904
Pedestrian -1 -1 -2.0334 1499.1594 694.3940 1936.0000 1216.0000 1.6726 0.7091 1.5021 2.2202 1.9082 4.2909 -1.6584 0.1142
Pedestrian -1 -1 1.2065 0.0000 756.0495 21.8762 924.9464 1.5090 0.5355 0.6836 -9.5035 2.8121 14.4369 0.6623 0.1073
Cyclist -1 -1 1.0832 1456.7021 689.3868 1936.0000 1216.0000 1.6785 0.7273 1.7315 2.2107 1.9093 4.4477 1.4474 0.3782
Cyclist -1 -1 3.0926 268.9375 727.5140 669.5701 1071.4260 1.5969 0.8674 1.9585 -2.6299 2.2031 8.1058 2.8117 0.3551
Cyclist -1 -1 3.0754 728.4136 785.5757 929.6331 945.7736 1.7209 0.7877 2.3311 -1.5817 3.6885 17.7512 2.9941 0.2373
Cyclist -1 -1 -0.2515 1825.1759 797.5374 1936.0000 1151.1216 1.7539 0.8432 2.0481 6.3603 2.8559 8.8311 0.3113 0.1128
Car -1 -1 -2.7492 143.4674 752.1307 619.3598 899.6832 1.4789 1.8938 4.9766 -6.8170 3.0946 17.9163 -3.0897 0.7744
Car -1 -1 -3.1784 885.0762 850.3425 1220.7888 992.7248 1.3803 1.6885 3.8875 1.0753 4.2541 18.1796 -3.1212 0.1984
Car -1 -1 2.5757 1359.8265 814.8515 1787.5654 982.2318 1.5449 1.8407 4.5799 7.4092 4.0354 18.2476 2.9405 0.1862
