Pedestrian -1 -1 -1.5003 1011.8634 657.2830 1289.0281 1216.0000 1.7248 0.7286 1.2893 0.5985 1.8394 4.5964 -1.4103 0.4526
Pedestrian -1 -1 -3.2899 1299.1067 860.8902 1464.8282 1070.6184 1.1207 0.7808 0.8732 2.6160 2.6691 9.3837 -3.0508 0.2558
Pedestrian -1 -1 1.5748 296.7244 725.8403 345.5795 860.0735 1.7692 0.6054 0.6054 -8.8515 3.1926 20.6942 1.1933 0.1608
Pedestrian -1 -1 0.0534 271.7089 733.8784 617.1606 1067.3298 1.5741 0.8406 1.6786 -2.7213 2.2058 8.0621 -0.2379 0.1507
Cyclist -1 -1 -1.7221 1011.4340 656.1161 1351.6581 1216.0000 1.7274 0.7648 1.3921 0.6008 1.8384 4.5973 -1.6317 0.2850
Cyclist -1 -1 0.0534 271.7089 733.8784 617.1606 1067.3298 1.5741 0.8406 1.6786 -2.7213 2.2058 8.0621 -0.2379 0.2100
Cyclist -1 -1 3.1416 704.3327 802.5848 913.1317 959.8338 1.6683 0.8872 2.3925 -1.7901 3.8329 17.6655 3.0492 0.1220
Car -1 -1 0.2492 187.4997 761.9897 613.5072 914.4437 1.5099 1.8592 4.4320 -6.5531 3.2513 17.8944 -0.0791 0.5093
Car -1 -1 2.6830 1371.2244 811.9185 1795.8766 968.5991 1.5183 1.7631 4.4470 7.4531 3.9221 18.1429 3.0516 0.4426
Car -1 -1 0.0153 748.8857 842.3875 1070.3026 988.8252 1.4107 1.7783 3.6841 -0.6021 4.1668 18.0368 -0.0138 0.2902
