Pedestrian -1 -1 -0.9351 785.8721 681.3103 1160.4525 1216.0000 1.6333 0.7080 1.0250 0.0628 1.8335 4.6865 -0.9380 0.4269
Pedestrian -1 -1 1.5731 262.9142 724.7339 312.4664 861.2254 1.8047 0.6110 0.5567 -9.3158 3.2114 20.6964 1.1737 0.1286
Pedestrian -1 -1 0.1682 267.2835 735.8384 605.1693 1068.4572 1.6120 0.8051 1.5904 -2.7812 2.2488 8.0826 -0.1282 0.1180
Pedestrian -1 -1 -0.3235 1299.2117 885.6440 1492.8470 1086.9465 1.0429 0.7099 0.9483 2.6395 2.7064 9.1500 -0.0773 0.1170
Cyclist -1 -1 -1.8122 844.9909 673.3604 1199.8805 1216.0000 1.6779 0.7521 1.4028 0.1201 1.8539 4.6614 -1.8053 0.3293
Cyclist -1 -1 3.1444 715.3026 791.6231 941.5065 954.5351 1.7522 0.8894 2.6066 -1.5638 3.7910 17.7427 3.0641 0.2302
Cyclist -1 -1 -2.0829 1004.5140 819.9282 1148.3469 987.8806 1.6061 0.8215 2.0353 1.3457 4.0887 17.9409 -2.0112 0.2018
Cyclist -1 -1 0.1682 267.2835 735.8384 605.1693 1068.4572 1.6120 0.8051 1.5904 -2.7812 2.2488 8.0826 -0.1282 0.1630
Car -1 -1 -2.8162 191.3323 766.2587 647.9251 919.5991 1.5504 1.9108 4.7681 -6.3356 3.3333 17.8877 -3.1342 0.5394
Car -1 -1 -0.5073 1381.0913 814.1370 1795.8947 971.5930 1.4941 1.7628 4.3536 7.5373 3.9402 18.1629 -0.1353 0.5333
