Pedestrian -1 -1 -1.9122 877.1063 680.1021 1235.7266 1216.0000 1.6746 0.7428 1.1710 0.2450 1.8724 4.6855 -1.8838 0.4094
Pedestrian -1 -1 1.9064 266.4261 719.2100 328.6529 855.3683 1.8178 0.6142 0.6075 -9.1947 3.1455 20.7318 1.5120 0.1428
Pedestrian -1 -1 0.0769 280.0574 732.7172 612.2117 1064.2267 1.5844 0.8068 1.6131 -2.7206 2.2077 8.0803 -0.2138 0.1176
Pedestrian -1 -1 0.9011 0.0000 728.7236 156.2596 1066.5031 1.6002 0.8021 1.2015 -5.1198 2.2011 8.0538 0.3918 0.1094
Cyclist -1 -1 -1.5752 900.4556 664.1017 1185.9937 1216.0000 1.6946 0.7397 1.3146 0.2256 1.8309 4.5348 -1.5498 0.2948
Cyclist -1 -1 3.0140 717.2496 786.6134 947.2592 954.8945 1.7614 0.9249 2.6299 -1.5467 3.7607 17.7653 2.9347 0.2447
Cyclist -1 -1 0.0769 280.0574 732.7172 612.2117 1064.2267 1.5844 0.8068 1.6131 -2.7206 2.2077 8.0803 -0.2138 0.1563
Cyclist -1 -1 -1.5482 1038.4733 836.1676 1100.3396 994.6485 1.4876 0.6951 2.0276 1.3113 4.1573 17.8560 -1.4780 0.1478
Car -1 -1 0.2673 173.3035 762.8409 616.6905 916.7346 1.5279 1.8852 4.6085 -6.6110 3.2780 17.8847 -0.0637 0.6647
Car -1 -1 2.6875 1363.0157 811.9975 1779.0812 967.2044 1.5008 1.7694 4.3498 7.3056 3.9068 18.1490 3.0494 0.5259
