Pedestrian -1 -1 -1.6440 1068.3998 685.1929 1335.8585 1216.0000 1.6219 0.6916 1.0503 0.6985 1.8304 4.6349 -1.5374 0.3896
Pedestrian -1 -1 -3.2876 1293.8663 857.8764 1463.2859 1068.2513 1.1244 0.7842 0.8969 2.5928 2.6527 9.3791 -3.0505 0.1831
Pedestrian -1 -1 1.5629 299.0302 722.6390 348.1156 862.7052 1.8471 0.6146 0.5813 -8.7967 3.2215 20.6439 1.1828 0.1236
Pedestrian -1 -1 3.1583 277.9212 741.0109 620.4298 1069.9963 1.5372 0.8579 1.6629 -2.7139 2.2137 8.0753 2.8681 0.1186
Cyclist -1 -1 -1.7674 1056.7402 665.2052 1417.3948 1216.0000 1.7170 0.7514 1.4263 0.7677 1.8611 4.6083 -1.6485 0.2601
Cyclist -1 -1 2.9591 709.3750 794.4636 909.4147 957.8340 1.6878 0.8921 2.2353 -1.8065 3.7785 17.7054 2.8660 0.1863
Cyclist -1 -1 3.1583 277.9212 741.0109 620.4298 1069.9963 1.5372 0.8579 1.6629 -2.7139 2.2137 8.0753 2.8681 0.1429
Car -1 -1 -2.8036 168.3840 769.7908 628.2644 922.5078 1.5403 1.9094 4.7870 -6.5967 3.3696 17.9061 -3.1334 0.6474
Car -1 -1 2.6673 1373.1952 812.5988 1793.8871 970.9062 1.5304 1.7628 4.4220 7.4809 3.9535 18.1961 3.0362 0.3887
Car -1 -1 -3.0958 749.2947 842.3478 1072.5658 988.0054 1.3970 1.8112 3.7179 -0.5653 4.1642 18.0906 -3.1229 0.2124
