Pedestrian -1 -1 0.0120 282.8929 738.4384 614.4246 1064.9188 1.5340 0.8314 1.6130 -2.7228 2.1948 8.0808 -0.2789 0.1923
Pedestrian -1 -1 -1.6595 1125.3448 659.6850 1466.5411 1216.0000 1.7382 0.7748 1.4654 0.9192 1.8603 4.4919 -1.5119 0.1494
Pedestrian -1 -1 3.5907 0.0000 711.0393 213.1221 1045.9094 1.6680 0.7601 1.2294 -4.8331 2.1554 8.0583 3.1051 0.1194
Pedestrian -1 -1 -3.2225 1289.1306 846.6799 1460.6472 1058.7878 1.1258 0.8018 0.9514 2.5695 2.5875 9.3874 -2.9876 0.1061
Pedestrian -1 -1 2.2830 1793.1106 829.1497 1865.9354 969.3301 1.7081 0.5992 0.5788 11.4432 4.4533 19.7172 2.7843 0.1053
Cyclist -1 -1 -3.1967 972.0249 644.4928 1609.6675 1216.0000 1.8064 0.8287 1.6678 0.8973 1.8703 4.3864 -3.0503 0.2386
Cyclist -1 -1 0.0120 282.8929 738.4384 614.4246 1064.9188 1.5340 0.8314 1.6130 -2.7228 2.1948 8.0808 -0.2789 0.1969
Cyclist -1 -1 3.0190 709.2858 791.0256 908.3654 953.9954 1.7022 0.9049 2.2551 -1.8175 3.7444 17.6989 2.9252 0.1431
Cyclist -1 -1 3.6146 0.0000 556.8395 247.9948 1216.0000 1.7278 0.7593 2.0370 -2.9493 1.5827 3.6587 3.0509 0.1226
Car -1 -1 -2.7666 166.0179 765.1055 623.5684 922.1518 1.5689 1.9167 4.7471 -6.6453 3.3454 17.8889 -3.0990 0.7699
Car -1 -1 2.6755 1372.2622 812.3275 1794.3909 968.6840 1.5123 1.7670 4.4294 7.4698 3.9284 18.1832 3.0442 0.3750
Car -1 -1 0.0075 756.2537 837.4908 1084.5176 984.3816 1.4105 1.8149 3.7520 -0.4782 4.1032 18.0055 -0.0153 0.1939
