Pedestrian -1 -1 -1.6076 821.6611 672.7733 1086.9924 1216.0000 1.6563 0.7181 1.2955 -0.0557 1.8278 4.6879 -1.6308 0.2503
Pedestrian -1 -1 1.6855 248.1669 723.5711 302.6058 859.7467 1.7992 0.6051 0.6191 -9.4861 3.1903 20.6982 1.2795 0.1820
Pedestrian -1 -1 0.0788 258.4780 725.9462 623.9233 1074.4752 1.6620 0.8301 1.7749 -2.7335 2.2473 8.0689 -0.2133 0.1266
Pedestrian -1 -1 2.4325 0.0000 766.5069 68.6310 886.4137 1.2927 0.5546 0.6067 -10.8597 2.9754 17.3925 1.9065 0.1146
Pedestrian -1 -1 -3.2520 1290.4673 851.1760 1471.9014 1069.6122 1.1630 0.8032 0.9894 2.6057 2.6521 9.3797 -3.0137 0.1122
Cyclist -1 -1 -1.6223 825.8812 651.9951 1114.3872 1216.0000 1.7068 0.7543 1.5009 -0.0269 1.8051 4.6472 -1.6409 0.2662
Cyclist -1 -1 0.0788 258.4780 725.9462 623.9233 1074.4752 1.6620 0.8301 1.7749 -2.7335 2.2473 8.0689 -0.2133 0.2527
Cyclist -1 -1 3.0381 722.3116 783.6541 935.9592 947.6647 1.7311 0.8990 2.4495 -1.5832 3.6855 17.7429 2.9566 0.1561
Car -1 -1 0.2599 158.6460 761.7576 618.8273 919.2835 1.5505 1.9422 4.7737 -6.6590 3.2892 17.8533 -0.0738 0.7287
Car -1 -1 2.6939 1377.7928 815.5372 1796.2524 972.1215 1.5254 1.7588 4.3662 7.4997 3.9738 18.1602 3.0642 0.3223
Car -1 -1 -3.1195 845.1328 850.8683 1187.0355 999.8904 1.4079 1.7188 3.9294 0.6674 4.2827 18.0522 -3.0830 0.2042
