Pedestrian -1 -1 -0.6675 659.4103 712.1700 1013.7803 1216.0000 1.5686 0.7076 0.9097 -0.4010 1.8866 4.8805 -0.7467 0.2484
Pedestrian -1 -1 2.3890 217.8828 722.7077 284.8795 859.7867 1.8091 0.5943 0.5913 -9.8124 3.1870 20.6784 1.9703 0.1192
Pedestrian -1 -1 -3.1440 1298.5590 856.6470 1462.1050 1081.0588 1.1792 0.7821 0.9466 2.6024 2.7062 9.3628 -2.9058 0.1011
Cyclist -1 -1 0.0791 230.7178 720.7548 648.3671 1076.3539 1.6837 0.8614 2.0292 -2.7254 2.2409 8.0582 -0.2125 0.2069
Cyclist -1 -1 -2.8602 587.5082 672.5254 1091.5878 1216.0000 1.7087 0.7948 1.3886 -0.3364 1.8734 4.6381 -2.9318 0.1866
Cyclist -1 -1 0.3278 702.1539 783.9754 906.1880 948.9528 1.7411 0.8060 2.2614 -1.8497 3.6926 17.6930 0.2322 0.1055
Cyclist -1 -1 -2.6070 0.0000 631.4533 387.8353 1216.0000 1.6114 0.6679 1.5968 -2.3313 1.6292 3.6646 -3.0729 0.1011
Car -1 -1 3.3733 151.9905 763.8326 625.6150 923.2515 1.5526 1.9289 4.9576 -6.6542 3.3264 17.8832 3.0404 0.5727
Car -1 -1 2.6871 1351.1266 814.7255 1768.3308 970.4420 1.4936 1.7710 4.3675 7.1565 3.9323 18.1151 3.0427 0.2382
Car -1 -1 -3.0956 863.6546 851.7069 1199.0433 1002.5639 1.4143 1.7020 3.8768 0.8688 4.3204 18.1346 -3.0488 0.1745
