Pedestrian -1 -1 1.6728 752.0672 754.1873 775.0137 808.9396 1.5630 0.6137 0.5977 -5.8731 5.4311 44.4364 1.5500 0.2510
Pedestrian -1 -1 -1.5478 711.8752 747.4925 733.1327 802.3213 1.5683 0.6066 0.5025 -7.0785 5.2273 44.3472 -1.6969 0.2480
Pedestrian -1 -1 1.1089 1192.5842 713.9477 1244.3303 822.5202 1.6340 0.6262 0.5318 4.0250 3.0493 23.4206 1.2736 0.2280
Cyclist -1 -1 1.8480 11.8858 648.5969 413.6944 1204.8796 1.6998 0.7248 1.9648 -2.7024 1.8058 5.6721 1.4620 0.3639
Cyclist -1 -1 1.7005 760.8948 742.9369 812.0776 840.0259 1.7169 0.7394 2.1020 -3.4978 4.1747 30.0794 1.5930 0.3280
Cyclist -1 -1 3.1444 122.5345 709.1976 283.1835 853.0656 1.7396 0.7569 1.8538 -9.9483 2.8907 19.6831 2.7019 0.2058
Cyclist -1 -1 -0.8872 0.0000 730.8198 46.2059 821.7881 1.8113 0.7329 1.8371 -21.1876 4.2146 32.9708 -1.4367 0.1309
Cyclist -1 -1 1.6214 752.6430 747.9366 775.9335 807.1654 1.6531 0.6259 1.0981 -5.8806 5.3759 44.6780 1.4991 0.1104
Cyclist -1 -1 -1.4547 245.1241 744.8300 314.4529 869.3038 1.6986 0.7423 1.7378 -10.5297 3.6308 23.1545 -1.8589 0.1041
Car -1 -1 0.5544 0.0000 796.0163 141.5433 918.1461 1.6344 1.7677 4.1278 -15.3706 4.4129 23.3933 0.0025 0.3427
Car -1 -1 0.6437 0.0000 787.4623 115.0695 937.3715 1.7929 1.9787 4.2833 -14.8423 4.2536 21.4962 0.0712 0.1548
Car -1 -1 3.5839 20.0011 790.7276 290.2997 892.4915 1.6295 1.8303 4.0784 -15.0416 4.8490 28.0664 3.1158 0.1499
