Pedestrian -1 -1 -1.4779 763.2869 755.1839 785.5382 813.3751 1.6771 0.6050 0.5764 -5.5852 5.5986 44.7164 -1.5937 0.3444
Pedestrian -1 -1 1.7817 709.8505 749.5783 735.0447 808.6805 1.6928 0.6182 0.6335 -7.1174 5.4378 44.5834 1.6327 0.1968
Pedestrian -1 -1 -1.3737 740.6552 749.5540 768.8544 811.1283 1.7584 0.6828 0.8357 -6.2010 5.5404 44.9302 -1.5021 0.1176
Cyclist -1 -1 1.8733 140.8446 656.8419 484.6682 1141.6622 1.7522 0.7364 1.9223 -2.7108 1.9121 6.5101 1.5260 0.3943
Cyclist -1 -1 1.6984 762.0468 748.7785 811.1910 842.2147 1.6940 0.7415 1.9781 -3.5752 4.3239 30.7508 1.5910 0.3920
Cyclist -1 -1 1.8043 0.0000 742.4684 37.5075 829.9058 1.7190 0.7190 1.9495 -21.2096 4.4131 33.2298 1.2579 0.2549
Cyclist -1 -1 2.2808 157.1103 710.6468 261.5481 803.6151 1.8758 0.7784 2.2737 -16.8519 3.8703 33.5844 1.8341 0.1394
Car -1 -1 -2.2528 124.0485 749.5413 369.3133 865.9379 1.4881 1.6995 3.6174 -11.4988 3.6240 24.0552 -2.6761 0.6024
Car -1 -1 3.6262 0.0000 725.4379 85.9047 904.2131 1.5243 1.7602 4.2260 -11.5356 2.6214 15.1764 3.0142 0.1213
Car -1 -1 0.5810 0.0000 765.9545 78.7295 850.0513 1.6371 1.7544 4.3067 -22.1736 4.8406 33.0563 0.0133 0.1135
Car -1 -1 0.5543 0.0000 786.3278 149.1763 920.7484 1.8264 1.9058 4.2968 -15.4720 4.4758 23.5836 0.0031 0.1049
