Pedestrian -1 -1 0.0034 44.5595 748.4026 91.6451 834.2896 1.8001 0.6877 0.8845 -19.9081 4.5968 33.3466 -0.5134 0.2947
Pedestrian -1 -1 -1.5913 0.0000 795.4290 23.8664 868.1671 1.6890 0.5976 0.5803 -23.5654 5.9578 37.0293 -2.1355 0.1039
Cyclist -1 -1 -0.3211 27.4017 748.2571 121.6836 838.1448 1.8224 0.7405 1.6770 -19.8977 4.6639 33.5773 -0.8347 0.4247
Cyclist -1 -1 1.6957 755.3950 769.1181 813.3241 882.3982 1.7311 0.7599 1.9262 -3.0916 4.3600 26.2902 1.5875 0.4051
Cyclist -1 -1 1.5357 800.6132 779.1457 827.7007 849.4011 1.6993 0.7097 2.5250 -4.2572 6.2853 43.1644 1.4456 0.2239
Cyclist -1 -1 0.8545 140.8534 734.7824 254.2362 831.4586 1.8733 0.8702 2.3032 -16.2239 4.2699 31.7646 0.4024 0.1825
Cyclist -1 -1 -1.0653 213.4286 729.3961 349.2538 872.4814 1.8091 0.7299 2.3256 -9.8821 3.4192 21.8468 -1.4670 0.1819
Car -1 -1 3.6173 0.0000 743.1959 115.6208 937.9399 1.7020 1.8470 4.2785 -11.5385 3.0346 15.6716 3.0207 0.3561
Car -1 -1 1.6352 763.0274 779.4582 832.6293 845.8231 1.4903 1.7935 3.9724 -4.8702 6.3486 44.9908 1.5357 0.2724
Car -1 -1 3.6478 0.0000 797.8752 216.7872 911.6487 1.5999 1.7530 3.9764 -14.6743 4.5484 24.6055 3.1374 0.2545
Car -1 -1 0.5595 0.0000 763.0178 108.3662 848.6664 1.7135 1.8656 4.9156 -22.3031 4.9274 33.8634 -0.0002 0.1290
Car -1 -1 -2.5502 0.0000 795.1301 79.8250 880.2167 1.7799 1.9133 4.4576 -24.2189 6.0358 36.3702 -3.1143 0.1131
Car -1 -1 2.8366 1258.8340 796.6537 1533.6322 912.2441 1.7245 1.9107 4.2739 7.5948 4.8735 26.3910 3.1077 0.1033
