Pedestrian -1 -1 0.0845 79.8217 775.8568 114.0855 863.9304 1.8711 0.6327 0.6023 -19.4099 5.3035 33.5916 -0.4172 0.2649
Cyclist -1 -1 1.6943 754.1192 783.3652 813.2465 902.8149 1.7050 0.7300 1.8798 -2.9265 4.4331 24.7995 1.5861 0.4330
Cyclist -1 -1 -1.0141 779.3192 808.1858 843.2703 879.5648 1.6713 0.6505 2.3336 -4.2239 7.0025 42.3087 -1.1049 0.1437
Car -1 -1 3.7177 0.0000 754.7925 102.6506 937.3804 1.5500 1.7825 4.3207 -11.2987 2.9366 15.0089 3.1118 0.4082
Car -1 -1 2.8382 1269.7333 807.2105 1546.4690 925.9145 1.7221 1.9067 4.1885 7.6245 4.9897 25.7964 3.1157 0.2840
Car -1 -1 -1.6051 1087.4365 802.0712 1147.6763 865.8701 1.4967 1.8010 3.8415 4.9828 7.4253 48.0612 -1.4993 0.2151
Car -1 -1 0.4805 0.0000 802.4293 132.1712 877.7865 1.6198 1.8343 4.0115 -23.5774 6.2498 37.9799 -0.0528 0.1639
Car -1 -1 2.8212 1248.3811 804.1377 1497.2053 911.0905 1.7971 1.9123 4.4095 8.1499 5.5070 29.8648 3.0807 0.1443
Car -1 -1 2.1642 0.0000 767.6602 180.0352 866.2160 1.6259 1.8496 4.1746 -19.4255 4.9901 33.0816 1.6554 0.1066
Car -1 -1 0.6045 0.0000 793.8413 101.6679 929.2213 1.6393 1.7825 4.0720 -14.8607 4.1686 21.4366 0.0300 0.1002
