Pedestrian -1 -1 -1.1912 800.6741 801.0060 834.2277 864.5994 1.6345 0.6281 0.9409 -4.0326 6.6411 41.9738 -1.2786 0.1196
Pedestrian -1 -1 0.1362 86.1799 770.3136 123.3444 858.2994 1.8764 0.6090 0.6367 -19.2416 5.1827 33.6045 -0.3619 0.1079
Cyclist -1 -1 1.6786 749.1057 776.2236 811.2643 905.7006 1.7858 0.7596 1.9864 -2.8787 4.3093 23.9438 1.5682 0.3797
Cyclist -1 -1 -1.4645 802.4999 800.6580 832.8671 866.2132 1.6463 0.6952 1.3789 -4.0242 6.6625 41.9839 -1.5517 0.1845
Cyclist -1 -1 -1.2901 141.4571 747.0752 234.1875 850.4055 1.8785 1.0929 2.2827 -16.1449 4.5345 31.2893 -1.7456 0.1023
Car -1 -1 -1.1335 144.4702 770.8167 374.8319 899.7831 1.3997 1.6803 3.4793 -10.1802 3.7163 21.9802 -1.5431 0.5570
Car -1 -1 3.6614 0.0000 755.4930 83.3528 954.7659 1.5986 1.7688 4.0956 -11.0802 2.9558 14.4702 3.0489 0.3113
Car -1 -1 0.5228 0.0000 800.2667 110.1993 880.8796 1.7239 1.9084 4.1407 -23.8687 6.2203 37.3410 -0.0232 0.1419
Car -1 -1 -1.7012 1082.0956 806.7615 1153.6370 868.2900 1.4230 1.8031 3.7730 4.9580 7.4649 47.7743 -1.5953 0.1128
Car -1 -1 0.6048 0.0000 791.4503 81.0874 927.0281 1.6457 1.7768 4.0738 -15.1294 4.1291 21.3680 0.0206 0.1096
