Pedestrian -1 -1 -0.4584 283.2828 762.5337 336.2542 850.3514 1.8929 0.6927 0.9159 -15.0723 5.1302 34.6018 -0.8507 0.1371
Cyclist -1 -1 -0.4379 278.7993 768.3828 381.9375 851.6327 1.7068 0.6993 2.1366 -14.8276 5.1810 35.1909 -0.8186 0.5520
Cyclist -1 -1 1.7562 568.7963 743.6010 714.5837 1005.2895 1.7408 0.7365 1.9923 -2.4838 2.7606 11.8505 1.5670 0.4716
Cyclist -1 -1 2.5734 0.0000 704.2635 156.7851 826.8520 1.8705 0.7895 2.3000 -15.0927 3.2913 25.5717 2.0636 0.1823
Cyclist -1 -1 0.5478 0.0000 709.5164 141.4695 896.6684 1.7994 0.7676 1.8113 -9.4204 2.6800 15.1549 0.0265 0.1013
Car -1 -1 1.6435 785.9412 780.8435 877.1519 869.9815 1.6946 1.9682 4.2698 -3.2359 5.8860 38.0546 1.5665 0.9226
Car -1 -1 2.5652 0.0000 740.1627 198.9664 834.4742 1.5613 1.8074 4.3114 -19.2697 4.2673 32.7781 2.0547 0.4980
Car -1 -1 3.6369 0.0000 748.0143 154.9645 921.6771 1.4726 1.7193 3.9559 -10.6074 2.8015 15.1293 3.0629 0.3694
Car -1 -1 -3.3955 1276.4221 841.3898 1441.5878 916.0953 1.6378 1.8370 3.8237 10.3319 7.4226 39.0390 -3.1408 0.1882
Car -1 -1 2.3147 164.3851 764.2034 373.1956 864.6601 1.7077 1.8646 4.3286 -15.7564 5.1208 34.2898 1.9032 0.1604
Car -1 -1 1.3176 1320.6279 821.4208 1416.0336 889.1239 1.3905 1.7777 3.8683 11.8949 7.4183 43.9275 1.5791 0.1290
Car -1 -1 -0.1521 1159.5376 799.1938 1312.5813 865.0545 1.6907 1.8769 4.2596 8.1573 7.0137 44.6725 0.0282 0.1144
Car -1 -1 0.7212 0.0000 762.6691 50.6259 919.4224 1.5662 1.7439 3.9033 -13.3628 3.3210 17.9554 0.1164 0.1074
