Pedestrian -1 -1 -0.1453 201.2216 774.2176 251.4366 857.5051 1.7711 0.6681 0.9573 -16.8503 5.2487 34.2865 -0.5820 0.3311
Pedestrian -1 -1 0.3498 238.8339 776.9442 297.7584 856.9654 1.7805 0.7463 1.0615 -16.3156 5.4035 35.2269 -0.0646 0.1624
Pedestrian -1 -1 1.6687 744.3862 792.0191 768.5718 855.0022 1.9036 0.6912 0.6693 -6.4844 7.2361 47.3718 1.5423 0.1170
Pedestrian -1 -1 1.3443 800.9525 795.1271 826.8236 858.6756 1.8876 0.6851 0.6544 -4.6412 7.2937 47.0745 1.2546 0.1101
Cyclist -1 -1 -0.6127 186.1880 773.3317 278.0871 861.1368 1.7806 0.7705 1.7817 -16.8272 5.3055 34.5493 -1.0459 0.4995
Cyclist -1 -1 1.7208 689.5065 771.7397 780.8837 945.4526 1.7329 0.7532 1.9607 -2.6262 3.5547 17.5687 1.5838 0.4821
Cyclist -1 -1 -1.1599 94.9283 739.5378 196.7037 852.7626 1.9038 0.9038 2.0805 -15.4354 4.1607 28.3736 -1.6357 0.1293
Car -1 -1 -1.5107 777.4485 799.4896 858.2520 877.8842 1.5723 1.9225 3.8651 -3.8472 6.5484 40.6660 -1.5967 0.6770
Car -1 -1 0.5344 0.0000 799.6871 120.9544 881.4944 1.6657 1.8326 4.0540 -22.4129 5.9075 35.3606 -0.0073 0.1734
Car -1 -1 0.3351 133.5234 792.9717 329.4773 868.4774 1.4594 1.7044 3.7012 -16.7714 5.4530 34.5063 -0.0971 0.1624
Car -1 -1 3.6786 0.0000 742.7092 84.8811 938.8646 1.5610 1.7627 4.1901 -10.9517 2.7618 14.1988 3.0626 0.1510
