Pedestrian -1 -1 -0.1110 285.0365 764.6996 323.9860 848.4066 1.8197 0.6920 0.7652 -15.2092 5.1025 34.6283 -0.5062 0.2310
Cyclist -1 -1 1.7536 593.7997 738.3002 731.1783 987.6984 1.7962 0.7614 1.9602 -2.4815 2.8296 12.6455 1.5756 0.4102
Cyclist -1 -1 -0.1097 271.2627 764.8405 351.0259 850.9419 1.8246 0.7455 1.6390 -15.1073 5.1444 34.7550 -0.5012 0.3125
Cyclist -1 -1 2.6174 0.0000 707.3087 156.0623 829.8934 1.8693 0.8134 2.4994 -15.3515 3.3624 25.8116 2.1043 0.1571
Cyclist -1 -1 2.4771 0.0000 702.0174 242.4148 903.2384 1.8192 0.8221 2.3568 -8.8499 2.6938 15.7164 1.9962 0.1390
Cyclist -1 -1 1.6678 796.1048 781.0260 838.2567 863.8176 1.6848 0.7585 2.5979 -3.5129 5.6470 36.6482 1.5804 0.1151
Car -1 -1 2.4887 0.0000 740.6732 176.0354 832.4523 1.4861 1.7875 4.3550 -19.6078 4.1851 32.5078 1.9672 0.4217
Car -1 -1 0.5744 0.0000 746.1359 201.3773 913.4990 1.5043 1.7647 4.1553 -10.5033 2.8528 15.7075 0.0207 0.2358
Car -1 -1 2.4076 164.0699 765.3029 314.3839 832.1754 1.6340 1.8438 4.2149 -23.3386 6.4037 48.5016 1.9758 0.1637
Car -1 -1 0.2678 429.0900 806.2646 626.3781 895.2767 1.9588 1.8825 4.4281 -10.8716 6.6475 37.7140 0.0025 0.1423
