Pedestrian -1 -1 3.1202 337.6873 758.2685 375.7251 838.1896 1.7155 0.6374 0.7956 -13.7580 4.7906 34.0336 2.7535 0.1427
Cyclist -1 -1 2.0708 0.0000 624.8589 276.8369 1216.0000 1.6690 0.7142 1.8264 -2.5765 1.6689 3.9102 1.5867 0.4429
Cyclist -1 -1 -0.4830 317.5078 756.9070 420.5167 843.0529 1.7352 0.7350 2.0877 -13.5594 4.8520 34.2842 -0.8424 0.3633
Cyclist -1 -1 -1.5838 1032.9458 747.1265 1059.3505 815.3143 1.9236 0.8291 2.7248 2.7414 6.0018 48.5163 -1.5237 0.1830
Cyclist -1 -1 -1.5533 954.2698 780.7294 978.7728 843.2864 1.7993 0.7630 2.2004 0.1832 7.0889 49.6525 -1.5442 0.1329
Car -1 -1 -1.5721 769.2892 777.2694 853.3074 866.1035 1.4926 1.7793 3.7102 -3.3614 5.1205 33.6760 -1.6635 0.8651
Car -1 -1 -0.6804 60.8413 760.1973 229.2838 829.6801 1.5147 1.7870 4.0501 -23.6214 5.6446 43.4342 -1.1604 0.5562
Car -1 -1 -2.8040 359.1205 800.8919 520.8997 874.1646 2.0169 2.0132 4.4012 -16.4160 7.7004 47.2462 -3.1227 0.1202
Car -1 -1 -2.6307 186.7520 779.1832 383.7163 856.7527 1.6549 1.8161 4.1513 -16.9038 5.6388 37.4927 -3.0357 0.1133
Car -1 -1 -2.5539 322.1754 778.2410 485.8272 847.6780 1.5463 1.7037 3.8491 -15.0090 5.8147 40.3297 -2.8942 0.1125
Car -1 -1 0.6688 0.0000 795.1605 114.8995 929.1384 1.7028 1.7879 4.1474 -15.5083 4.4381 22.9201 0.1043 0.1026
