Pedestrian -1 -1 1.5073 949.2386 792.7195 971.6085 850.7051 1.7984 0.6921 0.6728 -0.0301 7.3145 48.7980 1.5123 0.3697
Cyclist -1 -1 2.8206 343.3079 764.4677 435.4377 847.9474 1.7186 0.7109 1.8577 -13.1847 5.0184 34.5008 2.4727 0.3058
Cyclist -1 -1 1.5614 947.5016 788.8730 970.1451 848.5228 1.7696 0.7318 1.4375 -0.0831 7.2267 49.0482 1.5653 0.1731
Car -1 -1 -1.4593 751.7961 778.6121 858.6525 870.9133 1.4996 1.8713 3.8799 -3.3506 5.0688 32.7682 -1.5530 0.8140
Car -1 -1 -0.7424 319.2299 765.7773 497.9176 849.6836 1.6641 1.8970 4.2841 -14.6382 5.6373 39.8401 -1.0787 0.7910
Car -1 -1 -0.7200 208.8059 762.8193 356.7141 828.5883 1.5880 1.7861 4.1265 -21.6049 6.2018 47.7796 -1.1285 0.5338
Car -1 -1 -0.6457 46.0378 762.0780 216.9884 833.1217 1.5213 1.7576 3.9842 -23.5581 5.6293 42.6059 -1.1323 0.3657
Car -1 -1 3.3690 256.8479 781.7675 463.9118 863.7440 1.5690 1.6928 4.0770 -13.5817 5.2515 33.9932 3.0069 0.1267
Car -1 -1 -1.1886 143.9690 790.2644 282.4841 876.6889 1.7934 1.8811 4.4713 -20.9419 6.6994 42.0782 -1.6311 0.1165
Car -1 -1 -0.2217 1217.8236 814.5951 1411.4182 890.3940 1.5664 1.8752 4.2999 8.5871 6.3299 36.6030 0.0052 0.1102
Car -1 -1 -1.2846 534.5067 783.2274 627.8465 847.4892 1.5265 1.7918 3.8961 -11.9694 6.7479 47.3262 -1.5198 0.1098
