Pedestrian -1 -1 0.4161 0.0000 775.9742 29.2277 856.3716 1.8502 0.7764 0.6890 -23.2820 5.5768 36.4592 -0.1301 0.4336
Pedestrian -1 -1 -2.6029 24.1466 773.6206 74.3765 851.5638 1.8641 0.7150 0.8213 -22.8706 5.6307 37.5118 -3.1290 0.2753
Pedestrian -1 -1 0.0957 187.9160 774.5835 215.1533 842.7109 1.8049 0.6827 0.6067 -21.2903 6.0430 41.9154 -0.3557 0.1827
Cyclist -1 -1 -0.6277 378.5846 771.8815 479.2241 864.5319 1.7768 0.7489 2.0323 -11.7415 5.1270 33.0406 -0.9521 0.3756
Cyclist -1 -1 1.6301 936.2238 792.5768 963.7258 858.9188 1.6967 0.6899 1.8317 -0.3234 6.7240 43.9021 1.6282 0.2994
Cyclist -1 -1 -0.3632 158.2004 775.1253 224.2799 843.9279 1.6440 0.6621 1.4208 -20.4519 5.7101 39.7319 -0.8195 0.1694
Car -1 -1 -1.4638 710.8130 787.0826 833.7849 896.3910 1.4826 1.8288 3.6905 -3.4152 4.6799 27.6292 -1.5775 0.9143
Car -1 -1 -0.9122 550.5677 787.3273 672.1920 852.3834 1.4593 1.7268 3.6290 -10.6150 6.6294 45.5902 -1.1288 0.9139
Car -1 -1 2.2716 0.0000 778.9561 101.1540 862.6442 1.5240 1.7750 3.9188 -23.4639 5.5435 36.9432 1.7276 0.2450
Car -1 -1 2.2698 111.8467 769.5284 269.3803 842.8456 1.5348 1.7019 4.0229 -21.5384 5.8029 41.9739 1.8140 0.2100
Car -1 -1 1.9110 293.9957 783.3600 395.4065 844.7352 1.4774 1.7654 3.9230 -19.8322 6.8027 48.2659 1.5370 0.1563
Car -1 -1 -0.2182 1344.5129 822.0814 1530.0414 910.5682 1.9869 2.0230 4.3969 12.6820 7.4280 40.0751 0.0831 0.1419
Car -1 -1 3.3341 520.8687 807.1962 667.0291 870.3490 1.7848 1.8998 4.3737 -12.0359 7.9079 49.2049 3.1072 0.1369
