Pedestrian -1 -1 -0.3515 389.0009 775.0118 436.6191 861.7672 1.7842 0.6430 0.8219 -12.1122 5.1505 33.0264 -0.6856 0.1837
Pedestrian -1 -1 -2.2870 193.7799 775.1292 236.4953 838.8530 1.6926 0.7224 0.8315 -21.2334 6.0183 42.5627 -2.7316 0.1688
Pedestrian -1 -1 -0.5167 223.2541 781.1342 270.1283 846.7767 1.6894 0.6016 1.0213 -20.0107 6.1270 41.8859 -0.9443 0.1669
Cyclist -1 -1 -1.6177 942.3703 788.8222 970.9091 856.2254 1.7642 0.7769 1.9208 -0.1480 6.7898 44.8709 -1.6156 0.3806
Cyclist -1 -1 -0.5722 366.3563 773.3492 458.9834 866.2736 1.8137 0.7464 1.8039 -12.1392 5.1959 33.1315 -0.9060 0.2860
Cyclist -1 -1 1.4612 1039.0746 759.9158 1074.8445 840.9592 2.0829 0.7998 2.2580 2.7634 6.1044 43.3960 1.5279 0.1139
Cyclist -1 -1 -0.5167 223.2541 781.1342 270.1283 846.7767 1.6894 0.6016 1.0213 -20.0107 6.1270 41.8859 -0.9443 0.1035
Car -1 -1 -0.9289 510.9874 785.9662 640.1887 855.3820 1.5161 1.8031 3.7426 -11.3835 6.5183 44.3676 -1.1672 0.9143
Car -1 -1 1.6604 712.4792 783.7819 833.1977 896.2355 1.5595 1.8881 4.0833 -3.5245 4.8208 28.6326 1.5472 0.9140
Car -1 -1 -1.0594 135.9080 780.4110 277.7619 854.1230 1.5917 1.7913 4.2476 -21.9254 6.3578 43.6550 -1.5065 0.4449
Car -1 -1 -0.9927 291.7216 781.0291 410.6353 842.3143 1.4811 1.7401 3.8138 -19.7632 6.7695 48.6081 -1.3631 0.1970
Car -1 -1 0.2555 474.3885 804.7834 624.3329 867.8276 1.7537 1.8913 4.2870 -13.1631 7.6370 47.9609 0.0013 0.1424
Car -1 -1 3.6842 0.0000 797.9537 61.3846 933.9586 1.5802 1.7411 3.9725 -15.0477 4.1010 20.8135 3.0911 0.1255
Car -1 -1 -2.4670 0.0000 782.3223 82.4312 850.5776 1.4685 1.7400 4.3913 -25.2318 5.6328 38.4420 -3.0263 0.1226
