Pedestrian -1 -1 0.3623 2.6197 778.8928 48.5406 853.6224 1.7493 0.7005 0.7588 -23.2139 5.6132 37.1116 -0.1749 0.2172
Pedestrian -1 -1 -2.6647 205.2041 779.8919 248.2260 843.2756 1.6462 0.6889 0.8300 -20.1161 5.9292 40.9635 -3.1027 0.1419
Pedestrian -1 -1 -0.2294 37.4981 774.3882 87.3938 850.6669 1.7900 0.7515 0.9531 -22.8643 5.6528 38.0430 -0.7495 0.1296
Cyclist -1 -1 -1.6098 943.4129 791.7719 969.1816 856.9910 1.7109 0.7096 1.6784 -0.1550 6.7652 44.4422 -1.6079 0.3216
Cyclist -1 -1 -2.4693 2.8366 779.1362 68.8275 851.6042 1.7035 0.7012 1.2439 -23.1596 5.6091 37.4341 -3.0018 0.2549
Cyclist -1 -1 -0.6926 378.3844 768.4485 470.1060 865.2657 1.8964 0.7919 1.8201 -11.9008 5.1766 33.1888 -1.0197 0.2079
Car -1 -1 -0.9238 529.1417 783.6091 657.0840 852.7274 1.5475 1.8086 3.7973 -11.0790 6.5720 45.2405 -1.1515 0.9494
Car -1 -1 1.6920 719.4892 784.9362 842.8405 892.9621 1.4816 1.8151 3.8960 -3.3257 4.7174 28.2769 1.5839 0.9400
Car -1 -1 -0.9191 136.2072 779.1339 286.2462 851.6550 1.5528 1.7658 4.0205 -21.6321 6.2412 43.3094 -1.3641 0.4081
Car -1 -1 -2.4047 0.0000 778.7203 45.9995 865.2265 1.5661 1.7788 4.0202 -22.3713 5.0339 32.5187 -2.9833 0.1420
Car -1 -1 1.9640 0.0000 781.3894 95.3483 863.5022 1.4771 1.6649 3.9968 -23.1714 5.5679 36.9947 1.4262 0.1138
