Pedestrian -1 -1 -0.5912 319.6687 781.0162 348.3741 836.2543 1.5803 0.6289 0.5518 -19.0754 6.3706 45.4800 -0.9721 0.2664
Pedestrian -1 -1 -1.6317 949.3611 787.6429 970.8771 847.8011 1.7520 0.6210 0.8629 -0.0388 6.8532 46.4263 -1.6271 0.2049
Pedestrian -1 -1 -0.3878 274.7306 780.1652 301.7253 834.6508 1.5564 0.5758 0.5788 -20.4565 6.3180 45.4534 -0.7938 0.1996
Pedestrian -1 -1 -2.3677 48.8342 770.3408 99.3760 850.0714 1.9577 0.8348 0.7701 -23.1631 5.8048 39.0540 -2.8823 0.1499
Cyclist -1 -1 -0.7490 354.3795 768.4362 450.7013 861.5313 1.8135 0.7507 2.0451 -12.5086 5.1367 33.5428 -1.0886 0.2775
Cyclist -1 -1 -1.6256 948.7871 786.1614 972.0729 847.5595 1.7370 0.6600 1.2655 -0.0309 6.8067 46.3641 -1.6210 0.1343
Cyclist -1 -1 1.6103 871.0371 757.5930 899.1606 829.2698 1.9916 0.7752 2.7168 -2.4295 6.3669 47.9485 1.5664 0.1308
Car -1 -1 -0.8256 446.1783 770.5574 602.1942 851.1694 1.7396 1.9336 4.2057 -12.4756 6.1471 42.9393 -1.0947 0.9175
Car -1 -1 1.6865 737.2631 775.5696 853.5287 877.3563 1.5171 1.8468 3.9359 -3.2674 4.7538 30.1420 1.5870 0.8413
Car -1 -1 -0.6258 0.0000 779.3594 161.0661 857.1160 1.5316 1.7173 3.7494 -23.5318 5.8463 39.7117 -1.1402 0.5824
Car -1 -1 2.2300 162.6579 777.6921 315.2617 854.0135 1.7095 1.8251 4.3388 -21.6883 6.5550 45.1046 1.7996 0.3192
Car -1 -1 -1.6616 1025.8896 794.7252 1099.8950 865.0438 1.4561 1.7512 3.8161 2.8206 6.4668 42.1966 -1.5919 0.1945
