Pedestrian -1 -1 -0.2274 336.6986 786.2882 373.9560 845.5322 1.6962 0.6600 0.9519 -18.7606 6.7514 46.3010 -0.5961 0.3306
Pedestrian -1 -1 -1.5935 919.8685 781.1953 948.3856 854.3453 1.7387 0.7229 1.3333 -0.7165 5.8991 39.1270 -1.6063 0.2104
Pedestrian -1 -1 1.0706 1339.8876 0.0000 1936.0000 1216.0000 1.6254 0.5686 0.5817 0.5529 1.0530 0.6017 1.3238 0.1513
Cyclist -1 -1 -1.5765 918.5897 780.6435 949.5292 855.2864 1.7389 0.7937 1.6744 -0.7135 5.9101 39.2071 -1.5892 0.5189
Cyclist -1 -1 -0.8085 409.7253 758.8356 514.4603 853.7231 1.7360 0.7194 2.2860 -10.6137 4.6981 31.8881 -1.1136 0.3527
Cyclist -1 -1 -0.4885 338.9922 786.6850 386.6800 846.2865 1.6759 0.7113 1.1795 -18.5679 6.7700 46.4089 -0.8530 0.1421
Cyclist -1 -1 -0.3111 1726.0250 722.9553 1936.0000 1034.0291 1.7916 0.9573 2.2615 6.3602 2.4785 9.7675 0.2141 0.1147
Car -1 -1 1.7129 632.9131 764.5312 792.2939 897.9650 1.5067 1.8222 3.8838 -3.7061 3.8280 22.9126 1.5635 0.9257
Car -1 -1 2.5165 1732.4843 772.0437 1936.0000 1048.9636 1.4709 1.7305 4.1340 7.5746 2.5274 9.8248 3.1189 0.5073
Car -1 -1 -0.7913 0.0000 759.3591 173.7915 844.2574 1.6184 1.7995 4.0211 -22.0855 5.1933 37.5816 -1.3023 0.3083
Car -1 -1 -1.0755 186.1428 773.8079 313.1758 840.6509 1.4624 1.7226 3.6549 -20.3827 5.9308 42.9920 -1.5007 0.1868
Car -1 -1 -2.8969 600.9348 794.4114 737.0542 852.9310 1.6490 1.8167 4.0648 -9.5754 7.3404 49.1745 -3.0780 0.1781
