Pedestrian -1 -1 0.2138 417.8901 769.2449 490.1869 858.0786 1.7483 0.6916 1.3029 -10.5591 4.7953 31.1603 -0.0961 0.3820
Pedestrian -1 -1 -0.3144 329.1685 787.6332 360.7854 844.9235 1.6185 0.6550 0.7289 -18.7447 6.6208 45.4842 -0.6888 0.2035
Cyclist -1 -1 -0.8041 428.4012 772.8416 521.6659 864.5469 1.6685 0.7001 1.9485 -10.2363 4.8914 31.5506 -1.1016 0.4612
Cyclist -1 -1 -1.4811 914.3151 786.0712 948.7047 861.8037 1.6886 0.7105 1.7858 -0.7496 5.9008 38.1655 -1.4952 0.4255
Cyclist -1 -1 1.2830 1785.5785 732.3159 1936.0000 1115.5234 1.7165 0.7329 2.7103 5.7241 2.4556 8.8878 1.7980 0.1993
Cyclist -1 -1 0.3117 182.4242 771.6852 271.0411 841.1020 1.7591 0.7924 2.0119 -19.9337 5.7967 40.6148 -0.1262 0.1781
Car -1 -1 -1.4499 616.8838 775.5797 774.6371 913.0287 1.4699 1.7950 3.6338 -3.7907 3.8631 21.9003 -1.6094 0.9616
Car -1 -1 -1.2655 289.0953 781.2335 389.9363 846.1368 1.5298 1.7804 3.8783 -19.4199 6.6387 46.8715 -1.6421 0.5054
Car -1 -1 2.2449 1779.1130 777.6246 1936.0000 1111.2003 1.4951 1.7745 4.1696 7.5613 2.6044 9.4355 2.8629 0.4180
Car -1 -1 -1.0409 0.0000 762.9326 54.1444 889.7789 1.4981 1.7881 4.0284 -16.7156 3.9202 24.1864 -1.6177 0.1455
Car -1 -1 0.1595 0.0000 769.9597 149.0433 852.2261 1.6260 1.7311 4.0045 -22.1905 5.3106 36.4602 -0.3660 0.1445
