Pedestrian -1 -1 2.4107 654.3844 779.7238 686.4504 836.0925 1.6423 0.6401 0.7477 -9.0936 6.5344 46.7615 2.2295 0.3947
Pedestrian -1 -1 -0.0400 0.0000 761.8798 18.9386 831.1991 1.5621 0.5920 0.7261 -23.0719 4.8933 35.9187 -0.5896 0.3916
Pedestrian -1 -1 -2.4856 47.6432 771.6782 105.4464 842.0544 1.5953 0.7654 0.9299 -21.4102 5.1921 36.2003 -2.9987 0.2082
Pedestrian -1 -1 -2.6835 406.0679 763.5752 472.5037 852.3907 1.8273 0.7798 1.1406 -11.4022 4.9016 32.6865 -3.0025 0.1379
Cyclist -1 -1 -1.0127 400.2748 764.9565 480.3937 857.8785 1.7786 0.7236 1.9270 -11.3773 4.9393 32.7264 -1.3306 0.5302
Cyclist -1 -1 -1.5984 932.5676 786.2214 959.6494 856.0367 1.7282 0.7265 1.9182 -0.4392 6.4147 42.4732 -1.6033 0.3153
Cyclist -1 -1 -0.5010 34.9438 766.2347 113.3306 839.3196 1.5846 0.6313 1.5202 -21.5672 5.0994 36.3777 -1.0154 0.2246
Cyclist -1 -1 1.5152 1035.9238 753.6574 1069.1288 834.8248 1.9603 0.7860 2.3517 2.4910 5.5953 41.0378 1.5787 0.2034
Cyclist -1 -1 2.4821 287.2487 772.2029 364.2867 834.8911 1.6313 0.7881 2.0862 -19.1830 6.1903 45.1840 2.0969 0.1725
Car -1 -1 1.7162 679.2222 773.3555 820.3006 892.7574 1.5404 1.8498 3.9331 -3.6146 4.3388 26.2067 1.5889 0.9640
Car -1 -1 -0.1388 586.7845 785.5306 716.7087 844.4066 1.4677 1.7168 3.7664 -9.6288 6.6133 46.4797 -0.3318 0.2165
Car -1 -1 -1.0743 0.0000 751.1934 41.9919 852.2586 1.5532 1.8169 4.2012 -20.8576 4.3170 30.5606 -1.6495 0.1572
Car -1 -1 2.1832 0.0000 760.1699 83.0019 843.3417 1.4984 1.7050 3.8708 -22.8487 4.8778 35.3769 1.6313 0.1443
Car -1 -1 -0.3671 1273.0431 809.5841 1473.2369 897.6109 1.7481 1.8476 4.2129 9.7620 6.2872 35.6153 -0.1046 0.1383
