Pedestrian -1 -1 -0.6296 440.6602 773.4693 497.9866 863.3401 1.7363 0.6660 0.9272 -10.3094 4.9075 31.3495 -0.9308 0.4565
Pedestrian -1 -1 2.1149 909.2071 793.2221 952.9128 867.9061 1.7197 0.6344 1.0839 -0.7610 6.0555 37.8930 2.1004 0.1379
Pedestrian -1 -1 -1.8022 88.5358 792.6524 118.5246 860.7053 1.5862 0.5540 0.4910 -21.2430 5.7821 37.0372 -2.3017 0.1004
Cyclist -1 -1 -0.9154 435.6787 777.3107 510.0562 865.0388 1.6251 0.6528 1.5718 -10.2745 4.9229 31.5073 -1.2142 0.4072
Cyclist -1 -1 -1.4942 914.4060 792.9452 947.9709 871.0641 1.7370 0.7116 1.7261 -0.7537 6.0992 37.9363 -1.5085 0.2598
Cyclist -1 -1 2.4226 1791.3066 745.7581 1936.0000 1060.7090 1.6958 0.8493 2.2264 6.3596 2.4817 9.1197 2.9743 0.1738
Car -1 -1 1.6856 617.1882 781.8348 775.2751 922.0251 1.4574 1.7846 3.6693 -3.7311 3.9218 21.6110 1.5266 0.9654
Car -1 -1 2.2751 1836.3274 779.2985 1936.0000 1121.5597 1.5221 1.8254 4.0643 7.8222 2.6093 9.1933 2.9202 0.2146
Car -1 -1 -1.2144 291.3871 789.0105 402.2021 856.9902 1.5587 1.7643 4.3026 -19.1938 6.9440 46.9076 -1.5864 0.1629
Car -1 -1 -1.0546 0.0000 773.3428 99.7481 898.6691 1.5318 1.7667 3.9014 -16.3293 4.2054 24.9531 -1.6067 0.1278
Car -1 -1 0.1415 130.5441 783.2191 297.8551 850.3776 1.4807 1.7058 3.8706 -20.3603 5.9591 40.9122 -0.3017 0.1088
