Pedestrian -1 -1 2.7776 251.1121 768.0232 282.4224 833.7638 1.7533 0.6453 0.6206 -19.6359 5.8428 42.2816 2.3603 0.1389
Pedestrian -1 -1 -0.0744 423.0878 755.5637 485.1665 843.6946 1.7437 0.6899 1.2103 -10.7716 4.5663 31.7576 -0.3852 0.1288
Pedestrian -1 -1 1.5835 1103.9608 757.5856 1123.4402 811.2161 1.6779 0.6217 0.5440 4.9562 6.0182 48.6104 1.6875 0.1152
Cyclist -1 -1 -0.8241 422.5659 760.7065 507.4186 845.6974 1.5921 0.6647 1.8000 -10.6080 4.5870 32.0232 -1.1281 0.4764
Cyclist -1 -1 1.5982 922.3788 773.9689 951.6833 848.3339 1.7401 0.7158 1.8166 -0.6326 5.7760 39.5726 1.5876 0.4055
Cyclist -1 -1 -1.4599 681.9166 764.8503 715.1362 829.5849 1.8732 0.8369 1.8890 -8.4952 6.4943 48.4128 -1.6235 0.1143
Cyclist -1 -1 0.9173 1583.6842 37.5969 1936.0000 1216.0000 1.6326 0.6953 1.2502 1.5274 1.1192 1.9931 1.3511 0.1092
Car -1 -1 1.6698 647.3975 761.9663 789.4373 890.6202 1.4823 1.7637 3.7364 -3.6775 3.7840 23.2037 1.5233 0.9666
Car -1 -1 2.4955 0.0000 754.9288 177.7926 837.3525 1.6071 1.7713 3.8353 -22.1904 5.0893 37.9349 1.9861 0.5074
Car -1 -1 -0.5197 1653.5900 773.3218 1936.0000 1051.1394 1.5024 1.7565 4.2598 7.2214 2.6036 10.1149 0.0484 0.4187
Car -1 -1 0.2708 422.4259 801.2355 601.5027 878.0278 1.8634 1.9606 4.4229 -12.5081 6.9126 41.8293 -0.0048 0.1682
Car -1 -1 -1.5404 665.1867 776.1407 725.3127 838.7406 1.5871 1.8104 3.8401 -8.8036 6.8201 49.7191 -1.7054 0.1479
Car -1 -1 -0.3438 484.8042 537.2973 1936.0000 1216.0000 1.4523 1.6195 3.9588 1.6323 1.4017 1.9145 0.1248 0.1086
