Pedestrian -1 -1 -0.7987 0.0000 764.6846 35.8775 841.7397 1.6895 0.6331 0.6559 -21.9467 4.9604 34.6006 -1.3420 0.2748
Pedestrian -1 -1 -2.7326 400.0331 759.5404 466.5795 847.6672 1.7892 0.7562 1.1355 -11.3214 4.7166 32.0887 -3.0551 0.2136
Pedestrian -1 -1 -1.6665 643.2619 774.8435 665.9004 832.0326 1.6596 0.6277 0.6560 -9.4184 6.3041 45.9169 -1.8578 0.1282
Cyclist -1 -1 -0.9944 398.2582 762.7845 474.0826 852.6080 1.7105 0.6857 1.7433 -11.3098 4.7712 32.2645 -1.3149 0.5253
Cyclist -1 -1 -1.6181 930.6041 780.9315 959.3221 851.6786 1.7332 0.7234 1.7593 -0.4608 6.1562 41.4935 -1.6238 0.3448
Cyclist -1 -1 1.5040 1028.4977 750.0100 1067.1555 840.5164 2.1300 0.8692 2.6262 2.3067 5.5989 40.1481 1.5643 0.1741
Cyclist -1 -1 -0.8640 0.0000 763.6605 41.3041 846.1544 1.7514 0.7265 1.2070 -22.0732 5.0230 34.6038 -1.4097 0.1121
Cyclist -1 -1 -1.1422 378.3902 776.3162 424.3800 837.1733 1.7670 0.6722 1.8864 -18.4091 6.8475 49.2083 -1.4851 0.1064
Car -1 -1 -1.4371 678.1431 770.4034 814.3323 888.1585 1.4878 1.7603 3.6201 -3.5399 4.1153 25.1903 -1.5669 0.9581
Car -1 -1 -1.5166 601.8004 777.6401 671.3386 845.8782 1.6444 1.9035 4.0191 -10.3049 6.7325 47.6887 -1.7179 0.2902
Car -1 -1 3.4464 357.4097 798.4208 529.9481 867.7350 1.7313 1.8843 4.3324 -14.8832 6.8519 43.1627 3.1301 0.2568
