Pedestrian -1 -1 1.8883 821.3002 774.7165 849.8003 831.3311 1.7091 0.6644 0.9072 -4.0670 6.6118 48.4174 1.8122 0.2679
Pedestrian -1 -1 2.7899 298.4559 767.1272 331.6639 825.7595 1.6038 0.5731 0.7417 -18.8443 5.7955 43.6106 2.3983 0.1944
Pedestrian -1 -1 -1.1922 907.7094 774.0777 948.9153 850.1381 1.7094 0.6651 1.0444 -0.8014 5.4203 36.5937 -1.2087 0.1569
Pedestrian -1 -1 1.3383 1104.8300 765.9238 1129.9465 830.5924 1.8956 0.6474 0.5743 4.7565 6.2250 45.5831 1.4444 0.1290
Cyclist -1 -1 -1.6278 908.8061 770.7766 941.7429 848.9582 1.7174 0.7274 1.5269 -0.8887 5.3631 36.5839 -1.6467 0.2785
Cyclist -1 -1 -1.5640 821.4727 774.5443 843.9877 832.6812 1.6951 0.7046 1.5384 -4.1606 6.6251 48.4741 -1.6419 0.2166
Car -1 -1 -1.4081 588.7728 761.5474 762.6567 906.0254 1.4640 1.7119 3.4975 -3.7610 3.4731 20.2310 -1.5794 0.9421
Car -1 -1 0.2600 447.5723 798.0743 625.2969 876.1071 1.9007 1.9774 4.4084 -11.8201 6.8577 41.8150 -0.0010 0.1622
Car -1 -1 -0.0626 217.5749 773.2585 368.4705 838.4733 1.5009 1.7308 3.9441 -19.4888 5.9936 43.6264 -0.4659 0.1444
Car -1 -1 -2.5298 0.0000 791.4612 155.5458 863.2310 1.5442 1.7992 4.7210 -23.4686 5.9382 38.3548 -3.0574 0.1090
