Pedestrian -1 -1 -1.3068 0.0000 774.4293 37.2535 857.1575 1.7010 0.6941 1.0110 -21.2111 5.1021 33.4323 -1.8493 0.2493
Pedestrian -1 -1 0.1684 262.0598 781.7178 290.9665 848.5206 1.7596 0.6314 0.6243 -19.0281 6.1582 41.5641 -0.2430 0.2207
Pedestrian -1 -1 -0.9293 469.7267 766.9752 533.1099 861.4081 1.7504 0.6582 1.1600 -9.3266 4.6973 30.3599 -1.2115 0.1798
Pedestrian -1 -1 1.4050 1110.2444 784.6168 1133.8989 847.0558 1.7477 0.6142 0.4686 4.6644 6.4094 43.3962 1.5139 0.1631
Pedestrian -1 -1 1.1879 1365.2443 0.0000 1936.0000 1216.0000 1.6138 0.5705 0.6053 0.5594 1.0591 0.6167 1.4426 0.1463
Pedestrian -1 -1 1.9017 810.3332 791.4348 840.6145 849.0851 1.6408 0.6560 0.9411 -4.1915 6.8455 46.2000 1.8193 0.1453
Cyclist -1 -1 -0.9585 470.2405 772.6524 543.4347 863.3528 1.6441 0.6844 1.4953 -9.2819 4.7476 30.5929 -1.2374 0.3240
Cyclist -1 -1 -1.5678 907.5590 780.6514 939.3962 864.3996 1.7202 0.7167 1.5753 -0.8642 5.3922 34.4629 -1.5875 0.2683
Cyclist -1 -1 -0.8257 0.0000 770.8895 49.4811 856.4571 1.6982 0.6556 1.5777 -21.2608 5.0385 33.3783 -1.3700 0.2289
Car -1 -1 -1.3750 527.2606 768.1329 738.9069 933.7685 1.4668 1.7783 3.5310 -3.8395 3.3662 18.0646 -1.5697 0.9775
Car -1 -1 -0.8890 71.4578 761.3672 285.8127 863.8341 1.4463 1.6963 3.4981 -14.5695 4.1786 28.0471 -1.3459 0.9052
Car -1 -1 0.4630 0.0000 778.4930 65.2617 857.9948 1.4901 1.7108 4.0069 -22.4382 5.0108 33.2133 -0.1077 0.2101
Car -1 -1 -1.3030 221.3478 769.6804 337.1399 846.5243 1.6739 1.9161 4.3117 -19.7040 6.0951 43.3971 -1.7120 0.1612
