Pedestrian -1 -1 1.1636 1329.5510 0.0000 1936.0000 1216.0000 1.6213 0.5933 0.6165 0.5575 1.1169 0.6219 1.4160 0.2082
Pedestrian -1 -1 -1.5204 802.3514 789.3711 826.5615 855.4979 1.8088 0.6510 0.9653 -4.3023 6.6875 43.8636 -1.6098 0.1479
Cyclist -1 -1 1.8949 472.7503 781.2936 537.3691 877.7913 1.6473 0.6412 1.8362 -8.9739 4.8278 29.4804 1.6157 0.3448
Cyclist -1 -1 -1.3940 901.8943 790.8982 948.8280 880.1644 1.6434 0.6834 1.8434 -0.7569 5.3115 32.0811 -1.4124 0.3170
Cyclist -1 -1 1.6116 800.1410 786.7948 827.9231 857.4699 1.8239 0.7203 1.8667 -4.3128 6.6786 43.8935 1.5220 0.2580
Car -1 -1 -1.3518 450.7163 770.4526 710.1791 966.2190 1.4617 1.8101 3.5588 -3.8177 3.1535 15.5989 -1.5740 0.9765
Car -1 -1 2.1252 195.0250 777.5031 384.9254 873.0748 1.3919 1.7371 3.7033 -13.3658 4.6552 30.0150 1.7264 0.7974
Car -1 -1 2.9027 1185.4657 811.5448 1362.3805 888.0493 1.6764 1.7966 4.1469 7.9979 6.6015 38.4884 3.1054 0.2516
Car -1 -1 -1.2123 183.9988 783.1909 309.7978 858.0270 1.5171 1.7920 3.8463 -19.3430 6.0311 40.6669 -1.6378 0.1865
Car -1 -1 -0.3006 1185.7059 817.5908 1376.9001 901.7134 1.6852 1.8023 4.1581 7.6705 6.4714 36.0531 -0.0939 0.1761
Car -1 -1 1.9385 310.4459 790.5794 427.2251 862.3600 1.6289 1.8691 4.2680 -18.1268 6.9589 45.9663 1.5792 0.1374
