Pedestrian -1 -1 -0.3871 452.1509 750.2003 511.5948 842.0193 1.7234 0.6579 0.9690 -9.6675 4.2975 30.1603 -0.6815 0.2595
Pedestrian -1 -1 -1.5030 907.4604 766.8776 938.9983 846.2122 1.7337 0.6702 0.8911 -0.8806 5.0808 34.7925 -1.5231 0.1811
Pedestrian -1 -1 1.3912 1108.9183 761.1382 1133.4198 827.8616 1.8848 0.6238 0.5610 4.6788 5.9008 43.7797 1.4995 0.1300
Pedestrian -1 -1 2.7384 488.1100 752.4443 539.9807 843.0965 1.7611 0.6451 0.8502 -9.2787 4.4516 31.0276 2.4628 0.1179
Cyclist -1 -1 -0.9034 446.8424 754.1630 529.3087 847.0744 1.6709 0.6902 1.6769 -9.5769 4.3703 30.3231 -1.1937 0.4539
Cyclist -1 -1 -1.6202 906.3484 765.9961 941.1137 847.9362 1.7214 0.7441 1.4731 -0.8818 5.0763 34.7971 -1.6403 0.2828
Cyclist -1 -1 1.6347 808.0402 763.8837 837.4913 828.7846 1.7853 0.7675 2.0889 -4.3145 6.2230 46.6964 1.5504 0.2735
Car -1 -1 -1.3741 544.4336 753.8558 745.7678 913.1641 1.4586 1.6945 3.5533 -3.7633 3.1959 18.3634 -1.5625 0.9357
Car -1 -1 -1.0764 0.0000 745.0781 215.1394 853.3120 1.5172 1.7650 3.8985 -15.4508 3.8635 27.2452 -1.5693 0.2682
Car -1 -1 -2.4606 0.0000 779.3425 101.1631 908.6295 1.6842 1.8464 4.2144 -16.0318 4.2162 23.3694 -3.0324 0.2474
Car -1 -1 0.5411 143.4762 776.3903 368.6054 856.5499 1.5572 1.7587 4.4444 -16.2267 5.1683 34.5059 0.1210 0.1637
