Pedestrian -1 -1 -1.4900 799.7346 784.8199 824.0599 848.5052 1.7549 0.6462 0.5867 -4.2923 6.3847 42.9965 -1.5812 0.4869
Pedestrian -1 -1 -1.5375 903.6549 784.8331 934.6633 872.4212 1.7206 0.6169 0.7524 -0.8731 5.0918 31.1427 -1.5603 0.2899
Pedestrian -1 -1 -2.6783 201.1103 782.4579 254.9718 851.6321 1.6782 0.7315 1.0182 -18.8152 5.7627 38.3876 -3.1148 0.2272
Cyclist -1 -1 -1.5859 902.9279 783.7509 935.7866 873.7742 1.7112 0.6710 1.1707 -0.8783 5.0819 31.1338 -1.6088 0.1708
Cyclist -1 -1 -0.8841 184.7278 785.3727 245.2529 860.9718 1.7477 0.7752 1.2209 -19.0377 5.9172 38.1697 -1.3271 0.1300
Car -1 -1 -1.3478 427.6350 762.2462 700.4935 969.7669 1.4680 1.7645 3.5817 -3.7553 2.9883 14.7558 -1.5783 0.9745
Car -1 -1 -0.9487 217.4321 770.6899 422.8394 870.8869 1.4668 1.7904 3.9799 -12.8643 4.6282 30.2820 -1.3311 0.9061
Car -1 -1 1.8379 162.4998 782.9423 280.2717 859.5386 1.4968 1.7842 3.8611 -19.5888 5.9156 39.7567 1.3990 0.6590
Car -1 -1 1.8540 436.4782 794.8160 534.3901 861.9769 1.5599 1.7793 4.4525 -15.2869 7.2988 48.2738 1.5617 0.4736
Car -1 -1 2.8441 1219.2490 807.4493 1422.2682 894.2479 1.6743 1.8493 4.1765 8.2115 6.0009 34.3807 3.0743 0.1305
