Pedestrian -1 -1 0.0629 189.2713 780.1717 229.4770 855.1861 1.7783 0.6435 0.8580 -19.0045 5.7519 37.8109 -0.3832 0.3235
Pedestrian -1 -1 -1.4919 797.5287 780.4449 821.3394 843.4750 1.7284 0.6304 0.5499 -4.3299 6.1955 42.6673 -1.5848 0.1977
Pedestrian -1 -1 3.3249 38.5315 765.0322 94.4986 844.8381 1.6640 0.6716 0.9530 -19.9252 4.8304 33.3171 2.8078 0.1402
Cyclist -1 -1 1.5768 899.8975 778.2081 934.8153 872.2297 1.6988 0.7002 1.8101 -0.8969 4.9604 30.9032 1.5530 0.3913
Cyclist -1 -1 -0.4755 190.1243 779.7985 258.6638 853.8723 1.6898 0.7523 1.3770 -18.7815 5.7197 38.1311 -0.9140 0.1777
Cyclist -1 -1 -0.4015 13.4190 765.5867 106.1457 851.7974 1.7007 0.8175 1.5737 -20.0182 4.9089 33.2274 -0.9216 0.1476
Car -1 -1 -1.3284 421.8941 760.5619 700.3815 966.3051 1.4223 1.7131 3.5559 -3.7100 2.8981 14.4814 -1.5604 0.9685
Car -1 -1 -0.9424 242.2792 758.7887 445.0602 861.3294 1.5978 1.8545 4.0152 -12.7562 4.5833 31.1677 -1.3125 0.6029
Car -1 -1 -1.2131 159.0503 778.9655 290.2525 856.0184 1.5041 1.7644 3.9554 -19.3167 5.7734 39.3980 -1.6501 0.5806
Car -1 -1 -0.8218 0.0000 773.2317 131.5231 856.7294 1.3888 1.6667 3.4411 -20.5202 4.8808 33.3450 -1.3513 0.2142
Car -1 -1 2.8434 1211.3235 813.7116 1416.9888 900.7580 1.6522 1.8272 4.2046 7.9845 6.0866 34.0584 3.0695 0.1747
