Pedestrian -1 -1 0.0505 19.8372 770.5613 83.9302 852.3538 1.6348 0.7869 1.1420 -19.8566 4.8770 32.6753 -0.4731 0.4174
Pedestrian -1 -1 -1.4723 798.1660 779.6902 823.3299 845.4389 1.7607 0.6350 0.6685 -4.2214 6.1395 41.9674 -1.5643 0.3390
Cyclist -1 -1 1.5695 900.6195 778.9999 935.4462 871.8988 1.6356 0.6839 1.8169 -0.8720 4.8511 30.2874 1.5459 0.3702
Cyclist -1 -1 2.2154 484.6886 767.0884 580.1727 870.8553 1.7406 0.7251 1.9675 -8.2926 4.5980 29.0048 1.9524 0.3102
Cyclist -1 -1 -0.3386 7.4257 764.5678 94.7275 852.0662 1.7178 0.7527 1.4710 -19.9109 4.8497 32.7291 -0.8628 0.2969
Car -1 -1 -1.3143 389.0711 756.0728 687.7017 975.2513 1.4580 1.7313 3.4959 -3.7325 2.8239 13.8125 -1.5580 0.9693
Car -1 -1 -1.0071 285.7867 770.4749 465.3806 864.1770 1.4630 1.7915 3.6771 -12.2414 4.7230 31.5034 -1.3597 0.8487
Car -1 -1 -1.1819 262.4166 778.8398 385.3477 851.2026 1.5371 1.7459 4.0524 -18.0025 6.1141 42.4331 -1.5663 0.5895
Car -1 -1 -0.8466 0.0000 765.6838 90.1569 866.5446 1.5626 1.7190 4.1886 -20.6888 4.7399 31.5416 -1.4035 0.3648
Car -1 -1 -1.1239 138.2817 773.5170 285.2527 851.3552 1.4993 1.7477 4.0623 -19.2496 5.5383 38.6071 -1.5675 0.1718
