Pedestrian -1 -1 1.6836 780.1425 775.8774 809.2142 845.8535 1.7064 0.6619 0.6866 -4.2644 5.6091 38.3098 1.5813 0.4905
Pedestrian -1 -1 -1.3866 888.2764 772.7485 935.5511 876.7545 1.6961 0.6542 1.0460 -0.8696 4.3791 26.5695 -1.4144 0.1793
Pedestrian -1 -1 0.1610 510.6049 759.5242 596.3442 865.1667 1.8580 0.7734 1.4294 -7.5939 4.4097 27.8953 -0.0897 0.1388
Pedestrian -1 -1 0.2160 88.1765 773.0464 147.9044 850.4332 1.6259 0.6431 1.0471 -18.9382 4.9996 33.6029 -0.2757 0.1178
Cyclist -1 -1 -0.9095 515.3168 763.4593 620.0145 871.2980 1.7496 0.7459 2.1277 -7.4127 4.4733 28.2729 -1.1513 0.4282
Cyclist -1 -1 -1.7591 883.8612 772.9207 942.3649 883.9464 1.7199 0.7239 1.8185 -0.8759 4.4589 26.7067 -1.7869 0.3846
Cyclist -1 -1 0.2160 88.1765 773.0464 147.9044 850.4332 1.6259 0.6431 1.0471 -18.9382 4.9996 33.6029 -0.2757 0.1278
Car -1 -1 -1.2343 132.1085 744.1348 609.8334 1049.1473 1.4013 1.7458 3.6910 -3.7281 2.3617 10.1853 -1.5537 0.9828
Car -1 -1 1.9393 436.2397 775.3456 576.5176 858.3073 1.3858 1.7511 3.8488 -10.3214 5.0288 34.2151 1.6612 0.4899
Car -1 -1 -1.0826 409.7585 775.6432 593.9891 884.7076 1.5136 1.7812 3.5996 -8.5285 4.5401 28.0784 -1.3611 0.1526
Car -1 -1 -1.1279 48.5151 776.0314 209.2855 861.8118 1.4799 1.6834 3.9396 -19.2960 5.2055 34.8614 -1.6125 0.1353
Car -1 -1 2.8286 1284.9235 794.2454 1524.0446 893.2761 1.6825 1.8929 4.2019 8.7945 5.1849 29.9096 3.1070 0.1208
