Pedestrian -1 -1 -0.2498 75.6707 759.7295 125.0100 838.1826 1.6103 0.6030 0.8263 -18.9534 4.6241 32.9245 -0.7508 0.3049
Pedestrian -1 -1 -1.5063 893.2277 760.3982 935.0529 866.8659 1.7279 0.6642 0.8618 -0.8086 4.1095 25.8416 -1.5329 0.1782
Pedestrian -1 -1 -0.8744 30.6080 755.3957 81.9236 822.3884 1.4245 0.6222 0.8053 -20.5724 4.4312 34.0043 -1.3976 0.1561
Cyclist -1 -1 -1.1422 516.4105 751.9792 598.9014 858.5649 1.7219 0.6897 1.9791 -7.4410 4.1607 27.6633 -1.3903 0.4757
Cyclist -1 -1 1.5691 892.5920 759.1200 935.8964 868.9513 1.7017 0.7261 1.5409 -0.8107 4.0927 25.8585 1.5424 0.3220
Cyclist -1 -1 1.6930 770.4210 757.7517 812.3599 840.6858 1.8466 0.7880 2.0458 -4.2600 5.2807 37.6260 1.5887 0.2735
Cyclist -1 -1 0.2452 440.4223 775.1089 533.6536 856.3687 1.6781 0.8504 1.8070 -10.4732 5.0469 33.0725 -0.0458 0.1587
Cyclist -1 -1 -0.8322 67.7363 759.6255 133.7725 838.2228 1.5831 0.6347 1.1631 -18.9528 4.6099 32.9564 -1.3328 0.1444
Car -1 -1 -1.2032 63.6285 730.7399 591.2926 1059.2267 1.4138 1.7138 3.6335 -3.6955 2.2140 9.4648 -1.5408 0.9805
Car -1 -1 -2.1925 0.0000 761.5917 145.3486 847.0816 1.5424 1.7554 3.8804 -20.5113 4.7679 33.6892 -2.7177 0.6255
Car -1 -1 0.2822 365.4833 786.3873 570.3072 865.2744 1.5064 1.7714 3.9798 -10.9087 5.1973 33.2566 -0.0186 0.2593
Car -1 -1 2.1350 0.0000 748.9910 41.7194 860.5635 1.5607 1.8961 4.4149 -19.5490 4.0766 28.0932 1.5522 0.1364
Car -1 -1 -2.9536 603.8993 805.8057 755.2422 876.5350 1.9133 1.9618 4.3348 -8.7380 7.6782 46.6428 -3.1273 0.1217
