Pedestrian -1 -1 -1.5015 786.0442 792.3303 810.8593 863.4527 1.7880 0.6040 0.6100 -4.2858 6.2330 39.3878 -1.6012 0.1923
Pedestrian -1 -1 -0.1014 511.3047 775.4871 576.3775 884.3609 1.9021 0.7427 1.1215 -7.8683 4.7943 28.1770 -0.3579 0.1798
Pedestrian -1 -1 3.5420 102.7850 784.4043 158.7990 862.5385 1.7030 0.6851 0.9318 -19.1689 5.4267 34.5308 3.0568 0.1648
Pedestrian -1 -1 2.4033 885.2504 794.2223 948.2303 888.4945 1.5738 0.5969 1.0249 -0.8184 4.7613 27.5818 2.3787 0.1490
Cyclist -1 -1 -0.7701 502.2627 780.4623 610.0252 885.4976 1.6997 0.6854 2.0657 -7.6673 4.7637 28.3958 -1.0185 0.5479
Cyclist -1 -1 -1.3243 887.0145 793.8326 941.0377 890.9118 1.5570 0.6381 1.5210 -0.8605 4.7690 27.6220 -1.3503 0.2239
Cyclist -1 -1 2.5846 1786.1892 742.3483 1936.0000 1113.2333 1.6991 0.8240 1.8882 5.3299 2.3246 7.5413 3.1304 0.1346
Cyclist -1 -1 2.5205 105.7560 786.1996 171.3781 868.5588 1.7250 0.6722 1.1516 -19.0240 5.5283 34.5953 2.0393 0.1012
Car -1 -1 -1.2979 238.0450 757.9629 632.5767 1040.6249 1.4575 1.7588 3.5477 -3.6981 2.6121 11.1863 -1.5895 0.9806
Car -1 -1 2.8260 1236.8478 820.3209 1451.2314 912.0515 1.6691 1.8016 4.1905 8.3236 6.0832 32.7296 3.0696 0.1958
Car -1 -1 2.8092 1246.5081 819.7798 1477.0308 917.9867 1.6605 1.8009 4.1907 8.1299 5.7826 30.5682 3.0626 0.1727
Car -1 -1 2.8199 1296.9230 808.5392 1549.6024 914.6337 1.7126 1.8802 4.2431 8.7762 5.3544 28.6464 3.1084 0.1307
Car -1 -1 0.3336 230.4826 796.4321 474.4019 903.3057 1.9832 2.0082 4.4537 -13.0483 5.8072 32.2655 -0.0309 0.1078
