Pedestrian -1 -1 0.0955 51.4639 759.1555 97.2522 845.3931 1.7367 0.6357 0.7722 -18.9453 4.6458 31.9561 -0.4175 0.4682
Pedestrian -1 -1 -1.5168 889.3623 755.0735 933.4546 867.8693 1.7460 0.6737 1.0307 -0.8222 3.9574 24.8814 -1.5452 0.2795
Pedestrian -1 -1 -1.1836 561.5190 754.5988 619.0343 854.9082 1.7692 0.7419 0.9535 -7.0063 4.2673 28.2741 -1.4127 0.1802
Cyclist -1 -1 -1.6538 887.4287 753.4901 937.1783 866.9286 1.7184 0.7273 1.3154 -0.8262 3.9210 24.9211 -1.6824 0.3061
Cyclist -1 -1 -1.1743 550.3750 752.2555 625.6569 856.8198 1.7477 0.7578 1.6942 -6.9896 4.2158 28.0820 -1.4044 0.2614
Cyclist -1 -1 1.6698 765.0530 747.8961 807.3463 834.8892 1.8851 0.7921 2.2851 -4.2910 5.0054 36.7918 1.5621 0.2028
Cyclist -1 -1 -1.1890 396.8444 739.9358 443.0830 802.0134 1.8573 0.8035 1.7724 -17.7231 5.6963 49.0004 -1.5224 0.1630
Cyclist -1 -1 -0.9056 35.0658 760.7629 105.6026 847.4573 1.6963 0.7052 1.1769 -18.9833 4.6508 31.8850 -1.4203 0.1598
Car -1 -1 -1.1922 0.0000 725.6574 555.2485 1094.6920 1.4263 1.7342 3.5757 -3.6944 2.1241 8.5593 -1.5591 0.9862
Car -1 -1 -2.2583 0.0000 768.3176 120.1111 858.0577 1.5915 1.7306 3.7294 -20.4790 4.8551 32.5849 -2.7966 0.3650
Car -1 -1 2.0748 355.6403 766.0855 496.9812 839.3847 1.5056 1.8018 4.3453 -14.8831 5.6752 41.8666 1.7483 0.2231
Car -1 -1 3.3135 520.5569 781.9805 678.0511 851.1523 1.6985 1.8058 4.0664 -10.1856 6.2476 42.3009 3.0898 0.1268
