Pedestrian -1 -1 0.1465 22.2609 764.3977 75.3733 851.2243 1.6987 0.6037 0.8533 -18.9698 4.6410 31.1032 -0.3782 0.2548
Pedestrian -1 -1 1.5275 889.7468 752.8551 934.1293 869.6553 1.7322 0.6693 1.0723 -0.7981 3.8303 23.9616 1.4987 0.1332
Cyclist -1 -1 -1.2786 536.9797 751.4191 606.7817 856.4221 1.6801 0.6892 1.8919 -7.0637 4.0638 27.2115 -1.5183 0.4305
Cyclist -1 -1 1.6689 756.8208 762.5281 796.8456 845.2972 1.7431 0.7428 1.9914 -4.4051 5.1324 35.8258 1.5553 0.3149
Cyclist -1 -1 1.5335 887.9133 751.9680 936.4343 870.6861 1.7251 0.7319 1.3882 -0.7982 3.8238 23.9823 1.5047 0.2568
Cyclist -1 -1 3.3986 123.9769 640.4717 399.6458 870.3488 1.9089 0.8125 2.0303 -6.0499 2.0505 13.0434 2.9946 0.2160
Cyclist -1 -1 -0.0992 12.6110 763.8105 82.9705 851.4738 1.6723 0.6384 1.2025 -18.9782 4.6153 31.0729 -0.6246 0.1306
Car -1 -1 -1.1715 0.0000 726.8312 509.6151 1157.2980 1.4385 1.7268 3.5591 -3.6980 2.0797 7.6244 -1.5744 0.9857
Car -1 -1 -0.9982 343.5177 773.3518 485.6365 848.5957 1.5302 1.7558 3.9408 -14.8744 5.8021 40.9103 -1.3313 0.7716
Car -1 -1 -1.1698 521.7977 766.9796 651.0042 844.8796 1.4231 1.7257 3.6249 -9.0287 5.0556 36.3006 -1.4008 0.5857
Car -1 -1 -2.1680 0.0000 759.7220 95.9302 853.9460 1.6309 1.6898 3.8280 -20.5415 4.6476 31.9023 -2.7171 0.1971
