Pedestrian -1 -1 -1.0285 871.8474 769.7370 934.6879 897.1357 1.6475 0.5925 0.7081 -0.8042 3.7082 20.8236 -1.0627 0.3976
Pedestrian -1 -1 -0.3218 1127.4751 804.6724 1154.6074 868.6951 1.6034 0.6016 0.5549 4.7785 6.4264 39.7700 -0.2013 0.1046
Cyclist -1 -1 -1.0471 552.0996 762.7237 647.1626 877.7283 1.7522 0.7317 1.9436 -6.3354 4.2722 26.3059 -1.2692 0.3450
Cyclist -1 -1 -1.4817 733.8997 766.1716 783.5754 859.6763 1.8057 0.8948 1.9064 -4.4227 4.9934 32.7746 -1.6064 0.1489
Cyclist -1 -1 -1.2999 872.4144 769.4067 935.0601 898.2899 1.6419 0.6312 0.9706 -0.7927 3.7067 20.8214 -1.3335 0.1175
Cyclist -1 -1 -1.8074 1843.2756 752.3893 1936.0000 1171.1840 1.6126 0.6445 1.5927 4.7981 2.2936 7.1334 -1.2875 0.1100
Car -1 -1 -0.8119 282.2450 780.1420 451.9254 864.8483 1.5727 1.7935 3.8335 -14.8717 5.6988 37.6319 -1.1710 0.9225
Car -1 -1 -0.9804 0.0000 658.8259 294.5581 1216.0000 1.5335 1.8000 3.8461 -3.6510 1.6746 4.2846 -1.5816 0.8936
Car -1 -1 1.8453 642.5422 783.9969 753.6613 861.8214 1.4775 1.7815 4.1440 -6.8570 5.8967 39.3786 1.6836 0.6305
Car -1 -1 -2.4089 0.0000 769.9327 121.4022 862.1241 1.5973 1.8201 4.7285 -20.3779 4.7688 31.3815 -2.9612 0.1164
