Pedestrian -1 -1 -1.5440 892.5517 757.8524 931.5084 861.5524 1.6525 0.6338 0.8722 -0.8302 3.9484 25.3868 -1.5722 0.3248
Pedestrian -1 -1 0.2303 48.2304 748.6522 116.4494 833.8711 1.7360 0.6995 1.1352 -19.0240 4.4570 32.3877 -0.2793 0.2719
Cyclist -1 -1 -1.1608 526.4338 745.5525 608.9814 851.4062 1.7262 0.7292 1.9880 -7.2913 4.0533 27.8018 -1.4031 0.4197
Cyclist -1 -1 1.5409 891.7347 754.6220 934.6815 864.0411 1.6721 0.6914 1.4725 -0.8266 3.9408 25.3986 1.5130 0.2628
Cyclist -1 -1 -1.3873 765.4287 750.2029 819.5425 837.5515 1.8910 0.8648 2.6264 -4.2177 5.1519 37.5737 -1.4908 0.2300
Cyclist -1 -1 -1.3398 63.0872 741.2958 123.1723 832.6196 1.7878 0.7166 1.7601 -18.9211 4.4007 32.6263 -1.8442 0.2081
Cyclist -1 -1 -1.2017 505.2484 738.2914 552.0551 799.8990 1.7979 0.7967 1.9130 -13.9538 5.5343 48.2844 -1.4709 0.1894
Cyclist -1 -1 -1.4821 505.8252 762.0899 551.2031 850.4717 1.7665 0.8086 1.6977 -9.7133 4.9334 33.6136 -1.7489 0.1317
Cyclist -1 -1 1.9619 396.1380 752.2858 446.2687 813.0880 1.7682 0.7337 2.2404 -17.8235 6.0737 49.4047 1.6296 0.1255
Car -1 -1 -1.1970 21.8957 722.9617 575.3912 1065.0389 1.4299 1.7153 3.5776 -3.7036 2.1450 9.0969 -1.5469 0.9819
Car -1 -1 2.0653 374.0727 760.9430 505.7955 829.8577 1.4677 1.7545 4.1278 -14.7898 5.5476 42.6623 1.7461 0.4128
Car -1 -1 -1.1113 0.0000 759.4973 182.5191 854.6080 1.6267 1.8374 4.3204 -19.6718 4.8845 33.9972 -1.6146 0.2431
Car -1 -1 -1.0211 468.3802 760.9979 631.0237 852.1718 1.6351 1.8847 3.9747 -9.6797 5.0633 35.4927 -1.2736 0.1578
Car -1 -1 -1.0236 0.0000 743.3849 48.3295 851.3155 1.5464 1.8169 4.1031 -19.2487 3.9346 28.0646 -1.6001 0.1252
Car -1 -1 3.3934 439.1776 793.0707 622.2563 867.8167 1.6921 1.8527 4.2613 -11.1980 6.1960 39.0971 3.1289 0.1208
