Pedestrian -1 -1 -0.0920 866.0353 735.3194 941.4190 920.4146 1.7720 0.6783 0.7055 -0.5904 2.9191 15.1535 -0.1280 0.4918
Pedestrian -1 -1 1.6207 716.3035 761.7164 753.2462 863.2387 1.7484 0.6234 0.6075 -4.0815 4.2466 26.9755 1.4807 0.3700
Pedestrian -1 -1 1.4164 1155.1680 760.2238 1182.0239 830.5132 1.7867 0.6246 0.5380 5.4520 5.3718 39.3436 1.5543 0.2050
Pedestrian -1 -1 -0.5273 697.8734 761.6189 795.9402 876.3176 1.6938 0.6983 1.4327 -3.5070 3.9993 24.5031 -0.6595 0.1687
Pedestrian -1 -1 -1.3357 544.4611 772.9693 571.2132 829.0464 1.7831 0.7236 0.6305 -13.3694 6.7229 49.5687 -1.5866 0.1615
Pedestrian -1 -1 2.2977 644.3062 797.7698 674.4617 854.0648 1.6054 0.6646 0.6131 -9.2335 6.9436 45.7448 2.1100 0.1278
Cyclist -1 -1 3.0583 724.2712 767.3139 845.1685 879.6802 1.7176 0.7478 1.9417 -2.9367 4.1332 24.8126 2.9493 0.3474
Cyclist -1 -1 3.4624 62.5373 783.2368 146.7103 867.5750 1.4567 0.6834 1.2038 -15.9862 4.4606 27.9291 2.9665 0.1482
Car -1 -1 -0.7740 172.1389 780.6912 373.2220 875.0248 1.4637 1.7545 3.7148 -14.6552 5.0143 32.0304 -1.1831 0.9674
Car -1 -1 -0.9919 520.7543 793.1614 643.9625 864.8469 1.5256 1.7547 3.5416 -10.8404 6.5855 43.0069 -1.2258 0.8232
Car -1 -1 1.7984 620.8280 787.6068 704.5893 849.0591 1.4437 1.7411 3.8820 -9.4448 6.8349 47.5745 1.6135 0.5316
Car -1 -1 1.7567 808.8073 789.5451 892.4276 856.2623 1.4658 1.7840 4.0423 -3.3065 6.6974 45.4035 1.6915 0.1536
