Pedestrian -1 -1 -0.4215 852.3461 730.8740 938.8729 897.7676 1.7320 0.7246 0.7296 -0.7346 2.9447 16.6251 -0.4621 0.2481
Pedestrian -1 -1 1.7630 518.9078 754.3544 543.5461 811.5773 1.8105 0.6460 0.7442 -14.2314 6.1299 49.5005 1.4955 0.1080
Pedestrian -1 -1 -0.4800 745.2869 734.2465 802.5845 851.9473 1.7952 0.7163 0.6672 -3.0326 3.5995 24.1919 -0.5960 0.1034
Cyclist -1 -1 -0.5450 640.8746 746.3004 769.6262 862.9627 1.7330 0.7725 2.0211 -4.2879 3.8506 25.1367 -0.7031 0.3944
Cyclist -1 -1 0.2415 1129.7764 742.6151 1205.9739 817.2461 1.8819 0.8701 1.9093 5.6459 5.1578 40.8582 0.3794 0.1919
Cyclist -1 -1 -1.0079 392.2563 758.5693 477.6075 844.7328 1.9600 0.8595 2.5788 -13.8959 5.6185 39.5751 -1.3301 0.1101
Cyclist -1 -1 1.5837 1178.2755 776.8873 1204.3417 841.2357 1.7236 0.7623 1.8920 7.0464 6.4756 45.7591 1.7372 0.1092
Car -1 -1 -0.8097 204.2492 775.0521 390.5911 865.2849 1.4896 1.7442 3.6400 -14.7368 5.0444 33.3929 -1.2063 0.9706
Car -1 -1 1.6399 776.3267 770.4677 857.4919 851.4885 1.8092 2.0313 4.7543 -4.2206 6.3638 44.3943 1.5531 0.4717
Car -1 -1 -0.9720 523.4975 774.3882 648.4210 844.6071 1.5753 1.7658 3.7451 -11.0843 6.2205 44.4048 -1.2042 0.3283
