Pedestrian -1 -1 -0.3368 899.6846 746.9963 1009.3757 991.7761 1.7196 0.6434 0.6544 -0.0582 2.6785 11.3309 -0.3435 0.7193
Pedestrian -1 -1 2.3876 1012.2504 827.2550 1033.8463 876.5951 1.5085 0.5545 0.4499 2.0240 8.1882 49.0071 2.4334 0.1167
Cyclist -1 -1 0.7880 0.0000 779.8624 66.4545 901.9724 1.7818 0.8133 1.9253 -15.5135 4.3378 24.0390 0.2433 0.1808
Cyclist -1 -1 -1.0283 929.3829 789.3141 1030.2203 909.7797 1.6500 0.6994 2.0116 0.3243 4.4420 24.3560 -1.0125 0.1734
Car -1 -1 2.3341 134.3679 793.0068 366.9000 898.6190 1.3807 1.7101 3.9502 -13.4383 4.8300 28.5363 1.9159 0.9691
Car -1 -1 1.9830 545.7834 811.3564 668.3123 886.3679 1.3880 1.7878 3.6603 -9.2720 6.5491 39.4253 1.7653 0.8684
Car -1 -1 2.0650 634.7742 808.2523 753.6043 882.4800 1.5486 1.7598 3.8951 -7.7673 7.1842 43.8374 1.9008 0.7272
Car -1 -1 1.4742 1232.4795 817.4037 1311.0740 888.6108 1.3971 1.8128 4.0456 8.8396 7.1830 42.8404 1.6763 0.1627
Car -1 -1 -0.2883 1320.8003 808.8275 1537.2067 897.6566 1.6838 1.8684 4.2255 10.3201 5.8855 33.2154 0.0060 0.1341
Car -1 -1 3.6563 0.0000 801.2549 152.6011 906.0909 1.4764 1.6349 3.8474 -15.7967 4.5063 24.8291 3.1176 0.1096
