Pedestrian -1 -1 -0.1307 886.4126 757.8066 979.9100 977.5175 1.7063 0.6704 0.6974 -0.2430 2.8478 12.4611 -0.1497 0.3033
Pedestrian -1 -1 1.6333 722.0014 777.3832 768.6255 894.7764 1.7650 0.6804 1.0003 -3.5103 4.3027 24.3648 1.5006 0.1400
Cyclist -1 -1 -1.1829 833.1033 779.3345 930.5638 905.9340 1.7307 0.8994 1.9131 -1.2537 4.3242 24.0621 -1.2291 0.4073
Cyclist -1 -1 0.5011 0.0000 778.6923 57.7514 891.1860 1.7474 0.7404 1.3767 -15.8462 4.3302 24.7166 -0.0414 0.1096
Car -1 -1 2.2435 141.3149 798.1708 354.1841 900.0835 1.3880 1.7194 3.8515 -13.9665 5.0491 29.5184 1.8234 0.9676
Car -1 -1 1.9768 622.0058 802.1448 732.8416 872.2673 1.4885 1.7719 4.0728 -8.4711 7.0784 44.9775 1.8020 0.8392
Car -1 -1 2.1764 518.8076 804.8931 658.7532 883.0413 1.4880 1.7417 3.8618 -9.9783 6.5978 40.3376 1.9474 0.7655
Car -1 -1 0.6355 0.0000 796.4615 47.2728 901.5271 1.4595 1.7803 3.8247 -17.6925 4.4349 24.9552 0.0475 0.1834
Car -1 -1 -3.2926 1167.5251 831.5413 1313.2944 898.8654 1.6216 1.8150 3.8830 7.9668 7.6882 42.9350 -3.1098 0.1474
Car -1 -1 -0.8964 401.6921 812.7566 548.9755 896.4634 1.5543 1.7108 3.6215 -12.5201 6.6716 38.7375 -1.1928 0.1433
