Pedestrian -1 -1 -0.3733 1224.8611 687.2643 1429.6766 1137.7404 1.7547 0.6743 0.6196 1.5277 2.0344 6.3196 -0.1801 0.7722
Pedestrian -1 -1 1.7966 180.4616 816.3118 243.4922 934.5371 1.5670 0.6449 0.7731 -10.8684 4.4029 21.7102 1.3597 0.1687
Pedestrian -1 -1 2.5898 1891.0602 843.5538 1936.0000 1005.8715 1.2681 0.6576 0.6513 8.5549 3.2035 12.9058 3.1350 0.1507
Pedestrian -1 -1 3.0172 946.4742 821.1534 985.9478 887.0063 1.6572 0.6704 0.9923 0.1296 7.0037 40.3497 3.0256 0.1130
Cyclist -1 -1 1.7306 1314.5647 788.6111 1383.0366 916.2506 1.7217 0.7763 1.9369 6.2078 4.4513 23.8909 1.9754 0.2890
Cyclist -1 -1 1.4076 939.7702 760.6968 1026.6377 931.6438 1.8392 0.7910 1.8389 0.2480 3.6158 18.5959 1.4218 0.1736
Car -1 -1 2.3381 287.5386 799.6629 547.6628 921.8764 1.3663 1.7599 4.0671 -9.0584 4.5777 25.2661 2.0137 0.9793
Car -1 -1 1.9623 855.0948 806.9979 972.6965 884.1730 1.4228 1.7559 3.8625 -1.1987 6.5128 39.6825 1.9383 0.9283
Car -1 -1 2.1363 737.9523 808.8596 886.6341 894.6575 1.4178 1.8111 3.6637 -3.4780 6.0383 35.5173 2.0472 0.8204
Car -1 -1 1.3535 1513.0822 814.8925 1638.3506 905.2854 1.4993 1.9287 3.9060 14.5574 6.2923 35.6429 1.7326 0.1114
