Pedestrian -1 -1 -0.3025 1188.3120 699.7184 1386.4105 1121.7720 1.7293 0.6691 0.6726 1.4278 2.0800 6.6355 -0.1292 0.6027
Pedestrian -1 -1 2.7777 924.2545 778.1867 985.4348 918.1646 1.6552 0.6350 0.5892 -0.0854 3.6405 18.9659 2.7753 0.2955
Pedestrian -1 -1 1.4833 1293.8683 796.2284 1335.4965 903.8394 1.6032 0.5842 0.6650 5.6248 4.3749 23.8235 1.7067 0.2946
Pedestrian -1 -1 2.3011 961.6013 832.9472 995.2175 896.3991 1.6635 0.6009 0.7728 0.4924 7.6986 42.8923 2.3177 0.2265
Pedestrian -1 -1 2.0200 154.4028 815.2275 226.7281 934.4927 1.6044 0.6553 0.7661 -11.1868 4.4181 21.7246 1.5722 0.2057
Pedestrian -1 -1 -0.5351 1175.0222 776.4832 1372.2297 1121.9656 1.5454 0.6571 0.7303 1.5569 2.3509 7.5097 -0.3638 0.1912
Pedestrian -1 -1 0.9748 31.5220 797.1476 137.6544 929.4023 1.6674 0.7840 1.1722 -12.3527 4.1661 21.0765 0.4744 0.1084
Cyclist -1 -1 1.9464 958.0898 831.2365 998.0679 897.4483 1.6607 0.7022 1.3338 0.4890 7.6885 42.9368 1.9630 0.1170
Cyclist -1 -1 0.9500 16.1504 801.6948 128.0400 931.8560 1.6391 0.7650 1.3020 -12.5758 4.2140 21.1549 0.4437 0.1097
Car -1 -1 2.4740 251.5926 798.0817 518.0702 917.9974 1.3665 1.7239 3.9822 -9.6744 4.5545 25.3828 2.1304 0.9775
Car -1 -1 -1.0210 709.6490 808.6677 855.5283 895.7709 1.4625 1.7877 3.6637 -4.2092 6.1059 35.7479 -1.1289 0.9442
Car -1 -1 2.1174 817.9197 811.3704 950.8252 888.4297 1.4152 1.7467 3.9057 -1.9952 6.6580 39.9138 2.0744 0.7532
Car -1 -1 0.2663 0.0000 806.5172 259.3370 930.5823 1.4104 1.6275 3.6360 -12.3362 4.1899 21.6917 -0.2221 0.1090
