Pedestrian -1 -1 -1.3868 1483.2787 660.3949 1710.9270 1216.0000 1.7439 0.6331 0.6532 2.1296 1.8726 4.9852 -1.0633 0.8282
Pedestrian -1 -1 2.8276 190.6669 811.2403 265.3046 917.5372 1.3047 0.5992 0.7829 -10.0718 3.9249 20.5427 2.3986 0.2692
Pedestrian -1 -1 2.2407 285.0124 812.4739 365.6849 926.5286 1.4431 0.6278 0.8849 -8.9751 4.1576 21.1275 1.8635 0.1799
Cyclist -1 -1 1.5863 1532.3439 805.2381 1557.1639 868.7070 1.7332 0.7249 2.1538 18.8987 7.7090 48.4193 1.9539 0.3905
Cyclist -1 -1 1.4443 1484.4916 784.4825 1549.0809 911.3608 1.7091 0.7015 1.8558 8.7434 4.3317 23.5948 1.7855 0.3643
Car -1 -1 -0.6901 389.8420 790.0402 647.4971 914.0962 1.4220 1.7205 3.8451 -7.2215 4.3794 24.7133 -0.9573 0.9615
Car -1 -1 2.0431 965.0877 805.4648 1100.8534 885.7277 1.4003 1.7578 4.2065 1.9095 6.3246 38.5223 2.0958 0.9605
Car -1 -1 2.0854 855.8096 800.4047 1005.4045 889.6786 1.4367 1.7669 3.8442 -0.6438 5.7301 34.4735 2.0720 0.9382
Car -1 -1 -0.9659 682.6392 804.7110 857.2388 909.7959 1.6153 1.7780 4.0440 -4.1075 5.8153 32.7276 -1.0810 0.2670
Car -1 -1 -1.9929 1670.5831 797.6329 1858.1865 902.5823 1.5690 1.8983 4.1443 16.7618 5.4478 31.4598 -1.5160 0.2422
