Pedestrian -1 -1 -3.3628 1392.4996 669.0502 1633.3182 1194.9167 1.7305 0.6965 0.6335 1.9437 1.8993 5.3492 -3.0823 0.7555
Pedestrian -1 -1 1.9602 253.7812 811.8301 323.6371 923.7188 1.4606 0.6409 0.7902 -9.5463 4.1662 21.2472 1.5632 0.2680
Pedestrian -1 -1 -0.2709 146.5243 801.9340 218.7644 920.1182 1.4737 0.6259 0.7534 -10.7154 3.9674 20.5812 -0.7230 0.1891
Cyclist -1 -1 1.6586 1434.6086 784.6572 1492.4828 913.1523 1.7419 0.7299 1.9979 8.0678 4.4168 23.9764 1.9709 0.3920
Cyclist -1 -1 0.6536 98.7832 786.4729 232.9543 917.2292 1.6262 0.8832 1.3811 -10.9238 3.9091 20.5636 0.1934 0.1617
Car -1 -1 2.4748 353.8418 791.4527 621.8267 915.8477 1.4156 1.6861 4.0518 -7.7745 4.4255 24.8859 2.1900 0.9643
Car -1 -1 2.0555 934.5616 803.6366 1066.5869 882.0175 1.3994 1.7460 3.9917 1.0759 6.2895 38.7475 2.0873 0.9302
Car -1 -1 -0.9328 817.2534 804.1837 973.4215 890.1075 1.3992 1.7570 3.7052 -1.4817 5.8169 34.8248 -0.9690 0.9006
Car -1 -1 1.9499 1030.6162 806.1302 1137.8398 879.5626 1.5033 1.7101 4.1510 3.6625 7.0953 43.9040 2.0358 0.5736
Car -1 -1 -1.8443 1621.9812 807.5557 1770.0752 907.9963 1.6074 1.9376 4.2122 16.7504 6.0727 34.3183 -1.4010 0.1792
