Pedestrian -1 -1 2.0787 1130.1399 765.6880 1211.1810 932.2528 1.7421 0.6834 0.6386 2.3647 3.3745 16.8791 2.2097 0.5472
Pedestrian -1 -1 -2.1135 1547.4067 639.1237 1911.4091 1216.0000 1.7550 0.6658 0.7206 2.2541 1.8013 4.4592 -1.7428 0.4337
Pedestrian -1 -1 2.8978 232.1257 801.6130 296.7310 914.9704 1.4002 0.5844 0.6842 -9.4526 3.8492 20.2847 2.4878 0.2613
Pedestrian -1 -1 1.8919 334.6433 812.1399 400.5052 922.7461 1.4064 0.6071 0.8406 -8.2884 4.0773 20.9016 1.5378 0.2312
Pedestrian -1 -1 -1.7054 1152.7886 766.6708 1175.6250 819.9814 1.6747 0.6538 0.7411 6.6905 6.3860 49.3245 -1.5689 0.2007
Cyclist -1 -1 1.5901 1545.4662 789.3138 1597.4150 913.6524 1.6919 0.7441 1.8555 9.7912 4.4395 23.9917 1.9629 0.3588
Cyclist -1 -1 0.6249 204.1633 793.3683 317.4051 908.1501 1.4177 0.8268 1.1404 -9.6083 3.7902 20.5356 0.2130 0.1015
Car -1 -1 2.4486 431.4605 790.2940 702.7031 916.0198 1.4005 1.7840 4.0821 -6.3677 4.3544 24.5378 2.2105 0.9739
Car -1 -1 2.0871 1008.3483 805.3500 1149.7766 886.7029 1.4125 1.7410 4.1688 3.0508 6.2641 37.9935 2.1693 0.9300
Car -1 -1 -1.0603 896.0065 801.8442 1042.9878 892.2153 1.4548 1.7711 3.6548 0.2433 5.7213 34.0326 -1.0488 0.9070
