Pedestrian -1 -1 1.2711 1753.8125 622.1207 1936.0000 1216.0000 1.7435 0.6512 0.6164 2.5441 1.7369 3.9278 1.7240 0.5196
Pedestrian -1 -1 2.5175 1206.2701 758.4252 1294.2133 934.2319 1.7694 0.6686 0.6670 3.1205 3.2533 16.1732 2.6958 0.4256
Pedestrian -1 -1 3.3463 313.8239 810.3531 379.2177 916.2125 1.3166 0.6168 0.6960 -8.3048 3.8690 20.2217 2.9807 0.2665
Pedestrian -1 -1 2.4186 390.6117 809.2339 467.6389 933.4734 1.5509 0.6484 0.7623 -7.3338 4.1535 20.6219 2.0990 0.2657
Cyclist -1 -1 1.5653 1644.5681 795.4500 1700.8821 919.5644 1.6880 0.7765 1.8159 11.4181 4.5423 24.0399 1.9922 0.4074
Cyclist -1 -1 1.1785 343.8959 797.0671 436.6408 926.3845 1.5798 0.8601 1.1241 -7.9660 4.0617 20.8525 0.8364 0.1184
Car -1 -1 -1.0259 960.1932 801.2573 1116.8357 892.5677 1.4218 1.7486 3.8321 1.7808 5.6025 33.3758 -0.9702 0.9416
Car -1 -1 2.1116 1077.3339 806.6486 1225.9387 890.7511 1.4387 1.7575 4.1949 4.7950 6.2308 37.2395 2.2399 0.9354
Car -1 -1 -0.6881 492.6081 787.2139 757.1561 915.0219 1.4350 1.7830 3.9068 -5.3484 4.2826 24.1547 -0.8919 0.8769
Car -1 -1 1.9869 1189.4462 807.3140 1308.1310 882.7243 1.4744 1.7385 4.2059 8.1662 6.8957 42.2205 2.1769 0.5262
Car -1 -1 -1.8844 1860.2037 806.5492 1936.0000 925.5631 1.6026 1.9527 4.1079 19.3163 5.4197 29.1905 -1.3160 0.3477
Car -1 -1 -3.6270 1811.2598 817.0618 1936.0000 893.7860 1.4591 1.7353 4.0009 22.1177 6.0225 34.5040 -3.0698 0.2060
