Pedestrian -1 -1 1.5262 1271.6381 755.2542 1347.2257 943.2498 1.8036 0.7116 1.1314 3.6677 3.2365 15.8210 1.7389 0.3211
Pedestrian -1 -1 -1.7374 1277.1211 760.6544 1300.7468 818.4566 1.7604 0.6227 0.7357 10.4534 6.1275 47.7239 -1.5223 0.2160
Pedestrian -1 -1 1.1561 410.5146 810.2701 500.5379 928.5320 1.4262 0.8521 1.0431 -7.0437 4.0902 20.8181 0.8508 0.1751
Pedestrian -1 -1 0.4940 310.3470 797.3436 420.7706 918.2563 1.4916 0.7951 1.1474 -8.0635 3.8838 20.2715 0.1390 0.1545
Cyclist -1 -1 -1.6227 1705.2963 797.3386 1766.1018 923.2692 1.7444 0.7555 1.8329 12.6260 4.6746 24.4205 -1.1629 0.3544
Cyclist -1 -1 1.5410 1269.8990 752.8489 1350.1389 946.2847 1.8248 0.7645 1.3304 3.6625 3.2375 15.7884 1.7538 0.1270
Cyclist -1 -1 0.6071 272.6740 782.8833 409.8988 918.9323 1.6605 0.8592 1.4959 -8.3747 3.8602 20.2272 0.2388 0.1201
Car -1 -1 2.4214 540.2819 796.8257 803.3922 923.2853 1.3676 1.7196 3.9592 -4.5404 4.3566 23.9169 2.2466 0.9640
Car -1 -1 2.0353 1124.5463 804.9191 1270.8251 890.3735 1.4263 1.8235 4.3022 5.8842 6.1361 36.8447 2.1928 0.9349
Car -1 -1 2.0597 1012.2457 812.2361 1168.2783 906.2789 1.4176 1.8156 3.9186 2.9229 5.8436 33.1942 2.1485 0.8669
Car -1 -1 -0.6071 1874.6660 842.3647 1936.0000 925.9243 1.5470 1.7522 4.0534 22.9346 6.5325 33.3680 -0.0196 0.1585
Car -1 -1 -1.9178 1846.8718 756.8200 1936.0000 1132.2473 1.7035 1.9608 4.5100 8.2905 2.8811 10.9208 -1.3179 0.1102
