Pedestrian -1 -1 -2.0214 1711.1796 631.7047 1936.0000 1216.0000 1.7462 0.6613 0.6276 2.4921 1.7658 3.9933 -1.5820 0.6972
Pedestrian -1 -1 2.4958 1185.4963 766.5070 1279.4718 935.2274 1.7096 0.6410 0.7862 2.9709 3.3066 16.3996 2.6637 0.1595
Pedestrian -1 -1 1.0969 366.3261 810.5861 437.4526 930.2131 1.4988 0.6433 0.7997 -7.7905 4.1477 20.8247 0.7616 0.1248
Pedestrian -1 -1 2.7161 285.0420 802.9916 361.5031 917.2809 1.3960 0.5549 0.7988 -8.6335 3.8638 20.2425 2.3377 0.1156
Cyclist -1 -1 1.3871 1612.5873 785.3872 1688.6974 914.0853 1.7599 0.7498 1.8570 10.9958 4.4319 23.9082 1.8020 0.3464
Cyclist -1 -1 1.3714 1199.0417 765.8918 1231.7045 827.3087 1.8322 0.7790 1.4447 8.2699 6.4946 48.7171 1.5403 0.1495
Car -1 -1 2.0348 1056.3915 807.1893 1196.2345 892.1947 1.4565 1.7866 4.2086 4.2016 6.3058 37.5306 2.1471 0.9233
Car -1 -1 -0.6945 468.0189 788.5994 741.2031 916.9095 1.4175 1.7763 4.0837 -5.6700 4.3009 24.1829 -0.9100 0.9166
Car -1 -1 -0.9964 941.4726 800.6115 1095.3975 890.1062 1.4255 1.7595 3.6284 1.3350 5.6093 33.6184 -0.9538 0.9112
Car -1 -1 -1.8843 1820.1749 807.8427 1936.0000 925.3373 1.6146 1.9270 4.0315 18.6879 5.4955 29.5391 -1.3358 0.3654
Car -1 -1 0.5237 0.0000 796.6713 118.3690 883.1294 1.8780 1.9661 4.3705 -23.9329 6.3141 37.5933 -0.0204 0.1522
