Pedestrian -1 -1 1.5580 1301.1654 764.6246 1371.7622 948.6774 1.7862 0.6924 0.7227 3.9009 3.2826 15.5886 1.7867 0.6247
Pedestrian -1 -1 0.8609 438.2854 820.0685 530.5156 944.4189 1.5069 0.6934 1.0536 -6.5402 4.2591 20.5107 0.5729 0.1865
Cyclist -1 -1 1.5254 1739.0480 794.2512 1801.9365 921.0214 1.7410 0.7791 1.9422 13.1678 4.6197 24.3752 2.0029 0.3995
Cyclist -1 -1 0.8609 438.2854 820.0685 530.5156 944.4189 1.5069 0.6934 1.0536 -6.5402 4.2591 20.5107 0.5729 0.1159
Car -1 -1 2.0576 1144.8099 809.8073 1293.6971 894.7683 1.3982 1.8055 4.2631 6.3693 6.1998 36.5942 2.2285 0.9628
Car -1 -1 2.0814 1028.3933 812.4931 1186.8018 909.6025 1.4727 1.7935 3.8911 3.2796 5.8684 32.9332 2.1811 0.9212
Car -1 -1 2.4327 556.2144 796.6476 817.9092 925.1661 1.3995 1.7637 3.8610 -4.2842 4.3681 23.8018 2.2670 0.8686
Car -1 -1 -0.3484 1537.8495 836.3445 1703.1427 908.0109 1.6788 1.8097 3.8628 18.4749 7.7662 42.0381 0.0581 0.2583
Car -1 -1 -0.8722 1228.7255 822.9440 1365.4827 902.1647 1.6030 1.6226 3.7580 9.2247 7.2662 40.9767 -0.6531 0.1939
Car -1 -1 -0.4547 1700.4589 839.0755 1869.6248 908.5039 1.6498 1.7569 3.8136 23.2769 7.8519 42.3544 0.0384 0.1798
Car -1 -1 -1.0125 862.2386 816.6788 1034.9673 928.6257 1.6422 1.8163 3.9078 -0.1980 5.9438 31.4039 -1.0139 0.1742
Car -1 -1 1.1450 1866.3040 792.5120 1936.0000 1061.1763 1.5589 1.8963 4.5464 10.5104 3.4068 14.0823 1.7479 0.1576
