Pedestrian -1 -1 2.4824 1448.5630 769.5702 1553.8116 963.2357 1.7426 0.6947 0.6766 5.2466 3.1930 14.5531 2.8040 0.5013
Pedestrian -1 -1 -2.6231 562.7224 823.7020 649.7890 944.3846 1.4732 0.6600 0.9395 -4.7925 4.2203 20.2095 -2.8394 0.1691
Pedestrian -1 -1 -1.8288 1417.9927 763.9907 1444.5206 825.8474 1.8300 0.6378 0.6325 14.4710 6.1443 46.0554 -1.5273 0.1263
Cyclist -1 -1 3.2859 0.0000 798.2658 180.7712 965.1418 1.6257 0.7576 1.8304 -9.7602 3.6318 16.6339 2.7898 0.2806
Cyclist -1 -1 -1.7481 1417.8424 755.9664 1458.0696 825.7112 1.9164 0.8303 2.0385 14.6973 6.0548 46.1537 -1.4428 0.1344
Cyclist -1 -1 -1.5826 1455.8495 755.7699 1549.0271 967.2633 1.8197 0.8041 1.3479 5.2513 3.1623 14.5773 -1.2611 0.1183
Cyclist -1 -1 -2.3953 553.6497 824.1087 647.9561 950.6461 1.5108 0.6705 1.0701 -4.8619 4.2725 20.1731 -2.6149 0.1016
Car -1 -1 2.0043 1278.9301 805.8665 1434.3761 900.4313 1.5325 1.8822 4.4166 9.4044 6.0894 35.3533 2.2595 0.5756
Car -1 -1 2.4251 680.6913 797.9417 952.6646 932.6238 1.4454 1.8186 4.0339 -2.1960 4.4033 23.4804 2.3399 0.5672
Car -1 -1 -1.0860 1154.3495 809.7514 1318.3522 909.4587 1.4667 1.8352 3.9068 5.9210 5.6699 31.9002 -0.9056 0.4825
Car -1 -1 -0.8919 1353.2349 823.3109 1495.4432 899.4402 1.4528 1.6464 3.6296 12.1238 6.8663 39.1017 -0.5964 0.1597
