Pedestrian -1 -1 1.6430 1613.4978 785.8262 1700.7848 995.6651 1.7308 0.6881 0.7169 6.3058 3.2392 13.5414 2.0469 0.6694
Pedestrian -1 -1 3.3063 110.1177 809.2339 281.2476 948.3217 1.3604 0.7087 1.5889 -8.4975 3.4827 16.6609 2.8659 0.1114
Cyclist -1 -1 3.3063 110.1177 809.2339 281.2476 948.3217 1.3604 0.7087 1.5889 -8.4975 3.4827 16.6609 2.8659 0.2974
Cyclist -1 -1 0.7695 1532.6782 765.7770 1600.3375 832.8207 1.7555 0.8208 1.7849 17.9015 6.0184 44.2687 1.1487 0.2253
Cyclist -1 -1 0.3899 526.1593 796.5696 692.2323 945.3010 1.7598 0.9712 1.9156 -4.6514 4.1103 19.8305 0.1760 0.1994
Cyclist -1 -1 -1.6898 1617.7325 803.5444 1654.4246 873.0253 1.8435 0.7469 2.7371 21.8163 7.7931 48.3867 -1.2718 0.1844
Car -1 -1 1.9682 1391.6488 809.7464 1550.7710 907.3900 1.4997 1.8315 4.5482 11.6666 5.9934 34.0415 2.2909 0.8306
Car -1 -1 -0.9382 1271.1923 817.8046 1460.0337 922.6670 1.5259 1.8038 3.9078 8.3585 5.7468 30.7914 -0.6798 0.5540
Car -1 -1 -0.8550 785.1229 795.8677 1051.8660 935.7754 1.4435 1.8512 4.0514 -0.5672 4.2990 22.8287 -0.8755 0.5011
Car -1 -1 1.8321 1512.4988 817.2656 1631.5118 906.7361 1.5372 1.7388 4.3359 15.4262 6.6712 37.6549 2.2130 0.3164
Car -1 -1 -3.6335 1896.0090 849.9019 1936.0000 939.3807 1.5251 1.7227 3.8543 22.4099 6.4799 31.8728 -3.0365 0.1648
