Pedestrian -1 -1 2.2929 1849.0228 773.3616 1936.0000 1008.2846 1.7440 0.6611 0.6370 7.6806 2.9805 12.0406 2.8185 0.3189
Pedestrian -1 -1 1.9999 1848.9778 824.9084 1909.1686 935.5599 1.5514 0.6110 0.5637 14.0336 4.6652 22.8694 2.5293 0.2963
Cyclist -1 -1 -0.1240 223.4395 841.2386 428.6981 1027.4265 1.6984 0.7819 2.0035 -6.9430 4.1848 16.3673 -0.4951 0.2753
Cyclist -1 -1 -2.0731 1709.3312 763.7941 1778.2065 839.5302 1.8718 0.8182 2.0256 21.8170 5.8437 41.7397 -1.5990 0.2079
Car -1 -1 2.0963 1573.9011 816.3990 1773.7794 921.0219 1.5545 1.8417 4.5414 15.1941 5.8916 31.8108 2.5300 0.8553
Car -1 -1 -0.4311 385.7532 769.8096 1055.2645 1096.9014 1.4547 1.8076 4.1226 -1.5609 2.6231 10.1842 -0.5701 0.8048
Car -1 -1 -0.6755 949.0485 824.8004 1240.4351 971.8817 1.4815 1.9088 3.9692 2.0027 4.6897 22.1063 -0.5873 0.8037
Car -1 -1 -0.9941 1452.1655 821.1970 1647.9713 932.2682 1.5322 1.7342 3.8447 11.4228 5.5717 28.9409 -0.6296 0.7058
Car -1 -1 1.6018 1733.1975 813.7624 1827.4417 908.6019 1.4757 1.8439 4.5146 19.3774 6.2404 35.3107 2.0923 0.2893
Car -1 -1 1.7126 634.1375 812.1094 862.6481 1006.1995 1.5436 2.0931 4.2393 -2.4251 4.0852 18.1625 1.5909 0.1993
