Pedestrian -1 -1 1.4170 1693.1163 782.6601 1795.3734 994.4531 1.7003 0.6714 0.7080 6.8390 3.1273 13.0908 1.8631 0.5549
Pedestrian -1 -1 -2.1556 1611.6147 773.5570 1669.2975 840.9908 1.7397 0.7524 1.6000 19.5986 6.1172 43.1843 -1.7358 0.1265
Cyclist -1 -1 -0.0556 150.7879 788.4921 348.5160 954.9789 1.6051 0.7474 1.9567 -7.9361 3.5187 16.7175 -0.4690 0.3345
Cyclist -1 -1 -2.1556 1611.6147 773.5570 1669.2975 840.9908 1.7397 0.7524 1.6000 19.5986 6.1172 43.1843 -1.7358 0.2462
Car -1 -1 -0.6568 839.7312 808.4308 1120.0946 948.7199 1.4808 1.8581 3.9461 0.3241 4.5081 22.7428 -0.6403 0.7990
Car -1 -1 2.2009 1450.3527 816.6982 1636.9272 912.3605 1.5135 1.7433 4.1558 12.8781 5.9858 33.0050 2.5637 0.7014
Car -1 -1 2.2775 0.0000 763.5737 205.2985 1216.0000 1.3768 1.7122 3.8631 -5.2052 2.1557 6.3914 1.6718 0.5212
Car -1 -1 1.8226 1566.0973 822.5894 1684.8741 911.6686 1.5011 1.7445 4.0662 16.4045 6.6539 36.8390 2.2324 0.3659
Car -1 -1 -0.9029 1331.2261 821.5878 1526.4851 925.5736 1.4802 1.7493 3.8340 9.3910 5.6586 29.9566 -0.6075 0.3418
Car -1 -1 -3.5077 1746.1097 845.7794 1934.0300 922.4410 1.5350 1.6303 3.6989 21.8430 7.2027 37.2868 -2.9895 0.2559
