Pedestrian -1 -1 2.4085 1861.0720 830.0603 1936.0000 1150.6379 1.6720 0.6486 1.0588 5.9821 2.9314 8.7591 2.9465 0.1140
Cyclist -1 -1 -0.0368 100.2194 779.7623 336.8969 968.0858 1.8067 0.8007 2.3112 -8.2363 3.6230 16.6630 -0.4647 0.3409
Cyclist -1 -1 -2.9181 888.3799 856.0012 1090.4775 1024.5920 1.7727 0.8198 2.3451 0.3518 4.7017 18.2722 -2.8978 0.2455
Cyclist -1 -1 3.0565 398.6454 814.0739 603.3236 994.5914 1.6693 0.7337 2.0531 -4.9273 3.7842 16.0131 2.7809 0.1717
Cyclist -1 -1 2.3522 1885.4427 812.9636 1936.0000 1165.8407 1.7766 0.7823 2.0318 6.5902 2.9515 8.7512 2.9345 0.1645
Cyclist -1 -1 3.4886 0.0000 800.0500 88.5232 1009.6174 1.6753 0.7005 1.3801 -8.6024 3.2788 13.2178 2.9543 0.1279
Cyclist -1 -1 2.4850 1260.8020 829.6017 1425.1914 983.8723 1.8091 0.9213 2.0700 5.2614 4.7458 20.6124 2.7229 0.1271
Car -1 -1 -0.6810 1126.8907 838.4489 1431.9706 996.9803 1.5249 1.8928 3.8022 4.4148 4.7308 20.7322 -0.4808 0.8267
Car -1 -1 -0.6819 1687.9390 867.5552 1936.0000 1072.2273 1.4808 1.8156 3.9832 9.5935 4.0750 14.8054 -0.1430 0.5763
Car -1 -1 1.0621 1902.9321 810.1456 1936.0000 937.4625 1.5491 1.8710 4.2664 19.0258 5.1462 26.8304 1.6604 0.3939
Car -1 -1 2.1475 0.0000 775.3167 68.2491 1087.6586 1.5296 1.9410 4.4836 -9.2851 2.9456 11.7985 1.5301 0.3473
Car -1 -1 1.1101 1683.7864 837.4465 1920.7463 973.3547 1.4942 1.7995 3.8312 13.5955 5.2448 24.4490 1.5986 0.1507
Car -1 -1 2.1180 1861.5911 808.5110 1936.0000 902.8350 1.4403 1.7639 4.4459 21.1998 5.5120 31.4100 2.6971 0.1269
Car -1 -1 0.9747 1902.4937 823.4188 1936.0000 925.3986 1.7249 1.9749 4.3629 25.0077 6.7909 35.9786 1.5689 0.1259
Car -1 -1 -2.4957 0.0000 774.1577 35.1976 940.8956 1.5621 1.8305 4.4178 -13.0940 3.3220 16.6766 -3.1233 0.1151
