Pedestrian -1 -1 1.4993 1888.3695 799.1069 1923.5909 871.6267 1.7502 0.7129 0.8891 24.8433 6.3979 39.3373 2.0522 0.1780
Cyclist -1 -1 -2.2011 1864.2373 798.9442 1930.7623 871.4128 1.6986 0.7266 1.5255 24.7975 6.4035 39.6358 -1.6522 0.1723
Cyclist -1 -1 3.1444 345.2961 820.0247 511.5026 996.4604 1.6623 0.7508 1.6434 -5.6921 3.8357 16.0475 2.8294 0.1590
Cyclist -1 -1 -0.4695 1866.1053 851.3530 1936.0000 1172.7233 1.7879 0.7597 1.8506 6.8883 3.2911 9.4553 0.1011 0.1546
Cyclist -1 -1 0.3015 865.9957 858.6813 1024.6360 1022.4108 1.7652 0.7809 1.8206 -0.1925 4.7699 18.5824 0.2945 0.1504
Cyclist -1 -1 2.4833 1210.1727 841.5748 1368.5156 993.7545 1.7963 0.8919 2.0523 4.5919 4.9505 20.9203 2.6895 0.1401
Cyclist -1 -1 0.5565 0.0000 801.3439 108.9609 966.3646 1.6217 0.7449 1.5899 -10.0879 3.5489 15.9378 0.0291 0.1230
Car -1 -1 -0.6590 1085.5769 834.7084 1389.2744 989.4611 1.5094 1.8414 3.8766 3.8789 4.6906 20.9581 -0.4839 0.8734
Car -1 -1 2.0363 1744.6442 826.9595 1936.0000 934.3843 1.5086 1.7693 4.0896 17.6487 5.8015 29.9027 2.5544 0.7900
Car -1 -1 -0.9911 1602.4332 833.6630 1824.9298 954.1204 1.5519 1.7657 3.9692 13.7072 5.5978 27.2051 -0.5399 0.5594
Car -1 -1 2.6422 1382.9241 818.1754 1936.0000 1063.5958 1.6964 1.8996 4.2648 6.1753 3.5657 13.3090 3.0435 0.3157
Car -1 -1 -1.0698 1852.3127 842.5613 1936.0000 931.6713 1.4145 1.6543 3.7976 21.8493 6.5155 33.4043 -0.5048 0.1439
