Pedestrian -1 -1 -1.6713 1884.5861 799.2129 1921.0717 872.8395 1.7703 0.7076 0.9991 24.8124 6.4358 39.4211 -1.1199 0.1928
Cyclist -1 -1 -0.1361 332.9193 821.5336 511.7273 994.8861 1.5993 0.7353 1.7443 -5.8100 3.8142 16.1306 -0.4558 0.2256
Cyclist -1 -1 -2.2211 1859.4330 798.8381 1927.3912 871.8958 1.7153 0.7582 1.5186 24.7225 6.4241 39.6893 -1.6741 0.2127
Cyclist -1 -1 -1.8160 1373.6652 733.2884 1455.4556 859.5729 1.9098 0.8366 2.0696 7.6910 3.8319 25.4687 -1.5323 0.1928
Cyclist -1 -1 -0.9024 1645.2782 843.9194 1755.7551 963.4410 1.8470 0.7917 1.8770 13.2035 5.8712 26.7057 -0.4593 0.1751
Cyclist -1 -1 0.0923 850.2205 855.5849 1009.3401 1005.7803 1.7101 0.7550 1.9422 -0.3811 4.6889 18.8605 0.0761 0.1550
Car -1 -1 2.0079 1705.2009 828.8291 1895.8627 939.8594 1.5705 1.8208 4.1805 17.0812 5.9824 30.3790 2.5056 0.7475
Car -1 -1 2.3830 1255.4065 824.2592 1781.0884 1095.3818 1.5952 1.7922 4.2745 4.8607 3.5576 13.0143 2.7112 0.7312
Car -1 -1 -0.6228 1062.8704 841.9797 1361.7213 994.2836 1.4948 1.7706 3.8374 3.5363 4.7868 21.0285 -0.4632 0.6780
Car -1 -1 -0.7190 1571.1320 847.1541 1804.7019 955.1948 1.4843 1.7614 3.6041 13.3066 5.7630 27.4408 -0.2826 0.4504
Car -1 -1 -0.5797 1792.2916 872.7486 1936.0000 986.6284 1.4820 1.7464 3.9389 15.9801 5.6688 24.3489 -0.0204 0.1614
Car -1 -1 1.3027 1285.4749 818.4030 1483.1017 979.8832 1.7678 1.8942 4.1390 6.4908 5.0681 23.4282 1.5621 0.1582
