Pedestrian -1 -1 1.4632 967.4808 843.0840 1032.1279 993.0627 1.6500 0.7023 0.7559 0.4572 4.3408 18.0376 1.4889 0.1246
Cyclist -1 -1 3.1022 520.7692 798.8778 682.0924 962.5811 1.7357 0.7755 1.8231 -4.2680 3.8718 17.7539 2.8839 0.3082
Cyclist -1 -1 -2.5623 842.4462 830.5371 1044.2053 1004.8958 1.6237 0.7866 2.2372 -0.2231 4.0986 17.0637 -2.5727 0.2774
Cyclist -1 -1 -2.6056 954.2608 844.7241 1132.2788 1025.4536 1.7246 0.8365 1.8891 0.9361 4.3905 17.2638 -2.5534 0.2444
Cyclist -1 -1 2.2954 1392.9806 817.8328 1571.6053 984.2426 1.8275 0.8265 2.4421 6.8608 4.4878 19.6482 2.6142 0.1731
Cyclist -1 -1 3.1606 482.0435 813.7727 648.2237 1001.2438 1.7324 0.7262 1.6192 -4.0583 3.7462 15.4156 2.9238 0.1696
Car -1 -1 -0.6708 1237.6144 832.1688 1566.8171 994.1208 1.5203 1.7850 3.9049 5.7917 4.4652 19.6664 -0.3990 0.8557
Car -1 -1 -0.6076 1821.0046 871.6377 1936.0000 981.4366 1.4214 1.7189 3.7601 16.4303 5.6118 24.4676 -0.0377 0.2746
Car -1 -1 0.4886 0.0000 806.6679 147.4587 892.3051 1.7477 1.9203 4.1305 -22.1767 6.2488 35.9886 -0.0404 0.2051
Car -1 -1 -0.8514 1493.3256 870.4225 1745.7749 998.6467 1.4161 1.7412 3.7421 10.6791 5.6611 24.2537 -0.4534 0.1236
