Pedestrian -1 -1 1.1312 1875.7836 839.3306 1936.0000 956.2834 1.8039 0.6709 0.7651 15.8396 5.4492 25.0065 1.6759 0.1090
Cyclist -1 -1 -0.0165 589.7617 799.0392 742.5187 957.6837 1.7201 0.7565 1.7615 -3.5338 3.8733 17.9482 -0.1961 0.2915
Cyclist -1 -1 -3.1002 1018.8069 842.7557 1217.2666 1004.1917 1.6615 0.7484 2.2414 1.8211 4.2647 17.3420 -3.0011 0.1757
Cyclist -1 -1 3.2289 485.4006 812.2495 656.1106 991.2794 1.6635 0.7172 1.6280 -3.9839 3.6471 15.3596 2.9953 0.1614
Cyclist -1 -1 3.5313 0.0000 820.2605 168.2366 1007.8813 1.4548 0.7310 1.4209 -7.7698 3.2047 12.9545 3.0323 0.1475
Cyclist -1 -1 -1.0522 1435.7959 826.3683 1582.2230 990.8159 1.7324 0.7365 2.3665 7.1291 4.4879 19.3973 -0.7183 0.1225
Car -1 -1 -0.6783 1251.0769 839.7922 1582.9891 1002.2418 1.4934 1.8352 3.8790 5.9548 4.5357 19.5733 -0.3983 0.8740
Car -1 -1 -0.6762 1829.4996 862.2916 1936.0000 977.9495 1.4711 1.7397 3.8477 16.5774 5.5183 24.4347 -0.1015 0.4411
Car -1 -1 -2.5919 0.0000 797.7916 135.6091 889.0725 1.8821 1.9653 4.2608 -22.3649 6.1230 35.6716 -3.1286 0.1370
Car -1 -1 2.1500 1861.8177 814.9009 1936.0000 925.8335 1.4484 1.7482 4.3597 18.5079 5.0772 26.8960 2.7347 0.1182
