Pedestrian -1 -1 -0.9127 405.5238 800.5518 512.3058 964.0143 1.6889 0.7109 0.9811 -5.7961 3.7883 17.2899 -1.2129 0.4049
Pedestrian -1 -1 2.7273 519.7908 823.6587 627.1436 987.7609 1.5313 0.6016 0.9344 -4.0804 3.6928 15.7410 2.4936 0.1673
Pedestrian -1 -1 1.4496 936.8978 849.0460 1007.6700 999.4626 1.6384 0.7608 0.9068 0.1247 4.4482 18.2527 1.4583 0.1144
Cyclist -1 -1 -3.0004 915.0654 843.7218 1105.6671 1007.0433 1.6793 0.8283 2.1415 0.5907 4.3358 17.5611 -2.9672 0.2541
Cyclist -1 -1 -2.7001 374.2735 800.1110 511.4807 960.7148 1.6840 0.7506 1.2851 -5.9263 3.7450 17.1342 -3.0092 0.2284
Cyclist -1 -1 3.1675 483.1829 815.2761 626.4878 992.1517 1.6657 0.7115 1.4155 -4.2319 3.7228 15.6594 2.9243 0.2120
Cyclist -1 -1 2.1345 1843.3739 851.1467 1936.0000 980.4183 1.8117 0.8115 2.1168 15.6453 5.6784 24.7218 2.6781 0.1752
Cyclist -1 -1 3.6006 0.0000 786.6187 80.3050 1019.6292 1.8226 0.8397 2.0190 -8.8863 3.2771 12.9324 3.0432 0.1292
Car -1 -1 -0.7129 1198.2119 821.1525 1531.4508 988.3921 1.5783 1.8936 4.0677 5.3997 4.4313 19.9852 -0.4621 0.8730
Car -1 -1 -0.8690 1758.5255 856.0675 1936.0000 976.2993 1.4899 1.7574 3.6254 15.6910 5.6442 25.4474 -0.3360 0.2929
Car -1 -1 0.5413 0.0000 797.0714 92.9823 875.2933 1.5939 1.7744 4.0012 -23.0759 5.7753 35.4053 -0.0130 0.1317
