Pedestrian -1 -1 2.2485 1057.6005 810.2642 1127.5879 942.8831 1.7067 0.6327 0.7878 1.8593 4.3914 21.1557 2.3338 0.3679
Cyclist -1 -1 1.8809 1562.2662 810.4804 1653.0236 936.4302 1.6826 0.7912 1.9933 10.3841 4.7858 23.9896 2.2737 0.3105
Cyclist -1 -1 0.7948 318.7363 785.4354 577.4552 1075.2122 1.7904 0.8478 1.7067 -3.7366 3.0420 10.8807 0.4950 0.2596
Cyclist -1 -1 2.9125 1057.8994 807.2342 1145.0364 945.3376 1.8125 0.7099 1.0949 1.9778 4.4474 21.1827 3.0029 0.1766
Car -1 -1 2.3221 623.9567 788.4573 1063.8337 1024.8291 1.4005 1.8148 3.9961 -0.9499 3.1539 13.9128 2.2594 0.8651
Car -1 -1 1.8776 1424.4709 810.4153 1608.9072 937.3773 1.4721 1.8241 4.5375 9.9493 5.0619 26.5813 2.2237 0.7107
Car -1 -1 -1.0054 1289.5146 808.2668 1538.0471 955.8983 1.5615 1.7630 4.0229 6.9400 4.5954 22.7526 -0.7216 0.4245
Car -1 -1 1.7676 1546.9664 815.7427 1678.6448 923.4703 1.4902 1.7323 4.2734 13.5297 5.7245 30.9257 2.1686 0.4230
Car -1 -1 -3.6268 1835.9080 848.9811 1936.0000 928.1094 1.5171 1.7185 3.6725 23.0183 6.9628 35.3417 -3.0629 0.2957
Car -1 -1 -0.5419 1780.2013 846.1351 1936.0000 917.3466 1.4668 1.7347 3.6228 22.6284 7.0927 37.1487 -0.0068 0.1768
