Pedestrian -1 -1 2.3146 1149.8154 794.1549 1228.4014 936.2189 1.7838 0.6406 0.8833 3.1331 4.1704 20.5601 2.4595 0.1769
Pedestrian -1 -1 0.3803 1718.7484 751.4781 1792.8674 832.5934 1.8008 0.8130 1.3967 19.3721 4.9554 36.4743 0.8593 0.1441
Cyclist -1 -1 0.3678 433.3967 766.4266 726.3855 1021.0080 1.8404 0.9693 2.0926 -3.0628 3.0485 12.1371 0.1421 0.2619
Cyclist -1 -1 1.6171 1830.9954 818.2953 1884.2997 936.3010 1.6696 0.7234 1.8814 15.2253 5.0800 25.3834 2.1389 0.2450
Cyclist -1 -1 -0.9516 1137.8993 787.8055 1250.5317 942.6668 1.8615 0.7470 1.5980 3.2153 4.1927 20.5654 -0.8031 0.1868
Cyclist -1 -1 0.9550 1720.8601 752.8561 1793.9458 833.6177 1.7795 0.8010 1.5753 19.3766 4.9681 36.4307 1.4346 0.1793
Cyclist -1 -1 2.5141 1849.8652 775.3597 1936.0000 968.3957 1.7741 0.7944 2.1769 10.1805 3.3237 14.9356 3.0779 0.1229
Car -1 -1 -1.0726 1483.4263 813.1555 1720.8059 956.7744 1.5322 1.6991 3.9318 9.8307 4.6457 22.8332 -0.6827 0.7715
Car -1 -1 -0.7301 842.5559 796.0485 1264.1598 1013.9908 1.4584 1.7901 4.0862 1.0070 3.4079 15.0663 -0.6679 0.6495
Car -1 -1 1.8103 1619.1233 808.6483 1799.3394 938.4050 1.5017 1.8608 4.5707 13.2403 5.0265 26.3316 2.2606 0.5597
Car -1 -1 -2.2321 1821.7214 822.9829 1936.0000 954.5102 1.5429 1.7799 4.2592 17.4444 5.3305 26.3898 -1.6667 0.1816
Car -1 -1 0.9915 1604.1383 778.0292 1769.6498 861.4419 1.6562 1.8993 4.4208 19.5522 6.0441 40.5309 1.4333 0.1161
