Pedestrian -1 -1 2.6605 1069.5159 810.8571 1160.4019 951.4133 1.7827 0.7071 1.0543 2.1419 4.4445 20.8806 2.7594 0.2369
Pedestrian -1 -1 2.2615 1111.3967 812.2603 1178.7065 945.5100 1.7680 0.5980 0.8011 2.6707 4.5511 21.7211 2.3797 0.2367
Pedestrian -1 -1 -2.7515 440.9120 838.2893 631.2010 1074.5823 1.5451 0.6725 1.1668 -3.0954 3.1658 10.9428 -3.0009 0.1032
Cyclist -1 -1 -0.9341 1056.9969 812.1826 1160.0062 953.8807 1.7223 0.7209 1.4520 2.0799 4.4528 21.0222 -0.8385 0.3220
Cyclist -1 -1 1.7733 1616.0681 812.7598 1690.2781 935.0069 1.6622 0.7576 1.9084 11.2999 4.8517 24.3936 2.1908 0.2311
Cyclist -1 -1 0.7144 374.0558 793.5673 622.8052 1072.2983 1.7856 0.8063 1.6702 -3.4583 3.1275 11.1757 0.4423 0.1673
Car -1 -1 1.8449 1460.0787 811.1722 1638.2302 939.3881 1.4826 1.8284 4.4698 10.4642 5.0661 26.4298 2.2090 0.8647
Car -1 -1 2.2926 683.3939 791.0243 1101.6169 1015.4936 1.3508 1.7527 3.9717 -0.5156 3.1586 14.1836 2.2592 0.7618
Car -1 -1 1.9776 1327.6968 812.3892 1540.4246 952.6717 1.4533 1.7557 3.8939 7.3473 4.5985 23.0335 2.2738 0.6811
Car -1 -1 -3.6881 1816.0281 848.0233 1936.0000 921.0316 1.4940 1.7329 3.8180 23.4820 7.1273 36.8745 -3.1335 0.2211
