Pedestrian -1 -1 -0.9774 805.0751 779.1936 875.4053 911.1532 1.7738 0.6378 0.8866 -1.7684 4.0911 21.9159 -1.0507 0.4384
Pedestrian -1 -1 -0.7709 1884.7849 815.3118 1936.0000 897.4083 1.7989 0.6741 0.7938 22.2917 6.3221 35.1087 -0.2179 0.2481
Cyclist -1 -1 -1.2591 1080.5334 784.4506 1178.3195 933.6531 1.6488 0.7397 1.9016 2.2413 3.8619 19.7243 -1.1506 0.5229
Cyclist -1 -1 -0.8326 793.0090 780.1180 889.9442 911.7689 1.7193 0.6910 1.3496 -1.7543 4.0829 22.0283 -0.9050 0.1937
Cyclist -1 -1 1.5214 1702.9379 804.6797 1741.8867 885.0388 1.6811 0.7439 2.0984 19.0021 6.3063 37.3633 1.9821 0.1916
Car -1 -1 2.4278 29.0507 769.6524 631.3851 1066.8169 1.3669 1.6707 3.8859 -4.3958 2.6382 11.0312 2.0816 0.9890
Car -1 -1 2.1082 901.2479 796.1249 1131.0137 935.0478 1.3513 1.6542 3.6098 0.8646 4.0206 21.3499 2.1489 0.9656
Car -1 -1 1.8656 1161.1384 803.8511 1306.8740 912.2267 1.4766 1.7195 4.4242 5.6450 5.4127 30.5319 2.0450 0.9636
Car -1 -1 1.9406 1046.4681 796.2927 1225.9491 918.3740 1.4232 1.7402 3.9667 3.0822 4.6114 25.6583 2.0578 0.9426
Car -1 -1 -1.9182 1934.6962 817.9196 1936.0000 948.5082 1.4123 1.8209 4.0878 18.0108 4.9127 24.9109 -1.3125 0.1983
