Pedestrian -1 -1 -0.8373 966.6114 782.7475 1050.7838 919.9548 1.7753 0.6770 1.0438 0.6815 4.0949 21.3654 -0.8047 0.2785
Pedestrian -1 -1 -2.5057 124.7350 797.3718 440.0374 1071.7787 1.5202 0.7391 1.7693 -4.3395 2.6931 9.5909 -2.8892 0.1494
Cyclist -1 -1 0.6481 74.9961 779.0648 412.6368 1086.3987 1.7069 0.9074 1.7936 -4.5927 2.7671 9.6251 0.2462 0.4168
Cyclist -1 -1 2.0057 1401.9253 798.5277 1493.3147 915.5396 1.5279 0.6711 1.7688 7.4996 4.3029 23.0201 2.3081 0.3093
Cyclist -1 -1 -0.8106 953.7950 782.3640 1062.4001 922.1692 1.7660 0.7435 1.4751 0.6804 4.1055 21.4358 -0.7781 0.2830
Car -1 -1 2.3357 466.5331 782.4014 936.2062 1028.7052 1.3739 1.7406 4.0425 -2.1225 2.9954 13.2445 2.1897 0.9800
Car -1 -1 1.8003 1414.7294 807.1451 1551.6725 916.7903 1.5084 1.7120 4.4915 10.8060 5.5459 30.7718 2.1290 0.9516
Car -1 -1 1.8276 1296.2889 804.5026 1459.6025 928.1264 1.4472 1.7745 4.3468 7.4880 4.9204 26.5925 2.0933 0.8818
Car -1 -1 1.9603 1162.3479 811.1883 1368.0109 952.0043 1.4157 1.7391 3.8127 4.6648 4.4862 22.5793 2.1561 0.6834
Car -1 -1 -3.4917 1724.4102 838.7085 1904.8457 912.4032 1.5092 1.6883 3.6440 21.7452 7.1342 38.2257 -2.9854 0.3306
Car -1 -1 1.0894 1745.5903 812.9699 1936.0000 920.8719 1.5895 1.8841 4.2678 18.6518 5.8548 31.7486 1.6068 0.3198
