Pedestrian -1 -1 -0.8247 1296.8986 797.4061 1377.2460 916.8589 1.5797 0.6215 1.0118 5.4975 4.1653 21.8743 -0.5888 0.1818
Cyclist -1 -1 0.9159 0.0000 751.5034 226.3066 1099.6954 1.7691 0.9176 2.0193 -5.5515 2.6037 9.0299 0.4178 0.4366
Cyclist -1 -1 -1.2049 1293.4874 799.7537 1373.6741 921.0796 1.5193 0.6286 1.5866 5.4793 4.1839 21.9575 -0.9706 0.4345
Cyclist -1 -1 -0.9685 901.3688 784.4413 1010.6450 923.1949 1.7389 0.7569 1.6994 -0.0589 4.1580 21.7598 -0.9684 0.4109
Car -1 -1 2.4146 315.2933 779.1548 828.7569 1040.4252 1.3680 1.6976 3.9478 -3.0390 2.8641 12.4058 2.1944 0.9810
Car -1 -1 1.9057 1313.2487 808.0753 1466.4092 915.7604 1.4934 1.7156 4.3241 8.8651 5.5319 30.7060 2.1796 0.9614
Car -1 -1 1.8684 1203.8129 802.6499 1373.0554 926.6005 1.4472 1.7542 4.2164 5.8193 4.8351 26.2347 2.0801 0.9444
Car -1 -1 2.0493 1065.9913 808.5840 1295.7607 953.0201 1.4148 1.7599 3.9125 3.3277 4.3873 22.0981 2.1934 0.8216
Car -1 -1 -1.9761 1674.4437 807.0824 1847.0244 911.6954 1.7035 1.8713 4.4449 18.3592 6.1956 34.5892 -1.4996 0.2891
Car -1 -1 -0.5931 1846.7914 839.6152 1936.0000 919.3381 1.6182 1.8080 4.1714 24.1629 6.9791 36.3920 -0.0199 0.2711
