Pedestrian -1 -1 -1.0564 745.5327 781.3340 813.3501 912.3704 1.7611 0.6531 0.8341 -2.6487 4.0985 21.8322 -1.1677 0.4529
Pedestrian -1 -1 -0.6664 1789.0760 809.9577 1865.0054 892.0678 1.7973 0.7752 1.3743 20.5002 6.2412 35.4228 -0.1535 0.3229
Pedestrian -1 -1 2.1581 766.3836 803.0466 834.0914 921.8869 1.6317 0.6470 0.8634 -2.4354 4.3952 22.6645 2.0599 0.2587
Cyclist -1 -1 -1.2793 985.8989 786.9299 1089.2468 946.7147 1.6729 0.7837 1.8929 0.9832 3.8159 18.7552 -1.2284 0.5069
Cyclist -1 -1 1.6259 1800.3459 813.6718 1842.6415 900.3170 1.7391 0.7869 1.8996 20.3952 6.3408 35.4419 2.1363 0.3724
Cyclist -1 -1 -0.9110 736.8947 787.5277 834.6697 917.0809 1.6672 0.6682 1.4623 -2.5723 4.1513 22.0451 -1.0180 0.3320
Car -1 -1 2.4647 0.0000 767.5815 522.2950 1084.3212 1.3552 1.6752 3.7705 -5.0190 2.5356 10.3124 2.0521 0.9789
Car -1 -1 1.9253 968.2571 791.2987 1152.8787 917.2631 1.4308 1.7406 4.2618 1.7818 4.5090 25.3641 1.9954 0.9651
Car -1 -1 1.8389 1089.6725 802.0173 1232.3326 913.0436 1.5037 1.7386 4.4753 4.1300 5.3777 30.3095 1.9727 0.9439
Car -1 -1 2.1340 818.8135 798.6450 1061.2402 942.7063 1.3550 1.6882 3.6231 -0.2074 4.0064 20.8366 2.1270 0.7198
Car -1 -1 2.6895 1483.9871 820.5795 1660.6796 893.0128 1.5338 1.7917 3.7837 15.5928 6.6764 38.2701 3.0687 0.6018
