Pedestrian -1 -1 -0.5232 1713.7502 808.4823 1767.7234 892.2938 1.8725 0.7915 0.8579 18.5803 6.3016 35.6608 -0.0536 0.5735
Pedestrian -1 -1 -1.1335 688.7457 774.6645 771.2721 904.7021 1.7193 0.7169 1.2972 -3.4137 4.0119 22.1670 -1.2753 0.3092
Cyclist -1 -1 -1.0901 681.2553 776.7114 776.6011 905.4167 1.6509 0.6965 1.6594 -3.4277 3.9957 22.1993 -1.2323 0.4540
Cyclist -1 -1 1.9851 839.8795 769.8975 975.5848 958.0593 1.7815 0.8053 1.9394 -0.5685 3.5148 16.8268 1.9549 0.3519
Cyclist -1 -1 -3.4600 1712.9114 806.5104 1771.8871 891.1230 1.8623 0.8136 1.0317 18.5108 6.2267 35.4570 -2.9897 0.1263
Car -1 -1 1.8806 892.9734 793.0500 1068.9120 923.2957 1.4517 1.6955 4.1649 0.4248 4.4825 24.7093 1.9002 0.9850
Car -1 -1 1.8276 1009.3291 801.9616 1151.5682 914.2051 1.4931 1.7431 4.4175 2.4562 5.2967 29.7522 1.9105 0.9667
Car -1 -1 -0.6974 0.0000 767.4216 403.7683 1115.3202 1.3512 1.6771 3.7488 -5.5757 2.4564 9.5429 -1.1778 0.9582
Car -1 -1 2.0147 744.8504 791.7153 981.9233 944.7695 1.3993 1.7202 3.7783 -1.2141 3.8917 20.2688 1.9607 0.8737
Car -1 -1 1.3359 1679.2821 813.7859 1809.4106 902.4139 1.5140 1.9267 4.0576 19.3367 6.4790 37.1108 1.8060 0.6168
Car -1 -1 -1.6662 1415.5619 809.6418 1496.5553 883.9018 1.4402 1.7522 3.9749 13.7491 6.8586 41.7304 -1.3527 0.5995
Car -1 -1 1.5048 1202.9917 813.3440 1270.3101 879.3854 1.4993 1.8785 4.1951 8.9094 7.9062 48.6514 1.6862 0.3723
