Pedestrian -1 -1 0.7322 0.0000 769.2033 119.9482 1086.2644 1.5310 0.6760 1.5454 -5.5065 2.3633 8.1434 0.1972 0.1462
Pedestrian -1 -1 -1.0613 848.1968 784.3532 948.2712 924.1114 1.7546 0.7061 1.7107 -0.8989 4.1775 21.8013 -1.0975 0.1097
Cyclist -1 -1 -1.1531 851.3769 786.2831 946.5821 923.8251 1.7201 0.7629 1.6790 -0.8872 4.1706 21.7856 -1.1888 0.4723
Cyclist -1 -1 0.5386 0.0000 726.9353 111.9896 1080.1929 1.7718 0.7922 1.9551 -5.8390 2.3570 8.1587 -0.0215 0.4328
Cyclist -1 -1 -1.0496 1214.2623 798.5436 1299.8368 922.0947 1.5293 0.6139 1.3350 4.2024 4.0734 21.2033 -0.8623 0.2678
Car -1 -1 2.4286 208.4359 779.7403 756.0420 1056.0366 1.3658 1.6844 3.9458 -3.5856 2.8125 11.8637 2.1601 0.9854
Car -1 -1 1.8940 1247.8085 803.3741 1397.9474 910.8088 1.4907 1.7016 4.4259 7.5227 5.4462 30.8144 2.1279 0.9720
Car -1 -1 2.0433 1006.1435 809.4579 1226.0930 950.9235 1.3913 1.7282 3.6810 2.3545 4.3522 21.9777 2.1469 0.8413
Car -1 -1 -1.9785 1592.7146 806.3990 1755.1843 902.8705 1.6251 1.8523 4.5282 17.0698 6.2815 36.0796 -1.5463 0.7988
Car -1 -1 1.8518 1138.6252 798.9326 1306.7666 925.3485 1.4584 1.7584 4.2834 4.6187 4.7444 25.9251 2.0232 0.7301
