Pedestrian -1 -1 2.2997 964.5905 788.9453 1034.3669 921.3417 1.7510 0.6100 0.8256 0.5527 4.1710 21.5510 2.3266 0.2938
Pedestrian -1 -1 1.4991 1381.7152 737.6039 1409.0133 809.0675 1.7138 0.6069 0.6982 10.8937 4.5737 37.5422 1.7774 0.2412
Pedestrian -1 -1 -2.5731 66.4619 792.3859 372.9126 1054.1904 1.4423 0.7163 1.5898 -4.6001 2.5400 9.3243 -2.9870 0.1645
Cyclist -1 -1 0.5508 8.0609 765.9075 359.0312 1047.9052 1.5681 0.8733 1.7725 -4.8474 2.5048 9.3948 0.1198 0.3933
Cyclist -1 -1 -0.8681 952.3421 785.5151 1057.3990 918.2363 1.6816 0.6954 1.5342 0.6443 4.0977 21.6930 -0.8375 0.3320
Cyclist -1 -1 1.9620 1369.8391 797.5577 1457.3005 920.2900 1.5713 0.6776 1.6985 6.8135 4.2683 22.4842 2.2440 0.3266
Car -1 -1 2.3994 416.6656 780.7081 900.6063 1027.1658 1.3452 1.7069 3.9166 -2.4346 2.9004 12.8544 2.2274 0.9794
Car -1 -1 1.7317 1279.6637 802.6135 1421.5640 929.9711 1.4878 1.7690 4.3577 6.9466 4.9024 26.3820 1.9810 0.9388
Car -1 -1 1.8114 1390.9203 806.8069 1528.5354 915.4384 1.5138 1.7426 4.2403 10.2850 5.5198 30.6719 2.1264 0.8179
Car -1 -1 2.0203 1137.9429 815.1719 1358.2664 959.3378 1.4337 1.7482 3.8726 4.3795 4.5524 22.4337 2.2057 0.7113
Car -1 -1 -0.3497 1658.7473 828.8730 1822.8937 896.6008 1.6252 1.7765 3.8793 22.7331 7.7419 43.7282 0.1214 0.2212
Car -1 -1 -0.7909 1578.5382 824.6693 1717.3518 890.6461 1.6211 1.6966 3.9823 21.7481 8.1505 47.3720 -0.3669 0.1938
