Pedestrian -1 -1 1.8056 574.5092 774.2759 627.2555 893.6350 1.6873 0.6319 0.6035 -5.3478 3.9367 22.2128 1.5846 0.6675
Pedestrian -1 -1 1.7442 1548.6356 814.6365 1583.1042 894.4392 1.7200 0.6472 0.6375 14.0578 6.1873 34.7691 2.1196 0.1530
Cyclist -1 -1 2.1796 379.5381 758.5426 621.5264 1023.2029 1.7098 0.7917 1.9992 -3.5763 2.8622 11.8208 1.9111 0.4458
Car -1 -1 2.0464 508.8638 784.7925 782.8219 954.8701 1.3980 1.6742 3.7213 -3.6799 3.5513 18.1170 1.8605 0.9870
Car -1 -1 1.8553 695.2908 783.4315 879.4681 920.3019 1.4448 1.6985 3.9313 -2.5309 4.0734 22.7081 1.7530 0.9868
Car -1 -1 1.8449 815.9182 797.9133 973.2018 914.9174 1.4660 1.7853 4.4093 -1.1498 4.9835 28.0503 1.8097 0.9865
Car -1 -1 1.7332 1030.7228 811.5693 1108.5692 875.3117 1.3909 1.8247 3.9844 3.4788 7.5746 47.3867 1.8098 0.4919
Car -1 -1 1.4140 1251.9183 811.3075 1330.2520 877.2552 1.4403 1.7582 4.1413 10.2557 7.5322 46.7537 1.6289 0.4220
Car -1 -1 1.1392 1908.6183 788.8159 1936.0000 1056.5653 1.5137 1.8370 4.2911 10.5115 3.2462 13.5259 1.7599 0.2123
Car -1 -1 1.2713 1565.4561 816.2341 1687.0469 900.1315 1.6562 1.9050 4.2806 18.5550 7.3067 41.9322 1.6806 0.1588
