Pedestrian -1 -1 -1.3017 649.5165 770.4653 719.3329 904.0637 1.7777 0.6957 1.2154 -4.0467 3.9747 21.9314 -1.4715 0.5333
Cyclist -1 -1 2.0244 751.8101 784.9056 905.4368 972.4574 1.6441 0.8647 1.9237 -1.3778 3.4644 15.9599 1.9455 0.4643
Cyclist -1 -1 -1.3055 649.6207 776.6983 724.7175 908.1966 1.7152 0.7191 1.4343 -4.0122 4.0226 21.9830 -1.4735 0.3813
Cyclist -1 -1 1.6223 1485.9658 803.6842 1517.6274 879.7080 1.6479 0.6741 1.8194 13.7224 6.3002 37.9448 1.9628 0.2723
Car -1 -1 2.0760 672.5568 791.4474 918.3870 945.5923 1.3819 1.6493 3.5798 -2.0688 3.7881 19.6347 1.9795 0.9798
Car -1 -1 1.9017 838.3134 791.4236 1018.5353 920.6934 1.4195 1.6673 4.0505 -0.4320 4.3611 24.2329 1.8879 0.9779
Car -1 -1 1.7996 958.3891 801.2206 1094.0365 912.0126 1.4663 1.7142 4.3601 1.3674 5.2246 29.5441 1.8479 0.9590
Car -1 -1 -0.6576 0.0000 756.0698 319.0526 1162.3824 1.3847 1.7321 4.0634 -5.9695 2.3440 8.7291 -1.2011 0.8613
Car -1 -1 -1.5718 1385.7976 807.2532 1453.9192 882.8373 1.5026 1.7728 4.1073 13.0687 6.9772 42.6739 -1.2786 0.6549
Car -1 -1 1.4636 1156.8933 814.2983 1224.8107 874.3906 1.3744 1.7804 3.8898 7.4295 7.7920 48.6884 1.6161 0.3281
