Pedestrian -1 -1 1.9108 520.5048 767.8568 579.0323 894.3233 1.7915 0.6740 0.5950 -6.1165 3.9494 22.2474 1.6593 0.4038
Cyclist -1 -1 2.5757 0.0000 702.4830 224.1772 1126.2206 1.7453 0.7887 2.0038 -4.9203 2.1961 7.6205 2.0625 0.3983
Cyclist -1 -1 1.4990 1301.7590 803.3985 1330.4973 869.2532 1.7470 0.7243 1.8565 10.8880 7.3449 45.9248 1.7303 0.3098
Cyclist -1 -1 1.6733 1272.7203 798.9207 1312.1238 882.8040 1.7293 0.7366 2.0568 8.0833 6.0983 36.4527 1.8885 0.2233
Car -1 -1 1.8638 569.9982 779.4916 771.1747 925.6572 1.4281 1.6583 3.8283 -3.9297 3.7892 20.8402 1.6904 0.9899
Car -1 -1 2.1071 334.8539 770.7495 656.1564 960.6449 1.4364 1.6965 3.5184 -4.8807 3.2016 16.1802 1.8350 0.9779
Car -1 -1 1.8583 701.5462 790.8408 871.7347 915.9204 1.4810 1.7231 4.5131 -2.9643 4.6729 26.3888 1.7553 0.9770
Car -1 -1 -1.8762 1504.5358 808.4048 1637.2009 894.1453 1.5236 1.9107 4.2313 15.4259 6.4638 38.0802 -1.4989 0.2736
Car -1 -1 2.1474 907.8470 803.8359 1029.1565 871.0306 1.4387 1.8015 4.0053 0.2684 7.1686 45.7209 2.1585 0.2499
Car -1 -1 1.4364 1174.4763 806.2383 1246.8258 869.4502 1.5072 1.8366 4.1155 8.2384 7.7875 49.7064 1.6015 0.2449
Car -1 -1 -1.4499 761.2047 800.8237 856.1588 888.1471 1.4935 1.7462 3.8310 -3.5456 5.8787 35.3361 -1.5414 0.1652
