Pedestrian -1 -1 -1.4553 899.1609 792.6746 920.8897 851.7100 1.7338 0.5991 0.6224 -1.5800 6.9512 46.1684 -1.4831 0.5197
Pedestrian -1 -1 1.3851 1368.2821 796.4529 1413.4183 893.0652 1.6700 0.6846 0.6440 7.8777 4.8583 27.4428 1.6562 0.4518
Pedestrian -1 -1 1.9570 433.6848 752.9055 494.6788 874.5888 1.7175 0.6682 0.6170 -7.3568 3.6422 22.1498 1.6552 0.3461
Pedestrian -1 -1 -0.7286 831.4230 799.9689 861.3486 861.3846 1.6971 0.5976 0.6511 -3.4017 6.9329 44.2828 -0.7974 0.1364
Cyclist -1 -1 1.4657 1172.8262 788.6410 1214.6945 876.8023 1.8158 0.7749 2.0390 5.5338 5.8370 35.6890 1.6185 0.4391
Cyclist -1 -1 1.6722 1138.8427 786.6918 1185.7686 887.0609 1.8287 0.7924 1.9412 4.2644 5.3621 31.6233 1.8051 0.1707
Car -1 -1 1.9075 427.0532 780.2744 659.7144 933.8682 1.4333 1.7039 4.1584 -5.5578 3.7805 20.4448 1.6595 0.9803
Car -1 -1 1.9515 166.7785 758.0416 510.9411 967.5131 1.4794 1.7511 3.9304 -6.0510 2.9985 15.0755 1.5969 0.9798
Car -1 -1 2.2139 0.0000 739.0070 295.6406 1094.0823 1.4785 1.8442 4.2851 -6.4656 2.4040 9.8961 1.6850 0.8844
Car -1 -1 1.8828 747.0933 801.3902 853.4193 875.0875 1.4027 1.7438 3.7197 -4.2552 6.3668 40.0595 1.7857 0.2283
Car -1 -1 -1.4969 814.0241 793.3301 881.9901 858.4681 1.4503 1.7541 4.1395 -3.4453 6.8772 46.1077 -1.5638 0.1649
Car -1 -1 -1.6783 1384.5564 813.7820 1488.6996 905.7703 1.5574 1.9696 4.1390 11.5740 6.4675 36.6549 -1.3783 0.1420
Car -1 -1 2.6685 1593.3455 828.0608 1912.5159 963.8124 1.9649 2.0019 4.4282 13.5008 5.5946 25.7023 3.1348 0.1297
