Pedestrian -1 -1 1.4162 1381.9067 808.6673 1421.6805 900.7776 1.6904 0.6472 0.6749 8.6306 5.3390 29.3159 1.6946 0.3737
Pedestrian -1 -1 1.8809 442.7991 750.1799 504.2596 872.3178 1.7321 0.6700 0.7409 -7.2825 3.6361 22.3520 1.5844 0.2912
Pedestrian -1 -1 -1.4046 938.9026 802.1115 961.3334 859.7272 1.7627 0.6128 0.7424 -0.3611 7.5866 48.7299 -1.4061 0.2239
Cyclist -1 -1 1.5864 1202.7136 798.3123 1235.0320 877.8087 1.7560 0.7932 1.9690 6.6614 6.3547 38.6158 1.7563 0.2433
Cyclist -1 -1 -1.5011 936.9345 800.4119 961.1970 859.3210 1.7071 0.6782 1.5224 -0.3922 7.5240 48.7805 -1.5033 0.2061
Cyclist -1 -1 1.4662 1410.3479 821.1541 1450.5415 901.9506 1.7018 0.7614 1.6810 11.5204 6.6438 36.7593 1.7640 0.1737
Car -1 -1 1.9366 290.4213 767.7410 591.2228 954.1857 1.4427 1.7603 4.0705 -5.6679 3.2522 16.8570 1.6345 0.9862
Car -1 -1 1.8770 498.8792 783.9341 712.2667 929.2829 1.4714 1.7981 4.3050 -5.1431 4.0735 22.2408 1.6648 0.9835
Car -1 -1 2.1310 0.0000 758.6709 395.7111 1015.5132 1.4029 1.6620 3.5252 -6.1784 2.6368 11.9449 1.6915 0.9743
Car -1 -1 2.0093 774.6138 801.2256 893.6075 874.6516 1.4345 1.7665 3.9818 -3.4959 6.6239 41.8367 1.9340 0.7601
Car -1 -1 1.4026 1394.7365 812.2181 1503.1138 901.7220 1.6040 1.9332 4.2289 12.4265 6.6875 38.3556 1.7103 0.2234
