Pedestrian -1 -1 1.3518 1370.4921 803.3447 1414.4052 897.4866 1.6496 0.6440 0.7233 8.0723 5.0379 28.0168 1.6241 0.5274
Pedestrian -1 -1 2.7282 906.3166 797.4987 932.3227 855.1827 1.7036 0.6452 0.6137 -1.3231 7.1899 47.1124 2.7064 0.5019
Pedestrian -1 -1 1.9364 434.1473 748.0909 492.4412 870.2183 1.7309 0.6419 0.5984 -7.3728 3.5825 22.1574 1.6339 0.2806
Pedestrian -1 -1 -0.9399 1171.7788 794.9485 1221.4991 872.8056 1.7020 0.6613 1.1021 5.6746 5.8709 36.0387 -0.7847 0.1460
Cyclist -1 -1 1.5570 1180.1282 791.9345 1213.2072 874.6043 1.7825 0.7783 1.7063 5.7791 5.9909 36.7782 1.7120 0.3309
Cyclist -1 -1 -1.5159 1139.9386 793.7479 1181.4897 888.0455 1.7600 0.7929 1.7588 4.3063 5.5024 32.2078 -1.3840 0.1437
Car -1 -1 1.9802 196.2362 761.1184 540.2081 962.7144 1.4514 1.7649 4.0789 -5.9975 3.0721 15.6958 1.6407 0.9875
Car -1 -1 1.8683 453.3628 782.1965 669.0615 929.0116 1.4112 1.7179 4.0879 -5.4602 3.8345 20.9472 1.6300 0.9778
Car -1 -1 -0.9650 0.0000 745.2559 316.0320 1050.6941 1.4465 1.7363 3.7482 -6.3932 2.4555 10.5807 -1.4633 0.8732
Car -1 -1 1.9793 744.7206 800.2451 863.1797 876.0732 1.4450 1.7431 3.9401 -4.2024 6.4511 40.5514 1.8847 0.6953
Car -1 -1 -0.2118 1228.7986 825.7181 1360.9430 883.9600 1.6197 1.7715 3.9114 10.8184 8.2766 48.6750 0.0060 0.1655
