Pedestrian -1 -1 1.3115 1372.4846 799.2041 1417.9042 892.9478 1.6878 0.6627 0.7517 8.3280 5.0799 28.7215 1.5858 0.5646
Pedestrian -1 -1 1.9085 435.2001 757.0724 495.6686 878.7277 1.7174 0.6721 0.6308 -7.3380 3.7041 22.1502 1.6075 0.5507
Pedestrian -1 -1 2.6140 921.4968 796.8010 947.0002 853.5768 1.7007 0.6599 0.5610 -0.8651 7.2456 47.8104 2.6019 0.3551
Pedestrian -1 -1 3.1693 0.0000 754.7039 35.2019 901.7304 1.5078 0.6267 0.5678 -10.5533 2.9737 16.4758 2.6337 0.1619
Pedestrian -1 -1 -0.1108 1145.9059 793.5661 1207.2465 876.7649 1.7193 0.7086 1.2598 4.7134 5.4599 32.7916 0.0307 0.1303
Cyclist -1 -1 1.5121 1184.4675 796.1974 1219.0001 878.1476 1.7618 0.7366 1.9892 6.0126 6.1711 37.4670 1.6704 0.3191
Cyclist -1 -1 2.7439 1144.2764 795.4561 1209.5464 878.1753 1.6786 0.6623 1.2586 4.7266 5.4745 32.8036 2.8858 0.1960
Car -1 -1 1.9597 239.0809 761.0283 564.7299 957.7947 1.4764 1.7813 4.0979 -5.8566 3.1458 16.2355 1.6375 0.9854
Car -1 -1 1.8708 474.9218 786.0145 687.9125 931.0167 1.4164 1.7384 4.1712 -5.3215 3.9654 21.5156 1.6443 0.9843
Car -1 -1 2.1877 0.0000 753.3917 349.1121 1028.2744 1.4202 1.6864 3.4187 -6.3241 2.5415 11.2359 1.7167 0.9289
Car -1 -1 1.9457 763.5323 799.1208 873.7527 870.9756 1.3997 1.7242 3.8035 -3.8743 6.4441 41.2306 1.8603 0.5544
