Pedestrian -1 -1 1.3651 1412.3932 787.1359 1477.1305 917.5349 1.6999 0.6924 0.8985 6.8331 4.0483 21.1672 1.6634 0.7074
Pedestrian -1 -1 -1.1363 382.1929 750.0044 452.6110 886.7859 1.8242 0.6336 0.8412 -7.7094 3.6375 21.2232 -1.4639 0.2777
Pedestrian -1 -1 1.7435 803.0999 787.4065 840.3804 861.8419 1.6667 0.6608 1.6268 -3.5349 5.8863 37.9900 1.6588 0.1068
Cyclist -1 -1 1.7741 803.1152 787.8710 839.9301 862.5070 1.6835 0.6287 1.4990 -3.5354 5.9017 37.9254 1.6893 0.3405
Cyclist -1 -1 1.5726 1174.9417 780.4460 1222.3746 899.3536 1.7657 0.7871 2.0893 4.1490 4.6002 26.1586 1.7260 0.3137
Cyclist -1 -1 3.4883 238.9566 674.0135 378.1671 810.8725 1.8577 0.8264 1.6077 -9.1745 2.5644 21.0681 3.0986 0.1973
Cyclist -1 -1 -1.2724 377.6234 749.3966 457.6498 887.6663 1.7827 0.6701 1.3727 -7.6989 3.6080 21.2297 -1.5996 0.1611
Cyclist -1 -1 1.3651 1412.3932 787.1359 1477.1305 917.5349 1.6999 0.6924 0.8985 6.8331 4.0483 21.1672 1.6634 0.1010
Car -1 -1 1.9845 107.5916 764.2759 499.4089 987.7018 1.4835 1.8270 4.4160 -6.3040 3.0887 14.9775 1.6147 0.9816
Car -1 -1 2.1256 0.0000 716.8375 249.7096 1108.5608 1.6269 1.9858 4.5109 -6.6019 2.3514 9.5273 1.5723 0.9146
Car -1 -1 1.1072 1397.2031 812.4984 1587.4867 922.4480 1.4431 1.7749 4.2634 10.3417 5.4211 29.4783 1.4349 0.1197
