Pedestrian -1 -1 1.3494 1420.9866 783.3170 1487.3973 919.8350 1.7366 0.7071 0.7219 6.6868 3.9296 20.3133 1.6523 0.6112
Pedestrian -1 -1 -0.8841 368.9734 751.5542 449.0648 888.7250 1.7854 0.6304 0.8824 -7.7298 3.6044 20.9540 -1.2164 0.1816
Pedestrian -1 -1 -0.2927 241.7664 677.0718 317.4404 818.8653 1.8487 0.6670 0.7890 -9.2906 2.5776 20.3819 -0.6981 0.1103
Pedestrian -1 -1 1.6061 487.4338 759.7578 524.6210 853.8908 1.7618 0.6698 0.6686 -8.9922 4.4637 29.5558 1.3265 0.1014
Cyclist -1 -1 1.6374 793.1400 780.2493 827.2824 860.2697 1.7425 0.7089 1.7167 -3.7073 5.6554 36.7991 1.5453 0.3725
Cyclist -1 -1 1.6864 1161.6255 778.5575 1219.7887 899.0063 1.7206 0.7478 1.9891 3.8705 4.4103 25.1189 1.8352 0.3229
Cyclist -1 -1 -1.3709 356.4759 739.5740 446.1296 884.2981 1.8013 0.8037 1.8131 -7.8633 3.4906 21.0761 -1.7070 0.2558
Cyclist -1 -1 3.2749 203.6228 677.3667 337.3822 822.6220 1.8760 0.8142 1.5441 -9.3733 2.6111 20.3508 2.8659 0.1517
Cyclist -1 -1 3.3859 0.0000 625.7759 87.4356 793.0616 1.7375 0.8558 1.8316 -10.6236 1.7474 16.2229 2.8365 0.1488
Car -1 -1 2.0037 54.9880 766.2264 461.5247 997.9595 1.4688 1.7570 4.1936 -6.3998 3.0131 14.2092 1.6116 0.9778
Car -1 -1 2.1302 0.0000 715.4847 190.5509 1157.9465 1.6513 1.9450 4.5260 -6.6286 2.3234 8.8071 1.5434 0.7715
Car -1 -1 1.7388 757.0914 797.8396 844.7891 870.5617 1.4845 1.7893 4.1577 -4.5329 6.6846 42.8292 1.6420 0.1389
