Pedestrian -1 -1 1.3354 1372.2319 799.0094 1424.0433 903.2881 1.6818 0.6945 0.7638 7.5397 4.7355 25.8334 1.6098 0.7183
Pedestrian -1 -1 -0.5907 869.9529 799.6804 907.0671 862.9772 1.7259 0.6462 0.8858 -2.1497 6.9509 44.1835 -0.6324 0.2185
Pedestrian -1 -1 2.1033 417.9449 756.7104 485.8810 881.9318 1.7151 0.7277 0.5921 -7.3627 3.6543 21.6305 1.7948 0.1375
Pedestrian -1 -1 1.9167 593.8937 781.4910 634.9260 865.8925 1.8209 0.7313 0.6358 -7.8763 5.4164 33.9736 1.7020 0.1263
Cyclist -1 -1 1.4572 1168.2892 791.0328 1211.5519 881.8334 1.7545 0.7380 1.9555 5.1094 5.5875 33.5115 1.6071 0.2934
Cyclist -1 -1 -1.6339 875.9579 800.6032 903.8858 864.9394 1.6741 0.7373 1.5540 -2.1136 6.9574 44.1557 -1.6748 0.2013
Car -1 -1 1.9380 360.0717 778.5030 624.9113 947.9750 1.4682 1.7315 4.2361 -5.8111 3.6561 19.1116 1.6624 0.9901
Car -1 -1 2.0237 28.4232 755.5185 455.5983 989.5967 1.4482 1.7697 4.0938 -6.2931 2.8255 13.6772 1.6243 0.9751
Car -1 -1 1.9387 718.7596 799.5609 839.2454 878.5444 1.4418 1.7732 3.9582 -4.6734 6.2353 38.9021 1.8283 0.6187
Car -1 -1 2.3578 0.0000 738.9434 212.4732 1201.0865 1.5343 1.8869 4.5167 -6.6463 2.3682 8.5409 1.7576 0.6096
Car -1 -1 2.3951 1819.7592 846.3263 1936.0000 1030.6465 1.4677 1.7732 4.0843 11.6254 4.0018 15.9318 2.9912 0.1459
