Pedestrian -1 -1 1.6136 1411.3589 791.8593 1461.7013 920.4725 1.6935 0.6667 0.8782 6.8626 4.1611 21.5780 1.9080 0.8150
Pedestrian -1 -1 1.8051 382.8543 750.8909 450.1039 887.2417 1.7903 0.6828 0.8958 -7.6383 3.5996 20.9968 1.4771 0.2831
Pedestrian -1 -1 -0.4908 280.5376 718.4351 366.9586 837.1646 1.5965 0.6878 0.9389 -9.2060 2.9841 21.6042 -0.8723 0.2064
Cyclist -1 -1 1.6706 811.7777 786.8301 847.6871 863.6921 1.7220 0.7170 1.9655 -3.3891 6.0158 38.6640 1.5911 0.3927
Cyclist -1 -1 1.5470 1164.0942 775.2817 1210.9325 892.1906 1.8147 0.7794 2.0160 4.0619 4.6310 26.9577 1.6933 0.3533
Cyclist -1 -1 2.1244 344.9367 742.5245 456.9736 887.6890 1.8236 0.7604 1.5290 -7.8274 3.5372 20.9575 1.7881 0.1387
Cyclist -1 -1 1.6136 1411.3589 791.8593 1461.7013 920.4725 1.6935 0.6667 0.8782 6.8626 4.1611 21.5780 1.9080 0.1178
Car -1 -1 1.9988 136.8287 769.0189 508.1578 980.1486 1.4453 1.7867 4.2370 -6.3129 3.1366 15.3766 1.6369 0.9859
Car -1 -1 2.0983 0.0000 718.9359 254.8723 1089.7833 1.5960 1.9537 4.4132 -6.6131 2.3510 9.7849 1.5548 0.9528
Car -1 -1 -2.5285 0.0000 774.4497 295.6976 907.4393 1.5687 1.7767 4.3536 -12.0667 3.8249 21.4031 -3.0139 0.1325
