Pedestrian -1 -1 1.2190 1489.0559 782.7742 1570.7620 948.3584 1.7158 0.6555 0.6236 6.2324 3.4818 16.4130 1.5597 0.6478
Pedestrian -1 -1 2.8328 1089.1943 767.4834 1151.8182 888.8389 1.7397 0.7158 0.7701 2.4300 3.9617 22.8753 2.9359 0.1223
Pedestrian -1 -1 1.8775 360.5061 750.1747 417.5748 861.5456 1.8340 0.7501 0.6433 -9.8349 4.0168 25.7194 1.5316 0.1217
Pedestrian -1 -1 2.1439 378.3008 752.0344 435.4385 859.0079 1.8200 0.7579 0.5877 -9.8977 4.1225 26.7086 1.8076 0.1192
Pedestrian -1 -1 -2.3256 327.5448 747.8115 420.5340 886.6221 1.7460 0.6878 0.9904 -7.9597 3.4561 20.2772 -2.6773 0.1149
Cyclist -1 -1 1.5665 730.2037 779.4949 766.3240 871.9984 1.7008 0.7400 1.9524 -4.5392 5.1051 31.9133 1.4352 0.4182
Cyclist -1 -1 -1.2260 318.9199 750.4157 422.5649 896.4498 1.7440 0.7020 1.8222 -8.0018 3.5283 20.3441 -1.5783 0.3993
Cyclist -1 -1 1.4321 1180.0334 764.2391 1264.8700 929.2745 1.8099 0.7750 2.0769 3.3265 3.6982 19.2173 1.5951 0.3657
Car -1 -1 2.1014 0.0000 751.5320 303.9348 1049.8319 1.4238 1.7905 4.1500 -6.6990 2.5348 11.0205 1.5995 0.9600
Car -1 -1 0.6774 0.0000 758.9384 62.1772 924.3837 1.5402 1.8015 4.3898 -12.7063 3.1241 16.6349 0.0621 0.1026
