Pedestrian -1 -1 1.2738 1570.5386 779.2528 1674.3347 969.4207 1.6362 0.6499 0.8650 6.2060 3.1363 14.0732 1.6599 0.7083
Pedestrian -1 -1 -1.1833 298.2946 744.2190 380.8776 886.8727 1.7524 0.6380 1.0631 -8.2193 3.3756 19.8064 -1.5532 0.2917
Pedestrian -1 -1 1.8018 1033.6176 799.9802 1058.6113 859.7118 1.7047 0.6327 0.6033 2.5709 7.0511 45.2862 1.8621 0.1927
Pedestrian -1 -1 1.7089 691.6420 773.7400 739.2979 873.2891 1.7090 0.6722 1.6628 -4.7547 4.6794 29.0086 1.5572 0.1240
Pedestrian -1 -1 1.9468 308.6984 744.7081 371.2729 862.3184 1.7746 0.7230 0.6256 -9.7641 3.6839 23.5185 1.5745 0.1144
Cyclist -1 -1 1.7029 689.2429 769.6925 739.5863 872.8745 1.7534 0.7058 1.8357 -4.7605 4.6444 28.9333 1.5507 0.3347
Cyclist -1 -1 1.3905 1205.5624 754.3079 1317.9503 954.0551 1.8009 0.7844 2.0411 3.1419 3.2590 15.8281 1.5735 0.3290
Cyclist -1 -1 -1.1598 282.8315 745.0766 395.5522 890.6387 1.6935 0.6797 1.8102 -8.2167 3.3612 19.8335 -1.5292 0.2811
Cyclist -1 -1 -1.7941 766.6187 797.2496 798.1510 853.3403 1.6164 0.7283 1.4683 -5.8561 7.3465 48.9051 -1.9042 0.1124
Car -1 -1 2.1699 0.0000 738.8366 180.3576 1125.3999 1.4767 1.7825 4.2360 -6.7755 2.3325 9.1012 1.5865 0.8912
Car -1 -1 -1.2611 0.0000 727.5452 211.3165 910.5907 1.5135 1.8338 4.1288 -10.1475 2.8344 17.0399 -1.7668 0.1535
Car -1 -1 2.7118 1515.0782 826.3457 1831.5593 955.3486 1.7596 1.9244 4.2513 11.5245 5.1797 24.4153 3.1359 0.1095
