Pedestrian -1 -1 1.2266 1449.7250 793.1475 1526.8480 943.0409 1.6907 0.6530 0.7646 6.3808 3.7748 18.1338 1.5464 0.4809
Pedestrian -1 -1 1.6962 758.6395 783.2759 797.2314 864.3500 1.6590 0.6889 1.4221 -4.1728 5.3474 34.1115 1.5836 0.2408
Pedestrian -1 -1 2.2033 424.6406 770.7029 478.0244 867.8553 1.7286 0.7330 0.6120 -9.6245 4.5211 28.2343 1.8924 0.1771
Pedestrian -1 -1 1.1254 1343.9008 0.0000 1936.0000 1216.0000 1.6835 0.5944 0.6036 0.5603 1.1647 0.5880 1.3838 0.1135
Pedestrian -1 -1 -2.5269 331.4490 744.1513 435.8317 883.4376 1.7924 0.7297 1.1289 -7.9513 3.4754 20.6039 -2.8734 0.1073
Cyclist -1 -1 1.6309 1173.8928 770.0481 1234.2939 913.1069 1.7642 0.7551 2.1060 3.5593 3.9881 21.8028 1.7865 0.4075
Cyclist -1 -1 -1.2015 337.8993 746.0387 443.5159 888.5198 1.7561 0.7297 1.8555 -7.9656 3.5301 20.9630 -1.5433 0.3762
Cyclist -1 -1 1.6621 759.9764 782.5248 795.5383 864.7949 1.6855 0.6632 1.4746 -4.1921 5.3723 34.2340 1.5493 0.3481
Car -1 -1 2.0810 0.0000 754.9613 395.2424 1029.7662 1.4815 1.8044 4.4007 -6.5594 2.7600 12.4472 1.6336 0.9739
Car -1 -1 -0.8988 0.0000 767.9822 110.2091 1096.3767 1.7608 1.8588 4.4804 -9.3350 3.1602 12.3246 -1.4992 0.1369
Car -1 -1 1.4709 1392.9258 813.4095 1518.6660 927.2072 1.5385 1.9309 4.1417 9.7665 5.5778 29.8174 1.7785 0.1015
