Pedestrian -1 -1 -1.1327 205.7903 754.1154 281.2042 903.2820 1.7374 0.6032 0.6554 -8.7892 3.3500 18.3290 -1.5525 0.5281
Pedestrian -1 -1 -0.5710 1193.8190 808.0908 1227.2562 873.4623 1.7247 0.6877 0.6700 7.0677 6.9755 42.4153 -0.4060 0.3469
Pedestrian -1 -1 2.7902 1011.9676 804.4050 1048.0424 869.4930 1.6543 0.6124 0.8214 1.8690 6.5906 40.7094 2.8397 0.1107
Cyclist -1 -1 1.7373 575.2759 771.4845 651.1588 909.1928 1.7361 0.7422 1.9595 -5.0879 3.9872 21.9693 1.5248 0.3644
Cyclist -1 -1 1.5254 1043.1627 791.3979 1073.2623 865.2532 1.8150 0.7660 2.0505 2.7410 6.6558 42.4450 1.5930 0.3335
Cyclist -1 -1 1.2363 1437.5781 713.4909 1749.4275 1138.0334 1.7517 0.7344 2.0151 3.1074 2.2615 7.5989 1.5718 0.3042
Cyclist -1 -1 1.6178 1203.5171 794.6035 1236.8892 876.9294 1.8277 0.7564 1.8562 6.6338 6.2816 38.2606 1.7884 0.1718
Cyclist -1 -1 -1.2268 208.8940 756.5776 295.2100 904.5059 1.6816 0.5987 1.1410 -8.8237 3.3751 18.6417 -1.6420 0.1179
Cyclist -1 -1 -1.7322 1017.3039 805.1285 1043.7665 869.9431 1.5972 0.5455 1.1653 1.8871 6.5938 40.8502 -1.6825 0.1033
Car -1 -1 2.5950 1611.5906 830.2672 1936.0000 1005.1409 1.8350 1.9310 4.3276 10.9822 4.6368 19.3191 3.0866 0.1089
Car -1 -1 1.2922 1171.5214 804.9529 1269.7323 875.5701 1.4384 1.7759 3.7602 7.3035 6.7860 42.4488 1.4623 0.1026
