Pedestrian -1 -1 1.6115 1870.3749 767.7925 1936.0000 1063.9281 1.6726 0.5902 0.7713 6.0635 2.6167 9.3966 2.1301 0.5775
Pedestrian -1 -1 -1.1974 226.8999 747.0319 304.8357 898.6567 1.7815 0.6266 0.7761 -8.6443 3.3341 18.6119 -1.6057 0.3853
Pedestrian -1 -1 0.3255 1196.9523 800.4564 1230.2574 862.2430 1.6686 0.6980 0.7765 7.3694 6.8525 43.6674 0.4927 0.1431
Pedestrian -1 -1 0.8329 1220.1587 811.4664 1253.6810 869.9826 1.6994 0.7404 0.7311 8.6918 7.6464 47.1627 1.0152 0.1282
Pedestrian -1 -1 -1.1806 248.4026 755.6607 324.2853 895.9940 1.7503 0.6949 0.6732 -8.8479 3.4959 19.6238 -1.5789 0.1195
Cyclist -1 -1 1.7241 594.6424 768.9436 665.1985 901.2966 1.7642 0.7478 1.9423 -5.0893 4.0821 23.0745 1.5212 0.4004
Cyclist -1 -1 1.5574 1044.7661 797.4857 1072.9664 866.7751 1.7603 0.8050 1.9141 2.8518 6.9327 43.8408 1.6255 0.3556
Cyclist -1 -1 1.2897 1379.3630 720.5035 1623.6329 1082.6012 1.7523 0.7330 2.0250 3.0932 2.3795 8.7928 1.5868 0.2708
Cyclist -1 -1 -1.2547 224.2562 750.2808 314.2093 900.7296 1.7040 0.6253 1.2875 -8.6440 3.3299 18.7228 -1.6610 0.2488
Cyclist -1 -1 -2.0548 1483.9258 809.3577 1588.6277 940.3620 1.5869 0.7326 1.5498 8.1388 4.3066 21.2327 -1.7053 0.1607
Cyclist -1 -1 1.5008 1190.1222 807.6993 1216.4520 868.6583 1.6010 0.6766 1.2293 7.0785 7.0305 43.7746 1.6613 0.1463
Car -1 -1 -2.4380 0.0000 756.6389 2.0784 910.2571 1.4067 1.7675 4.2331 -13.2049 2.9465 16.4605 -3.0768 0.1667
