Pedestrian -1 -1 1.2863 1692.0497 780.3260 1804.5435 1006.4630 1.6472 0.6060 0.6571 6.1844 2.9101 11.7780 1.7304 0.5883
Pedestrian -1 -1 1.9483 258.8794 755.0038 359.9429 903.5591 1.6910 0.6232 1.5671 -8.3360 3.4285 19.1850 1.5633 0.1293
Pedestrian -1 -1 -1.6409 1212.8667 799.3063 1236.0569 855.9858 1.7503 0.6984 0.8266 8.6873 7.5616 49.3817 -1.4662 0.1180
Pedestrian -1 -1 1.6825 772.5585 805.1727 791.9352 855.7555 1.5816 0.5620 0.6397 -5.9074 7.5710 49.3639 1.5726 0.1005
Cyclist -1 -1 -1.6036 1053.7755 799.1346 1079.1064 863.2588 1.7746 0.7492 1.9312 3.3457 7.4456 47.6931 -1.5301 0.3726
Cyclist -1 -1 -1.2693 261.2439 755.1264 359.4638 906.5468 1.7035 0.6358 1.7296 -8.3452 3.4563 19.2399 -1.6536 0.3510
Cyclist -1 -1 1.6622 649.6366 771.9451 703.6538 887.6398 1.7429 0.7256 1.9622 -4.9492 4.4084 26.0993 1.4871 0.3470
Cyclist -1 -1 1.3686 1270.6122 740.2362 1417.7449 989.8635 1.7363 0.7350 2.0610 3.1239 2.7728 12.4003 1.5934 0.3321
Cyclist -1 -1 -2.1093 1782.1897 806.8500 1936.0000 1065.1630 1.6946 0.7279 3.2603 8.8114 3.5652 13.7425 -1.5770 0.1591
Car -1 -1 -2.4203 0.0000 775.8212 9.8998 922.8610 1.4720 1.8008 4.2082 -14.2742 3.4307 18.3136 -3.0471 0.1010
