Pedestrian -1 -1 1.9687 78.6726 754.3267 171.7043 919.3939 1.6971 0.6493 0.7138 -9.1317 3.1456 16.3547 1.4918 0.7361
Pedestrian -1 -1 1.7799 1289.0422 824.0939 1317.2871 892.6965 1.6709 0.6258 0.5034 8.8875 6.8964 38.8706 2.0019 0.1467
Pedestrian -1 -1 2.6520 1241.4847 816.5942 1281.2998 894.5225 1.7050 0.7291 0.6560 7.0905 6.2931 35.3481 2.8472 0.1163
Pedestrian -1 -1 2.6246 38.1568 756.5352 119.3555 915.3332 1.6657 0.6330 0.5523 -9.8849 3.1758 16.7537 2.1244 0.1065
Cyclist -1 -1 1.9497 175.5569 734.2502 392.0933 1009.0350 1.7398 0.7395 1.9844 -5.0261 2.6354 11.2539 1.5654 0.4277
Cyclist -1 -1 -1.6998 1081.6185 790.2158 1142.2334 897.2163 1.7691 0.9119 2.0092 2.8901 5.0750 28.8876 -1.6006 0.3004
Cyclist -1 -1 1.3697 1040.7576 797.5652 1080.8354 866.7249 1.6794 0.7736 1.8764 2.7962 6.6645 42.1940 1.4388 0.2021
Cyclist -1 -1 -1.6322 1074.6940 801.1886 1099.8413 860.4208 1.7410 0.7387 1.5686 4.1616 7.6668 49.4737 -1.5451 0.1832
Cyclist -1 -1 -2.4424 1812.1920 812.7676 1936.0000 1029.6355 1.5619 0.7240 1.3807 8.2028 3.2770 12.8801 -1.9152 0.1790
Car -1 -1 -1.7802 1220.8042 812.2997 1326.3650 896.0968 1.4266 1.7123 3.8163 7.4385 6.1703 35.9397 -1.5788 0.1487
Car -1 -1 0.7079 1806.3477 772.4316 1936.0000 1095.8428 1.5320 1.8224 4.4828 9.1242 2.9192 11.6656 1.3253 0.1136
