Pedestrian -1 -1 -1.5473 695.2019 789.9360 713.5726 845.7244 1.6984 0.5590 0.5784 -8.2040 7.0063 47.7717 -1.7069 0.8122
Pedestrian -1 -1 -1.5073 675.3754 791.3077 696.5486 851.7580 1.7481 0.5861 0.6991 -8.4126 6.8769 45.7112 -1.6783 0.7802
Pedestrian -1 -1 -1.4372 665.7792 783.6730 685.6402 840.9795 1.7863 0.5619 0.5238 -9.2420 6.9551 48.4089 -1.6150 0.2058
Pedestrian -1 -1 1.6933 695.2449 786.3646 716.5310 839.0461 1.6693 0.6208 0.6144 -8.4774 7.0649 49.6546 1.5345 0.1468
Pedestrian -1 -1 -1.2123 24.9304 746.7653 118.9581 939.4728 1.8109 0.6298 0.5662 -8.7841 3.0425 14.7883 -1.7122 0.1377
Pedestrian -1 -1 -1.0496 752.9024 807.5355 778.8887 859.9121 1.4965 0.5627 0.6006 -5.9831 7.1381 45.8077 -1.1699 0.1110
Pedestrian -1 -1 1.6044 729.6223 790.1070 747.9343 843.3345 1.6512 0.5650 0.5699 -7.2359 7.0602 48.6481 1.4665 0.1074
Cyclist -1 -1 1.3926 1180.2314 770.7727 1274.9811 944.9891 1.7434 0.7404 1.9687 3.1054 3.5577 17.6109 1.5572 0.4231
Cyclist -1 -1 1.5609 1085.8512 788.5415 1125.0209 889.0240 1.8021 0.7889 2.0289 3.0037 5.3380 31.2681 1.6570 0.2785
Cyclist -1 -1 1.6126 1329.2507 810.5551 1370.3165 907.3018 1.6333 0.7211 1.3755 7.5243 5.3199 28.9335 1.8601 0.1171
Car -1 -1 0.6072 0.0000 795.1636 248.2269 908.1259 1.5344 1.7397 3.8395 -14.0755 4.4664 24.6677 0.1152 0.2162
Car -1 -1 2.7551 1319.2162 816.5108 1567.6547 909.4525 1.4865 1.8020 4.2942 9.4369 5.3988 29.4537 3.0564 0.1042
