Pedestrian -1 -1 -1.6065 677.8291 791.6182 697.6091 847.9279 1.5889 0.5657 0.5889 -8.1584 6.5988 44.5923 -1.7766 0.7462
Pedestrian -1 -1 -1.7332 652.9225 791.0984 677.6527 856.4453 1.7477 0.6015 0.6182 -8.3908 6.5021 42.3866 -1.9171 0.5436
Pedestrian -1 -1 -0.7033 0.0000 745.5823 79.1886 942.6844 1.7164 0.6745 0.5994 -8.7191 2.8705 13.9043 -1.2249 0.2455
Pedestrian -1 -1 2.0309 1097.2599 799.8154 1128.4838 858.4203 1.6929 0.6319 0.9252 4.7769 7.2674 47.0998 2.1344 0.1613
Pedestrian -1 -1 0.0849 1354.4205 810.9523 1422.8293 911.2224 1.5935 0.7851 1.1049 7.5490 4.9480 26.4027 0.3543 0.1279
Pedestrian -1 -1 -1.9039 646.9862 780.9111 673.2418 841.4812 1.7437 0.6315 0.5863 -9.1803 6.5420 45.5825 -2.0914 0.1021
Cyclist -1 -1 1.3162 1264.9183 757.2291 1418.8153 1004.6526 1.7432 0.7341 2.0082 3.1649 2.9512 12.6366 1.5402 0.4386
Cyclist -1 -1 1.5259 1110.5153 786.3893 1161.0983 907.2937 1.8094 0.7853 2.0879 3.0517 4.7651 26.3025 1.6394 0.3659
Cyclist -1 -1 -1.8543 1354.9567 808.1653 1420.6818 913.7675 1.6467 0.7520 1.3723 7.5187 4.9684 26.4130 -1.5860 0.1892
Cyclist -1 -1 2.5945 1790.9570 868.8505 1936.0000 1081.3827 1.7896 0.7273 1.7801 8.7744 4.1118 13.8529 3.1204 0.1421
