Pedestrian -1 -1 -1.5340 672.1464 789.1313 693.6381 847.8200 1.6251 0.5885 0.6064 -8.1241 6.4569 43.6562 -1.7070 0.7776
Pedestrian -1 -1 -1.8862 645.9029 791.1553 674.6747 860.0990 1.7974 0.6087 0.6798 -8.3691 6.4690 41.5757 -2.0732 0.5542
Pedestrian -1 -1 -0.6343 0.0000 751.4114 76.6444 934.4352 1.5576 0.6306 0.5820 -8.5713 2.7469 13.6645 -1.1560 0.5517
Pedestrian -1 -1 -0.1458 1373.9297 816.8057 1443.4724 906.9586 1.4005 0.7113 1.0358 7.6046 4.7206 25.4500 0.1345 0.1592
Pedestrian -1 -1 2.2109 1099.9061 799.5297 1131.4186 856.5108 1.6456 0.6423 0.7783 4.8304 7.1674 46.7814 2.3161 0.1096
Cyclist -1 -1 1.5050 1122.3265 783.1511 1178.0175 911.3050 1.8287 0.7820 2.0767 3.1398 4.5877 25.0131 1.6270 0.3815
Cyclist -1 -1 1.2600 1289.9307 748.6740 1476.0406 1023.9053 1.7424 0.7365 2.0102 3.1592 2.7726 11.4191 1.5038 0.3396
Cyclist -1 -1 1.4773 1376.0649 811.1253 1425.9354 912.1167 1.5017 0.6847 1.3375 7.5187 4.7806 25.6110 1.7531 0.1878
Cyclist -1 -1 1.6897 1101.7101 798.1468 1128.3044 857.9816 1.6684 0.6664 1.3616 4.8070 7.1653 46.7099 1.7945 0.1451
Car -1 -1 1.6069 949.6784 793.3178 1009.3087 854.8839 1.4896 1.8004 3.9568 0.6389 7.2677 49.2813 1.6250 0.4827
Car -1 -1 0.6246 0.0000 796.3304 88.0492 930.1631 1.5735 1.7786 3.7993 -14.7064 4.1005 21.0656 0.0471 0.1217
Car -1 -1 -1.0969 0.0000 770.8214 245.2766 913.1140 1.6463 1.7773 4.5221 -13.5526 4.2320 24.2282 -1.5808 0.1161
