Pedestrian -1 -1 1.4897 627.4891 783.3130 653.6592 850.2935 1.5734 0.5969 0.6256 -8.0059 5.5677 37.3239 1.2905 0.7817
Pedestrian -1 -1 -1.6736 590.4979 778.5421 620.0513 859.0536 1.7940 0.6220 0.6619 -8.4080 5.4644 35.3113 -1.8942 0.7359
Pedestrian -1 -1 1.4025 1254.0964 788.1808 1279.4823 848.8245 1.7684 0.6644 0.6210 9.3253 6.7889 45.6595 1.6033 0.3403
Pedestrian -1 -1 2.0127 687.6408 776.5571 719.9683 845.7241 1.7252 0.6249 0.6349 -6.7828 5.7617 39.4105 1.8528 0.2079
Cyclist -1 -1 1.3615 1209.0780 753.3448 1327.5038 958.6948 1.7934 0.7589 2.0154 3.1114 3.1990 15.3481 1.5477 0.4087
Cyclist -1 -1 -1.5222 1113.2098 787.5684 1140.0273 853.1416 1.7426 0.7186 1.7920 5.0224 6.7790 45.3578 -1.4100 0.2622
Cyclist -1 -1 1.4418 1485.6249 798.8028 1549.4564 925.6230 1.5120 0.6377 1.2739 7.5769 3.9655 20.4092 1.7807 0.1356
Car -1 -1 1.6637 718.2844 778.5748 790.2387 847.0590 1.5487 1.7431 4.1396 -6.2249 6.4230 45.3341 1.5365 0.5065
Car -1 -1 1.5406 941.0314 786.8074 1003.0966 850.7048 1.4390 1.7888 3.8662 0.2886 6.5771 45.5077 1.5520 0.1855
Car -1 -1 2.6549 1489.5725 800.5407 1858.5377 938.5906 1.5566 1.7949 4.2350 9.6913 4.0892 20.5289 3.0759 0.1790
