Pedestrian -1 -1 -1.8409 627.9441 785.5494 657.2205 856.7997 1.7678 0.6211 0.5993 -8.3870 6.0389 39.3504 -2.0388 0.5895
Pedestrian -1 -1 1.5657 656.1138 779.3007 678.5257 844.9849 1.7238 0.6033 0.6310 -8.1223 6.0293 41.3341 1.3829 0.5232
Pedestrian -1 -1 2.0099 723.3914 782.1291 762.1219 849.4049 1.7534 0.7646 0.8959 -6.1403 6.2315 42.0503 1.8746 0.3285
Pedestrian -1 -1 2.2668 0.0000 701.0775 80.6041 912.3464 1.7775 0.6551 0.6317 -8.3090 2.4694 13.2145 1.7439 0.1479
Cyclist -1 -1 1.2304 1442.0033 723.4058 1735.6000 1118.8224 1.6823 0.7028 1.9780 3.1956 2.2644 7.8465 1.5662 0.4710
Cyclist -1 -1 1.3254 1136.3301 761.9083 1232.1320 913.6733 1.8463 0.8165 2.2903 3.1716 3.9251 21.5083 1.4663 0.2963
Cyclist -1 -1 -1.4744 1102.5400 790.4722 1125.8955 849.7094 1.6415 0.5823 1.4488 4.7608 6.8749 46.5000 -1.3701 0.2261
Cyclist -1 -1 2.1620 0.0000 678.9894 90.0273 899.7693 1.7100 0.6850 1.8579 -8.4884 2.2141 12.9913 1.6219 0.1373
Car -1 -1 1.6399 945.8704 786.5622 1011.6052 849.3403 1.5118 1.8335 3.7455 0.5996 6.9086 47.9772 1.6574 0.8537
Car -1 -1 1.5657 741.9351 783.6707 799.8661 848.2148 1.5648 1.7915 3.9790 -6.1755 6.9453 48.5938 1.4483 0.5549
Car -1 -1 2.6853 1389.9103 793.8576 1717.9404 911.5291 1.5350 1.8352 4.5324 9.3894 4.3614 23.8855 3.0456 0.3586
Car -1 -1 -2.1574 1636.7255 802.2026 1936.0000 1036.5530 1.3675 1.7057 3.7203 7.9556 3.2065 13.5796 -1.6634 0.1560
Car -1 -1 0.5987 0.0000 798.5505 114.0887 937.3823 1.5389 1.7336 4.0708 -13.7306 3.9438 19.7922 0.0254 0.1504
