Pedestrian -1 -1 1.6800 631.4279 784.8672 657.0632 847.0520 1.4958 0.5689 0.5907 -8.0390 5.5878 37.9342 1.4830 0.7321
Pedestrian -1 -1 -1.5968 597.1016 775.6814 625.1682 853.1253 1.7627 0.6480 0.6272 -8.4099 5.4221 35.9104 -1.8140 0.6631
Pedestrian -1 -1 -1.5200 1116.1909 790.8455 1138.5756 849.2357 1.6453 0.6295 0.8904 5.0477 6.7397 45.4178 -1.4074 0.4673
Pedestrian -1 -1 1.7773 657.4953 779.8934 684.5037 843.4218 1.5338 0.5569 0.5927 -7.3519 5.4923 37.8899 1.5968 0.2039
Pedestrian -1 -1 1.4904 1252.9841 790.0855 1276.3245 851.4739 1.8102 0.6613 0.5940 9.3759 6.9536 46.2299 1.6900 0.1132
Cyclist -1 -1 1.4093 1196.1293 750.5999 1298.7859 942.1650 1.7885 0.7540 2.0687 3.0962 3.2515 16.3658 1.5845 0.3613
Cyclist -1 -1 -1.5681 1116.2365 787.9285 1137.5692 850.5657 1.7044 0.6360 1.5223 5.0551 6.7633 45.6119 -1.4557 0.2362
Cyclist -1 -1 -1.9670 1478.7015 789.3109 1580.3866 930.5670 1.6505 0.6276 1.8173 7.7776 4.0111 20.5474 -1.6219 0.1956
Cyclist -1 -1 1.4607 964.6600 785.6503 995.1635 850.0483 1.6512 0.7089 1.8222 0.5392 6.4796 43.9776 1.4777 0.1265
Car -1 -1 1.6457 722.6634 779.9760 792.4933 851.2071 1.6550 1.7803 4.0310 -6.1852 6.6140 45.7627 1.5207 0.7555
Car -1 -1 2.6554 1467.3007 790.9818 1833.9250 918.8846 1.4536 1.7936 4.3037 9.5013 3.8820 20.8062 3.0648 0.1881
Car -1 -1 -1.7201 915.4641 786.3098 991.6006 853.2338 1.4903 1.7619 4.0443 -0.2841 6.6545 45.7140 -1.7209 0.1658
