Pedestrian -1 -1 1.6175 659.6179 781.6185 682.2681 844.3522 1.6781 0.5911 0.6010 -8.1564 6.1177 42.0262 1.4370 0.7531
Pedestrian -1 -1 -1.8355 633.7844 783.3960 662.9984 855.0381 1.8079 0.6279 0.6289 -8.3750 6.0945 40.0233 -2.0299 0.6698
Pedestrian -1 -1 -1.5631 603.3280 784.9520 625.4719 856.8973 1.8138 0.5576 0.5073 -9.1289 6.0598 39.3669 -1.7783 0.1189
Pedestrian -1 -1 -1.7218 1236.2488 792.8251 1260.4702 847.1038 1.7121 0.6958 0.6864 9.5447 7.3369 49.7343 -1.5320 0.1081
Cyclist -1 -1 1.2648 1384.2152 728.0065 1632.0388 1085.0802 1.7591 0.7385 2.0218 3.1945 2.4470 8.9647 1.5663 0.4394
Cyclist -1 -1 1.3894 1134.8422 772.8560 1215.1571 916.8214 1.8426 0.8059 2.1759 3.1893 4.1797 22.5167 1.5254 0.3622
Cyclist -1 -1 1.6254 1107.0532 788.5405 1134.8099 852.2338 1.7144 0.7490 1.8900 4.9565 6.8950 46.3500 1.7341 0.3168
Cyclist -1 -1 -0.5376 1873.1888 801.5290 1936.0000 1064.1754 1.7717 0.7611 1.6746 7.8027 3.1231 11.0368 0.0290 0.1804
Car -1 -1 1.6676 935.5135 797.4859 1001.0547 855.9270 1.3757 1.7525 3.5995 0.2632 7.1571 48.2114 1.6784 0.2000
Car -1 -1 1.6878 734.8364 787.1234 805.2986 853.2381 1.6323 1.7870 4.1714 -6.2468 7.2003 49.2422 1.5707 0.1903
Car -1 -1 -1.0928 0.0000 772.6551 212.8301 927.6225 1.6405 1.8220 4.8133 -13.5205 4.1431 22.8976 -1.5984 0.1155
