Pedestrian -1 -1 1.4390 649.7207 777.1063 674.1693 842.4888 1.6700 0.5814 0.5616 -8.0516 5.7999 40.2192 1.2527 0.7067
Pedestrian -1 -1 -1.7341 619.2687 781.1588 647.6421 852.5667 1.7166 0.6166 0.6505 -8.3705 5.7490 38.1770 -1.9378 0.6408
Pedestrian -1 -1 1.5215 1244.6144 789.9291 1267.5311 848.7188 1.7993 0.6938 0.6292 9.4912 7.1540 48.1611 1.7160 0.1350
Pedestrian -1 -1 1.4336 720.2078 778.7379 750.8997 846.6190 1.7332 0.7327 0.8126 -6.1762 5.9912 40.9001 1.2935 0.1237
Pedestrian -1 -1 -1.6418 586.3092 775.2113 610.0281 847.8265 1.7513 0.5522 0.5426 -9.1832 5.5865 37.8159 -1.8671 0.1179
Cyclist -1 -1 1.1709 1549.5424 709.6658 1936.0000 1216.0000 1.7119 0.7238 1.9611 3.2288 2.1252 6.3105 1.5721 0.4734
Cyclist -1 -1 1.6113 1104.4014 786.2626 1130.1370 849.5295 1.6685 0.6988 2.0169 4.7896 6.7277 45.8377 1.7176 0.3528
Cyclist -1 -1 1.4182 1151.2795 761.1149 1232.0796 916.0032 1.7745 0.7517 2.0072 3.0405 3.6797 19.9100 1.5629 0.3046
Cyclist -1 -1 0.6420 0.0000 728.9726 64.8179 913.3401 1.8073 0.9124 2.0813 -10.7707 2.9447 15.8048 0.0800 0.1429
Cyclist -1 -1 1.3483 1424.8915 796.1782 1498.7793 917.0536 1.5756 0.7051 1.6112 7.5734 4.2695 22.6876 1.6573 0.1304
Car -1 -1 1.6258 944.1935 785.2430 1009.4647 848.9363 1.4989 1.8242 3.7928 0.5288 6.7481 47.0002 1.6420 0.8716
Car -1 -1 1.4784 734.7897 779.0879 801.4475 845.7142 1.5729 1.7669 4.0895 -6.1888 6.7063 47.6029 1.3582 0.1472
Car -1 -1 2.7349 1422.0961 798.1113 1775.9015 919.2483 1.5361 1.8475 4.5957 9.5934 4.2830 22.7377 3.1180 0.1379
Car -1 -1 0.5963 0.0000 771.9445 91.9376 937.9051 1.4779 1.7059 3.7347 -11.4864 3.1055 15.6953 0.0026 0.1204
