Pedestrian -1 -1 1.7104 620.7612 780.2261 649.3108 847.2411 1.5528 0.5881 0.6784 -7.9948 5.3981 36.6639 1.5078 0.8129
Pedestrian -1 -1 -1.6373 584.7061 775.9597 614.3506 858.0952 1.7889 0.6294 0.7026 -8.3640 5.3237 34.5669 -1.8615 0.6122
Pedestrian -1 -1 0.0540 1136.3389 765.2933 1199.1918 917.8322 1.6961 0.6809 0.7084 2.4584 3.4013 17.7635 0.1841 0.1887
Pedestrian -1 -1 -1.5562 1116.5204 787.0690 1139.4222 851.7761 1.7705 0.6666 1.3866 5.0555 6.7632 45.3093 -1.4431 0.1368
Cyclist -1 -1 1.3925 1234.7532 751.2237 1356.6570 969.5897 1.7519 0.7431 2.0548 3.1403 3.0415 14.2312 1.5931 0.4695
Cyclist -1 -1 1.4238 1271.3499 789.3820 1307.7018 858.3845 1.7682 0.7395 2.2841 9.8716 6.8500 45.0378 1.6384 0.3623
Cyclist -1 -1 -1.5640 1115.0074 785.9344 1139.6670 850.6757 1.7390 0.7276 1.6346 5.0342 6.7068 45.2776 -1.4513 0.2462
Cyclist -1 -1 -2.2694 1492.3978 793.3556 1613.0018 932.1689 1.5720 0.6793 1.4675 7.7655 3.8812 19.6945 -1.9121 0.2412
Car -1 -1 2.5958 1506.6052 791.0608 1880.6171 930.7958 1.5048 1.7722 4.1687 9.6567 3.8384 19.8834 3.0270 0.1776
Car -1 -1 -1.5486 1267.8176 787.7731 1331.5070 858.4016 1.6329 1.8480 3.9371 10.5689 6.9351 46.5491 -1.3264 0.1219
Car -1 -1 0.7061 0.0000 787.0867 101.0568 1057.3530 1.4951 1.8283 3.8778 -8.5525 2.7636 10.6263 0.0818 0.1141
