Pedestrian -1 -1 -1.4946 541.7118 770.5502 575.7622 860.6082 1.7698 0.6198 0.7558 -8.3906 4.8491 31.1902 -1.7429 0.5637
Pedestrian -1 -1 1.5021 587.6166 773.0185 614.6898 851.3896 1.6592 0.5565 0.5421 -8.0165 4.9895 33.2836 1.2789 0.4322
Pedestrian -1 -1 -1.6920 1117.0316 786.5190 1144.1920 850.1973 1.7579 0.6834 1.0366 5.0282 6.6177 44.4467 -1.5776 0.3070
Pedestrian -1 -1 2.4029 678.4518 786.2544 717.6047 858.5036 1.5767 0.6840 0.6023 -6.1760 5.4110 35.0873 2.2396 0.1178
Pedestrian -1 -1 1.9242 768.5628 789.6531 794.0798 845.9367 1.7581 0.6483 0.6512 -5.9438 7.2453 49.4123 1.8135 0.1003
Cyclist -1 -1 1.3043 1373.4401 719.9968 1604.4911 1068.2534 1.7721 0.7476 2.0466 3.1688 2.4232 9.2064 1.5971 0.3820
Cyclist -1 -1 -1.9742 1581.3518 787.7128 1710.5543 956.0212 1.6075 0.6782 1.6769 7.6299 3.5218 16.7441 -1.5713 0.3090
Cyclist -1 -1 1.4942 1117.6185 785.5709 1145.1434 851.7675 1.7553 0.6944 1.5893 5.0409 6.6105 44.3815 1.6090 0.2309
Car -1 -1 -2.4627 0.0000 764.5054 44.8175 936.6310 1.5120 1.7956 4.4210 -12.4078 3.0801 15.7867 -3.0899 0.4403
Car -1 -1 1.6855 696.7132 776.0547 777.1261 851.6456 1.5836 1.7155 4.1024 -6.1973 6.0058 41.6805 1.5476 0.4139
Car -1 -1 2.5536 1584.2673 797.5027 1936.0000 969.7019 1.5515 1.8298 4.5346 9.6582 3.6279 16.8627 3.0456 0.1198
