Pedestrian -1 -1 -1.5697 556.1097 773.7093 586.9897 862.1073 1.8052 0.6334 0.6139 -8.3795 5.0434 32.1690 -1.8103 0.4937
Pedestrian -1 -1 1.6390 598.2316 772.5977 626.1946 848.6104 1.6584 0.5781 0.5874 -7.9924 5.0745 34.2548 1.4226 0.3963
Pedestrian -1 -1 -1.6976 1116.6302 786.1755 1143.7301 847.8878 1.7171 0.6839 1.0365 5.0626 6.6118 44.8640 -1.5834 0.3333
Pedestrian -1 -1 -1.3066 1577.0999 805.7359 1650.8033 939.9437 1.4165 0.6443 0.6941 7.6508 3.5928 17.5255 -0.9177 0.1189
Pedestrian -1 -1 2.3400 1151.9655 730.2563 1249.9343 920.8800 1.8550 0.6815 0.7480 2.4990 2.9892 15.6011 2.4880 0.1113
Pedestrian -1 -1 2.1303 685.5618 779.4266 722.8280 856.0283 1.7336 0.6584 0.6063 -6.1687 5.4849 35.8955 1.9709 0.1039
Cyclist -1 -1 1.3461 1331.0022 733.9042 1514.7439 1033.6012 1.7511 0.7377 2.0187 3.1796 2.5914 10.5048 1.6094 0.4207
Cyclist -1 -1 -1.7148 1116.9937 787.8012 1144.7090 850.4107 1.7334 0.6792 1.0758 5.0753 6.6733 44.8006 -1.6002 0.2136
Cyclist -1 -1 -2.2804 1551.4498 782.5002 1718.7262 952.3130 1.6549 0.7110 1.8622 7.8040 3.5953 17.4167 -1.8824 0.1641
Cyclist -1 -1 0.8563 0.0000 700.8070 68.3138 954.8584 1.7944 0.8086 2.2180 -8.1994 2.4234 11.6876 0.2894 0.1411
Car -1 -1 -2.4814 0.0000 763.6233 25.2831 928.5544 1.5346 1.8095 4.4319 -13.0968 3.1550 16.5026 -3.1144 0.6871
Car -1 -1 2.5584 1564.3862 798.4966 1936.0000 958.7704 1.5354 1.8000 4.3121 9.7319 3.7466 17.9152 3.0305 0.1259
