Pedestrian -1 -1 -1.7049 485.0980 768.0092 523.0472 867.0129 1.7509 0.6139 0.5903 -8.5562 4.4663 27.9806 -1.9853 0.5887
Pedestrian -1 -1 1.0432 1691.0084 662.0777 1936.0000 1216.0000 1.7325 0.7244 1.6957 3.0926 1.8704 4.6819 1.5216 0.2621
Pedestrian -1 -1 -1.7272 1108.4880 782.5808 1138.5160 849.6585 1.7947 0.6845 1.2765 4.7386 6.4755 43.7387 -1.6175 0.2394
Pedestrian -1 -1 1.7788 539.9795 760.9638 577.7944 851.3049 1.7374 0.6178 0.5874 -8.0649 4.4937 29.9876 1.5304 0.2184
Cyclist -1 -1 1.0432 1691.0084 662.0777 1936.0000 1216.0000 1.7325 0.7244 1.6957 3.0926 1.8704 4.6819 1.5216 0.3540
Cyclist -1 -1 -1.6590 1105.2734 783.2537 1137.4479 851.8032 1.7579 0.7713 2.0107 4.7038 6.5289 44.0428 -1.5507 0.3425
Cyclist -1 -1 1.5845 956.1370 767.9580 988.5569 851.1779 1.8187 0.7924 2.8051 0.3035 5.6799 38.9503 1.5968 0.1408
Cyclist -1 -1 1.4862 1286.6982 787.7499 1322.3297 869.2615 1.9012 0.7666 1.7610 9.0555 6.3037 39.5020 1.7091 0.1108
Car -1 -1 1.6608 664.5793 775.6253 748.0649 854.6085 1.5301 1.7431 4.0653 -6.5942 5.6734 39.0212 1.5038 0.5494
Car -1 -1 2.4498 1694.1849 779.1957 1936.0000 965.6093 1.3961 1.8140 4.3205 9.6033 3.0023 14.3729 3.0039 0.1243
Car -1 -1 -0.2649 1304.9308 811.7280 1506.0439 885.1862 1.4999 1.8227 4.3507 10.7206 6.1542 36.3061 0.0169 0.1059
