Pedestrian -1 -1 -1.3658 147.2457 744.4194 229.6660 906.5553 1.7549 0.7095 0.6475 -8.8641 3.1594 17.1740 -1.8126 0.8307
Pedestrian -1 -1 -1.7099 1085.5233 782.7960 1115.4624 851.6658 1.7693 0.6860 1.0831 3.8605 6.2125 41.5253 -1.6152 0.3721
Pedestrian -1 -1 2.2819 283.0345 740.5524 351.4899 885.4068 1.7790 0.5954 0.5508 -8.3044 3.2986 19.2925 1.8998 0.2978
Pedestrian -1 -1 1.7546 658.9985 792.0667 681.8284 849.4591 1.7764 0.6162 0.6259 -9.4170 7.2253 48.4303 1.5737 0.2694
Pedestrian -1 -1 1.0787 1711.6805 540.0646 1936.0000 1216.0000 1.7691 0.6999 0.7427 2.2797 1.5949 3.4579 1.5253 0.2081
Cyclist -1 -1 -1.5870 1085.0674 779.9040 1112.0400 853.2174 1.7870 0.7218 1.9850 3.8254 6.2222 41.7720 -1.4936 0.3470
Cyclist -1 -1 0.1849 904.6550 779.9418 963.8039 839.5179 1.7226 0.7664 1.7249 -0.8364 6.5983 46.5024 0.1727 0.1528
Cyclist -1 -1 1.1377 1667.6171 526.1687 1936.0000 1216.0000 1.7868 0.7264 1.2573 2.2301 1.6083 3.3382 1.5854 0.1251
Car -1 -1 1.7728 535.9201 772.5627 673.0562 881.7861 1.6344 1.8289 4.1710 -7.0978 4.8192 30.1541 1.5551 0.9289
Car -1 -1 1.6703 896.2659 778.1433 986.3165 859.8753 1.4339 1.7493 3.7217 -0.4199 5.2618 35.4212 1.6633 0.8474
Car -1 -1 1.7563 626.0977 776.4814 727.0907 854.8109 1.5220 1.8190 4.1659 -7.4013 5.7124 39.2481 1.5809 0.4968
