Pedestrian -1 -1 -1.4126 107.0837 735.8705 193.7059 910.5969 1.7955 0.7171 0.6783 -8.8513 3.0406 16.3471 -1.8774 0.5753
Pedestrian -1 -1 1.9672 244.6107 738.1103 317.6078 888.0468 1.7607 0.6087 0.6358 -8.3437 3.1750 18.3624 1.5666 0.5107
Pedestrian -1 -1 -1.7273 1085.8469 783.6757 1116.4944 853.3087 1.7656 0.6726 1.1438 3.8494 6.2037 41.2087 -1.6322 0.2577
Pedestrian -1 -1 -1.5081 654.6740 791.0297 678.2805 849.2433 1.6932 0.6539 1.1448 -9.3727 7.0454 47.5713 -1.6914 0.1533
Cyclist -1 -1 -1.6167 1085.2507 781.4797 1113.5623 853.1932 1.7382 0.6980 1.8946 3.8165 6.1756 41.4164 -1.5227 0.3660
Cyclist -1 -1 0.1510 878.8920 781.2647 982.5322 858.4058 1.6056 0.7450 2.2508 -0.6825 5.1905 33.7629 0.1359 0.1436
Cyclist -1 -1 0.1126 908.0738 775.4239 962.0551 834.7433 1.7156 0.7397 1.5828 -0.8004 6.3878 45.9698 0.1009 0.1351
Car -1 -1 1.7563 525.3829 777.3499 659.4884 885.9504 1.5576 1.7693 4.1033 -7.1544 4.7660 29.3869 1.5315 0.9038
Car -1 -1 1.7018 895.6815 779.8918 988.1161 861.3576 1.4175 1.6933 3.6364 -0.4034 5.2632 35.1954 1.6952 0.8924
Car -1 -1 -1.3700 642.6086 774.5024 736.8909 843.2931 1.4534 1.8146 4.3301 -7.8005 6.0080 43.3336 -1.5377 0.1411
Car -1 -1 -1.3724 615.2158 777.5740 720.0750 857.9163 1.5079 1.7842 4.2848 -7.4703 5.6513 38.4264 -1.5532 0.1071
