Pedestrian -1 -1 1.4216 1094.3789 794.2172 1113.9120 850.7565 1.7177 0.5401 0.5723 4.5390 7.1331 47.5291 1.5194 0.1505
Pedestrian -1 -1 -1.4251 450.7597 773.0542 487.5978 867.8340 1.6404 0.5619 0.4828 -8.8962 4.3479 27.0462 -1.7255 0.1066
Cyclist -1 -1 1.4632 1106.1283 761.4606 1146.1799 844.4981 1.7664 0.7551 1.9227 3.9497 5.1363 35.9401 1.5733 0.3496
Cyclist -1 -1 1.5645 809.7278 761.5808 834.4335 830.3351 1.8146 0.7197 2.0827 -4.1673 6.0064 44.7926 1.4795 0.2842
Cyclist -1 -1 0.5938 0.0000 715.1380 188.6818 896.3018 1.7228 0.7942 1.8671 -8.9708 2.6683 15.1854 0.0940 0.1445
Cyclist -1 -1 1.5233 881.2275 764.4508 909.0361 830.5021 1.7607 0.7564 1.7066 -1.9746 5.9934 44.4750 1.4853 0.1042
Car -1 -1 1.7030 866.1498 760.9100 965.6730 847.4670 1.5132 1.7766 3.7079 -0.9786 4.7981 34.1784 1.6796 0.7983
Car -1 -1 2.4235 0.0000 697.0782 156.6317 1149.7780 1.7183 1.9305 4.4335 -7.2239 2.2582 8.8107 1.7967 0.5392
Car -1 -1 1.5329 957.4991 775.0859 1015.6625 835.2116 1.5085 1.7849 3.8801 0.7959 6.6500 49.2401 1.5540 0.2907
Car -1 -1 -2.1231 1731.1472 795.0054 1936.0000 1072.4199 1.4430 1.7695 3.9813 8.2046 3.0596 12.2179 -1.5743 0.1399
Car -1 -1 0.4339 311.8451 797.5670 483.3976 864.0872 1.5248 1.7372 4.0209 -15.3257 6.3527 40.7657 0.0909 0.1297
