Pedestrian -1 -1 2.6340 1395.8380 803.5035 1452.3060 894.7314 1.5386 0.5721 0.7957 8.3570 4.8088 27.0162 2.9245 0.1485
Pedestrian -1 -1 -3.1172 1103.0730 767.8043 1164.3297 847.6553 1.7911 0.7494 1.4345 4.1220 5.2478 35.7013 -3.0019 0.1053
Cyclist -1 -1 -1.6113 1113.7728 765.4135 1150.3361 846.4915 1.7273 0.8043 1.9208 4.1298 5.2279 36.2685 -1.4974 0.3048
Cyclist -1 -1 1.6360 811.1177 761.9097 842.8237 832.7692 1.7826 0.7436 2.4630 -3.9065 5.8947 43.6449 1.5544 0.2687
Cyclist -1 -1 1.8080 898.0289 767.1778 957.6627 855.6252 1.6350 0.7690 2.3348 -0.7122 4.8722 32.8026 1.7912 0.1257
Cyclist -1 -1 2.0908 0.0000 710.5405 68.4365 1030.6632 1.6353 0.6841 1.7813 -6.2386 2.2035 9.0219 1.5400 0.1017
Cyclist -1 -1 3.6189 0.0000 727.5040 99.3516 922.1193 1.6894 0.7961 1.6605 -9.0764 2.6742 13.9043 3.0789 0.1007
Car -1 -1 1.6786 871.1939 768.7053 964.8121 852.3983 1.4388 1.7274 3.6337 -0.9314 4.8960 34.0676 1.6565 0.5371
Car -1 -1 0.7966 0.0000 719.8663 32.5270 1025.5303 1.4628 1.7916 4.0688 -8.1164 2.1066 9.0008 0.1223 0.3368
Car -1 -1 -2.0638 1796.1747 798.4807 1936.0000 1085.3774 1.4192 1.7661 3.6621 8.2610 2.9843 11.5881 -1.4903 0.1204
Car -1 -1 0.4937 275.3842 783.1201 470.7006 865.2476 1.7069 1.7873 4.1190 -14.4150 5.7184 36.7476 0.1374 0.1052
