Pedestrian -1 -1 -1.5532 805.0218 768.4193 826.2242 826.6399 1.7387 0.6478 0.9574 -4.6352 6.3578 47.6291 -1.6423 0.2089
Pedestrian -1 -1 -1.6912 1087.0311 763.4827 1123.7264 840.4355 1.7206 0.7294 1.4850 3.5461 5.2091 36.8928 -1.5941 0.1383
Cyclist -1 -1 -1.6535 1086.7910 764.3937 1123.3232 842.8305 1.7278 0.7575 1.7773 3.5479 5.2639 37.0149 -1.5567 0.2775
Cyclist -1 -1 1.6139 883.7137 752.3716 925.7176 844.1667 1.7622 0.8168 2.4183 -1.2422 4.7037 33.2940 1.5821 0.1978
Cyclist -1 -1 -1.5107 802.7272 766.7394 828.0920 828.1284 1.7709 0.6983 1.5714 -4.6370 6.3621 47.6106 -1.5998 0.1798
Cyclist -1 -1 -1.9961 1851.1805 789.9216 1936.0000 1059.0267 1.8381 0.7611 2.2384 8.5417 3.3774 12.7914 -1.4485 0.1117
Car -1 -1 2.0700 0.0000 727.7961 283.1329 1014.4900 1.5279 1.8019 4.1279 -7.0517 2.4635 11.5269 1.5634 0.9451
Car -1 -1 1.6162 862.9291 767.0955 945.1966 850.4814 1.4693 1.6973 3.5349 -1.2600 4.8904 34.1988 1.5849 0.6532
Car -1 -1 3.2364 576.9208 784.1093 715.6896 842.5925 1.5024 1.8220 3.9629 -9.5401 6.4684 45.5399 3.0412 0.1820
Car -1 -1 0.3941 329.3859 783.7243 505.6440 854.8174 1.6921 1.7959 4.1965 -14.9384 6.1778 41.2085 0.0623 0.1076
