Pedestrian -1 -1 1.5143 1077.1245 794.0653 1095.9509 850.0955 1.7769 0.5914 0.5618 4.1415 7.4051 49.4642 1.6010 0.1485
Pedestrian -1 -1 -1.6119 967.4780 790.2696 988.0424 846.1778 1.7461 0.6523 0.7637 0.5421 7.2522 49.4016 -1.5957 0.1259
Pedestrian -1 -1 -1.4425 473.8788 772.5809 507.1165 863.7659 1.7080 0.5525 0.5111 -9.2103 4.6276 29.2681 -1.7310 0.1090
Pedestrian -1 -1 -2.8086 1080.9904 762.8491 1139.7319 838.4274 1.7132 0.7370 1.2621 3.6588 5.1528 36.6869 -2.7082 0.1015
Cyclist -1 -1 1.6408 804.1815 766.3505 831.5535 828.5301 1.7572 0.7257 1.7202 -4.5058 6.2916 47.0710 1.5532 0.3110
Cyclist -1 -1 -1.7040 1086.7856 762.5067 1129.8062 839.9430 1.7020 0.8349 1.7248 3.6116 5.1744 36.8596 -1.6052 0.2604
Cyclist -1 -1 1.5871 899.4750 759.4290 935.3117 845.0729 1.6535 0.7495 2.0687 -0.9608 4.7306 33.1678 1.5633 0.1213
Cyclist -1 -1 -1.5694 958.0832 790.3257 980.0423 847.3885 1.7134 0.7173 1.3501 0.2626 7.2666 49.5214 -1.5587 0.1006
Car -1 -1 2.1257 0.0000 716.0883 261.2521 1028.4557 1.5648 1.8438 4.2518 -7.0593 2.3602 10.8948 1.5963 0.8659
Car -1 -1 1.7170 852.8778 766.4681 952.5308 850.9125 1.4614 1.7389 3.7684 -1.2906 4.9104 34.4615 1.6852 0.4365
Car -1 -1 3.4017 396.8985 789.4702 549.2082 849.3378 1.5429 1.7273 4.0057 -14.5344 6.5623 44.6675 3.1017 0.1183
