Pedestrian -1 -1 2.3458 1445.4814 813.1273 1505.9166 912.9891 1.5073 0.5533 0.7817 8.4609 4.6572 24.6004 2.6648 0.3026
Pedestrian -1 -1 -1.5451 1128.4464 771.9912 1158.0016 853.0012 1.7587 0.6618 1.0627 4.2783 5.2700 35.1247 -1.4239 0.2479
Pedestrian -1 -1 2.1275 475.8412 770.6603 503.3028 827.0837 1.6711 0.5900 0.5892 -14.6721 6.2409 46.5223 1.8357 0.2378
Pedestrian -1 -1 -1.0496 504.6148 770.2508 534.4562 827.1371 1.6764 0.5749 0.7884 -13.8312 6.2726 46.8352 -1.3236 0.1451
Pedestrian -1 -1 2.3198 429.7574 768.4907 465.7619 830.5608 1.6879 0.6414 0.7578 -14.8865 5.8973 43.3602 2.0037 0.1269
Pedestrian -1 -1 -1.3490 813.5749 769.4371 842.9149 833.9073 1.6641 0.6122 0.9330 -3.6758 5.7113 41.3691 -1.4300 0.1112
Cyclist -1 -1 -1.6953 1125.2145 769.4316 1167.4862 856.2150 1.8048 0.7612 1.8377 4.3288 5.2844 35.0827 -1.5725 0.3008
Cyclist -1 -1 -1.5411 810.5851 767.7808 837.3305 837.0212 1.7240 0.6780 1.5957 -3.7953 5.7586 41.4130 -1.6248 0.1809
Cyclist -1 -1 1.7188 523.4958 766.6973 555.1229 825.8157 1.6860 0.7072 1.7205 -13.4887 6.3070 47.8386 1.4567 0.1785
Cyclist -1 -1 2.5789 1444.6218 813.8179 1507.2903 911.6428 1.4902 0.5592 0.7977 8.4519 4.6404 24.5686 2.8980 0.1229
Cyclist -1 -1 1.7585 895.9653 766.9044 935.2032 836.4482 1.8190 0.7766 2.1430 -1.3560 6.1806 44.8112 1.7343 0.1028
Car -1 -1 1.8567 864.0512 769.3762 993.6228 865.4230 1.6146 1.8324 4.1792 -0.6651 5.1364 34.1940 1.8423 0.4622
Car -1 -1 0.3930 272.5753 791.8414 436.4177 857.2773 1.7535 1.8469 4.2931 -18.6306 7.0015 46.0345 0.0250 0.1165
