Pedestrian -1 -1 -1.3648 483.6658 768.5839 511.6682 829.2263 1.7289 0.6760 0.6327 -13.8236 6.0472 44.6016 -1.6516 0.4979
Pedestrian -1 -1 2.4718 405.5822 765.1714 445.2134 830.3759 1.6891 0.6158 0.8318 -14.8604 5.6282 41.4777 2.1429 0.2679
Pedestrian -1 -1 1.5299 557.8586 784.1313 577.7844 842.7398 1.6937 0.5702 0.5447 -11.9495 6.5657 45.4142 1.2855 0.1756
Pedestrian -1 -1 1.7895 507.6043 771.5013 540.5638 834.0839 1.7662 0.7257 1.1100 -13.2845 6.2793 45.4632 1.5186 0.1647
Pedestrian -1 -1 -3.0149 1116.7142 759.1335 1177.3545 840.6406 1.7572 0.7450 1.3040 4.2874 4.8993 34.4826 -2.8914 0.1207
Pedestrian -1 -1 -1.5908 712.9790 786.5710 732.6318 848.5384 1.7158 0.5731 1.0666 -7.1749 6.6402 44.9756 -1.7389 0.1134
Cyclist -1 -1 1.8017 792.8745 755.7958 842.8365 834.2781 1.7951 0.7805 2.3403 -3.7666 5.3560 39.4679 1.7143 0.4140
Cyclist -1 -1 -1.7027 1130.0865 759.8882 1172.8103 844.6195 1.7434 0.7481 1.7960 4.3794 4.9423 34.5384 -1.5768 0.3019
Cyclist -1 -1 -1.5649 897.5130 754.6378 934.4255 842.3260 1.6747 0.7759 1.9316 -0.9709 4.5713 32.4139 -1.5898 0.2231
Cyclist -1 -1 -1.4066 511.9603 768.9070 544.2755 830.8968 1.7239 0.7164 1.3723 -13.2149 6.1893 45.6514 -1.6752 0.1655
Cyclist -1 -1 -1.5908 712.9790 786.5710 732.6318 848.5384 1.7158 0.5731 1.0666 -7.1749 6.6402 44.9756 -1.7389 0.1404
Car -1 -1 3.5161 248.2048 794.5873 416.1256 860.8478 1.6708 1.8625 4.0992 -18.2370 6.7111 43.4774 3.1362 0.2134
Car -1 -1 1.7001 869.5475 765.5861 969.4086 852.6269 1.4793 1.7574 3.7886 -0.8846 4.8442 33.7891 1.6790 0.1675
Car -1 -1 0.4133 285.1680 798.2418 493.5130 880.6050 1.6001 1.7428 4.1120 -13.0684 5.6933 34.3040 0.0674 0.1538
