Pedestrian -1 -1 -1.5778 479.9494 759.5718 503.6039 822.3207 1.7598 0.6617 0.6783 -13.8638 5.7755 44.1701 -1.8683 0.1265
Pedestrian -1 -1 1.5897 553.8717 782.4144 572.7959 842.0129 1.7100 0.5325 0.5255 -11.9444 6.4721 44.8952 1.3427 0.1088
Cyclist -1 -1 1.4178 1124.8633 761.2889 1171.4841 846.4124 1.7280 0.7745 1.9901 4.3073 4.9742 34.5871 1.5415 0.3500
Cyclist -1 -1 1.6394 806.1180 752.7447 843.0200 833.7805 1.8403 0.7769 2.3749 -3.5429 5.2695 38.9188 1.5562 0.3428
Cyclist -1 -1 -1.5742 709.8909 788.9242 729.1708 849.9048 1.6586 0.5569 1.0767 -7.1640 6.5851 44.3410 -1.7242 0.1528
Cyclist -1 -1 1.5291 879.4750 765.9329 906.0513 831.9246 1.7489 0.7280 1.8941 -2.0590 6.0627 44.7673 1.4895 0.1518
Cyclist -1 -1 1.8675 396.5025 764.9172 438.6086 832.6679 1.6878 0.6888 1.3869 -14.8517 5.5811 40.8763 1.5344 0.1353
Car -1 -1 1.6507 873.1017 762.7665 965.2098 848.7405 1.4828 1.7659 3.6969 -0.8959 4.7713 33.7730 1.6293 0.6795
Car -1 -1 0.4138 273.4304 796.9976 481.0583 879.3424 1.5760 1.7285 4.0059 -13.1190 5.5704 33.7242 0.0611 0.2169
Car -1 -1 0.3855 258.6841 795.5262 418.8514 855.2944 1.5906 1.7516 4.1757 -19.0170 6.9178 45.7957 0.0087 0.2032
Car -1 -1 1.5260 958.8522 776.5034 1018.9318 842.3636 1.6727 1.8196 4.0090 0.8711 6.8784 49.3251 1.5486 0.1503
Car -1 -1 -1.3746 819.0156 760.4709 905.2370 828.0342 1.6091 1.8815 4.0644 -3.0191 6.0059 46.3568 -1.4327 0.1376
