Pedestrian -1 -1 -1.1169 482.5391 780.1696 508.0270 837.1970 1.7404 0.5742 0.5890 -14.8980 6.7404 47.8178 -1.4051 0.2767
Pedestrian -1 -1 -1.7419 1122.6361 772.3802 1160.6318 854.0573 1.7699 0.6899 1.2438 4.2558 5.3192 35.3508 -1.6220 0.1663
Pedestrian -1 -1 1.4624 535.9091 775.4279 556.6542 833.4852 1.8153 0.6049 0.5598 -13.6111 6.7893 49.0454 1.2045 0.1662
Pedestrian -1 -1 1.2636 1587.6309 770.7928 1676.6001 965.2079 1.7297 0.6154 0.5507 6.2964 3.1303 14.0561 1.6552 0.1251
Cyclist -1 -1 1.6146 808.4964 763.4176 838.9493 835.3842 1.7847 0.7488 2.1707 -3.8903 5.8156 42.4181 1.5309 0.3446
Cyclist -1 -1 -1.6110 1119.9437 769.9188 1157.0675 858.4172 1.8477 0.7988 2.0483 4.2205 5.4139 35.7224 -1.4931 0.3425
Cyclist -1 -1 -1.6189 900.1354 756.0953 940.0587 849.0734 1.7631 0.7779 2.3537 -0.9225 4.7592 32.9500 -1.6417 0.1545
Cyclist -1 -1 -1.6695 1406.6660 796.1333 1466.0942 911.2640 1.6446 0.7462 2.1851 8.2095 4.7427 25.9120 -1.3731 0.1210
Cyclist -1 -1 1.8133 516.5967 771.1815 552.3402 833.4648 1.8200 0.7018 1.7408 -13.8889 6.6698 48.7016 1.5485 0.1049
Car -1 -1 1.7751 615.8079 773.4664 703.6660 839.3148 1.4675 1.7513 3.8128 -8.8004 6.0219 43.9211 1.5883 0.8631
Car -1 -1 1.6507 868.1672 769.8331 961.7159 856.7615 1.4985 1.8158 3.7821 -1.0016 4.9993 34.1831 1.6268 0.3343
Car -1 -1 0.4274 259.6703 784.0405 440.9932 852.8337 1.5170 1.7229 3.9612 -15.6671 5.7136 38.4607 0.0579 0.1149
