Pedestrian -1 -1 1.7109 386.7053 771.9474 417.0049 842.5150 1.7732 0.6561 0.6639 -14.8083 5.7053 39.5972 1.3692 0.2633
Pedestrian -1 -1 2.1469 1543.6744 800.7410 1609.8193 915.1716 1.4546 0.5410 0.7382 8.5526 3.9493 20.7813 2.5197 0.1716
Pedestrian -1 -1 1.8533 459.4602 770.7980 488.6271 833.6751 1.7016 0.6207 0.6556 -13.7950 5.8661 42.3515 1.5528 0.1621
Cyclist -1 -1 -1.6973 1133.7667 758.2626 1179.8322 845.5251 1.7553 0.7952 1.9993 4.4485 4.8894 34.1417 -1.5682 0.3457
Cyclist -1 -1 1.7410 614.4566 763.0143 653.3995 832.2889 1.8413 0.7571 2.2814 -9.9443 6.1500 45.4990 1.5372 0.3136
Cyclist -1 -1 -1.5050 800.6190 761.1454 835.2812 840.1413 1.7390 0.7123 2.2184 -3.6183 5.2928 37.8896 -1.5924 0.2673
Cyclist -1 -1 1.6105 1516.1105 774.5541 1572.8590 909.9279 1.8149 0.7856 2.2718 9.3379 4.3268 23.9007 1.9689 0.1980
Cyclist -1 -1 1.6306 315.7476 761.1954 356.4202 843.4174 1.6840 0.7303 2.0060 -14.7145 4.9923 35.2322 1.2527 0.1689
Car -1 -1 1.5878 879.4083 765.2099 961.1759 848.7751 1.4376 1.7409 3.6338 -0.8798 4.7665 33.6597 1.5668 0.8189
Car -1 -1 -2.1460 1712.4879 789.0430 1936.0000 1054.3231 1.4785 1.8093 4.1329 8.5398 3.1383 13.0254 -1.6051 0.3986
Car -1 -1 0.5370 110.9611 770.0615 345.4096 854.6516 1.5219 1.7476 4.1715 -15.4922 4.7050 31.7082 0.1029 0.1729
Car -1 -1 -0.3162 1387.8600 805.0594 1620.4480 900.2155 1.7072 1.8845 4.2315 11.3772 5.6272 31.5519 0.0210 0.1724
Car -1 -1 -2.7092 235.3045 796.9122 406.1975 866.8998 1.8168 1.9120 4.3331 -19.2506 7.1211 45.0597 -3.0955 0.1495
Car -1 -1 -1.7709 767.6190 759.0478 867.6238 836.9890 1.5367 1.8621 4.2042 -3.8639 5.2951 39.6160 -1.8604 0.1352
