Pedestrian -1 -1 -0.6455 1551.3113 819.3149 1634.1422 925.0683 1.3156 0.5267 0.9062 8.5879 4.0094 20.3476 -0.2647 0.2261
Pedestrian -1 -1 2.5382 368.0045 769.8526 410.6172 841.7211 1.7453 0.6047 0.8420 -14.8855 5.5687 38.9264 2.1893 0.1818
Pedestrian -1 -1 -1.4404 1137.5140 760.6390 1172.8724 843.3947 1.7368 0.6704 0.9834 4.3860 4.8547 33.7882 -1.3118 0.1787
Pedestrian -1 -1 1.5706 493.5770 773.3813 516.7360 836.0555 1.6924 0.6236 0.6653 -13.0249 5.9740 42.7151 1.2886 0.1371
Pedestrian -1 -1 1.9481 450.6965 777.5569 480.1606 840.4360 1.6721 0.5876 0.6197 -13.8238 5.9628 41.7013 1.6429 0.1203
Cyclist -1 -1 -1.6987 1136.3715 759.5118 1179.2039 845.4131 1.7327 0.7409 1.7475 4.4263 4.8521 33.7795 -1.5689 0.3718
Cyclist -1 -1 1.5970 801.7708 768.4930 834.5975 850.3692 1.7565 0.7354 2.1615 -3.5325 5.4195 37.0462 1.5099 0.3564
Cyclist -1 -1 1.7816 1523.2872 788.2347 1602.1910 916.5167 1.6624 0.7312 2.1719 9.3949 4.3298 23.3127 2.1497 0.3155
Cyclist -1 -1 -0.6455 1551.3113 819.3149 1634.1422 925.0683 1.3156 0.5267 0.9062 8.5879 4.0094 20.3476 -0.2647 0.2161
Cyclist -1 -1 1.7702 887.8022 751.6693 947.0613 845.0617 1.7493 0.8243 2.3850 -0.9351 4.6220 32.6411 1.7466 0.2063
Cyclist -1 -1 1.6634 621.2103 765.1584 654.4983 836.4850 1.8863 0.7596 2.1572 -9.7286 6.2153 45.0420 1.4621 0.1536
Cyclist -1 -1 1.9241 450.5248 768.1106 494.4442 835.6659 1.7199 0.7080 1.4121 -13.6734 5.7985 41.8651 1.6229 0.1338
Car -1 -1 1.6240 873.9985 764.9132 959.5506 848.7850 1.4574 1.7153 3.4262 -0.9493 4.7591 33.5266 1.6009 0.8357
Car -1 -1 -2.1978 1772.5258 798.1049 1936.0000 1067.1272 1.3859 1.7254 3.7878 8.5542 3.0168 12.1413 -1.6275 0.5350
Car -1 -1 -1.2801 415.0712 765.4391 528.1276 843.9885 1.7568 1.8781 4.4755 -14.2353 6.0781 43.7340 -1.5804 0.1211
Car -1 -1 2.6649 1526.5988 814.4480 1884.1980 946.7081 1.5030 1.8643 4.0815 10.3002 4.2809 20.9048 3.1024 0.1207
