Pedestrian -1 -1 2.4061 1463.8838 812.6684 1522.8448 913.1281 1.4843 0.5405 0.7116 8.5154 4.5389 23.9388 2.7348 0.3132
Pedestrian -1 -1 -0.8437 489.9689 765.1490 532.4647 825.6097 1.7159 0.6611 1.1377 -13.8808 6.1048 46.1414 -1.1226 0.2678
Pedestrian -1 -1 -1.5085 609.7526 784.7547 629.9854 842.1699 1.7631 0.5935 0.5649 -10.9668 6.9338 48.0480 -1.7210 0.1798
Pedestrian -1 -1 -1.4700 718.7089 793.3778 739.4658 848.8243 1.6986 0.5959 0.6008 -7.4545 7.1446 48.0272 -1.6139 0.1594
Pedestrian -1 -1 1.4421 1113.3291 772.7852 1138.0315 831.2538 1.6078 0.6330 0.6212 4.7289 5.8951 43.0375 1.5532 0.1377
Pedestrian -1 -1 -1.0433 464.7646 770.1235 493.4453 831.0199 1.7757 0.5845 0.6508 -14.7702 6.2624 45.8181 -1.3412 0.1322
Pedestrian -1 -1 -0.7708 420.9096 767.1885 458.6450 828.6454 1.6409 0.6551 0.7817 -14.8987 5.7541 42.7315 -1.0915 0.1221
Pedestrian -1 -1 0.6745 514.7601 762.7504 559.5806 820.4258 1.6918 0.7399 1.1517 -13.3715 6.0912 47.1564 0.4109 0.1200
Cyclist -1 -1 -1.5515 804.0742 763.2064 835.6081 839.3395 1.8070 0.7959 2.2672 -3.8520 5.6930 40.8590 -1.6377 0.4026
Cyclist -1 -1 -1.7084 1122.7253 768.5342 1168.6415 851.8645 1.7108 0.8108 1.9089 4.2983 5.1624 34.9750 -1.5862 0.3939
Cyclist -1 -1 1.8527 880.7972 756.2715 948.7199 852.8488 1.7853 0.7879 2.5530 -0.9886 4.7675 32.6114 1.8276 0.2346
Cyclist -1 -1 -0.8258 486.1013 762.7433 536.4692 826.1470 1.7814 0.7469 1.3785 -13.8962 6.1128 46.2072 -1.1047 0.2146
Car -1 -1 1.6414 871.3167 768.7642 962.8661 855.0630 1.4871 1.7961 3.6782 -0.9471 4.9310 33.9183 1.6188 0.8013
Car -1 -1 0.3947 270.8481 794.8948 435.1223 860.6050 1.7395 1.8639 4.2582 -18.5334 7.0447 45.6825 0.0261 0.2527
