Pedestrian -1 -1 -0.6742 1468.1038 812.5007 1536.1547 912.7415 1.4496 0.5563 0.8468 8.5112 4.4534 23.5410 -0.3408 0.3250
Pedestrian -1 -1 -1.3968 491.1913 765.6235 518.8083 825.8317 1.7284 0.6591 0.8365 -13.8754 6.0517 45.4914 -1.6794 0.2641
Pedestrian -1 -1 1.7244 604.1426 777.1689 625.8130 837.0398 1.8322 0.5898 0.5407 -11.0015 6.7000 47.5187 1.5087 0.1649
Pedestrian -1 -1 1.7261 579.9594 788.5563 599.1752 844.4105 1.6964 0.5171 0.4684 -11.7193 6.8848 47.1564 1.4950 0.1562
Pedestrian -1 -1 -1.4711 524.3646 766.5182 548.0359 823.1635 1.6723 0.6350 0.6829 -13.2094 6.1112 46.4836 -1.7351 0.1465
Pedestrian -1 -1 -3.0458 1117.8900 764.7345 1173.9274 844.3591 1.7354 0.7216 1.2302 4.2988 5.0335 34.7848 -2.9230 0.1209
Cyclist -1 -1 1.6461 802.1559 763.6243 836.1513 838.0384 1.7317 0.7227 2.2713 -3.8063 5.5655 40.1891 1.5595 0.3684
Cyclist -1 -1 -1.7139 1123.8066 766.2086 1167.0054 849.1252 1.7121 0.7484 1.8230 4.2881 5.0999 34.9320 -1.5918 0.2772
Cyclist -1 -1 0.7440 397.5529 770.4071 473.7216 838.6865 1.7319 0.7972 2.0274 -14.7730 5.8968 42.0265 0.4212 0.2465
Cyclist -1 -1 -0.4525 1469.1754 813.2559 1536.9790 910.6016 1.4278 0.5588 0.8416 8.5192 4.4326 23.5287 -0.1187 0.1640
Cyclist -1 -1 -1.4302 494.2434 768.2454 526.2945 831.2271 1.7344 0.7149 1.4838 -13.7242 6.1744 45.5355 -1.7095 0.1198
Car -1 -1 1.6373 869.6222 767.4199 957.9928 852.1385 1.4596 1.7394 3.6737 -1.0239 4.8720 33.9336 1.6125 0.7001
Car -1 -1 0.3934 255.4180 795.4695 423.5392 861.7701 1.7227 1.8420 4.2638 -18.5541 6.9355 44.7438 0.0174 0.2500
Car -1 -1 -2.0173 1651.7764 774.8312 1936.0000 1025.2009 1.5386 1.8202 4.5866 8.4818 3.2099 14.3306 -1.5167 0.1248
Car -1 -1 -0.2819 1352.8773 803.3085 1567.9198 891.7215 1.7130 1.8936 4.2851 11.3009 5.8995 34.0777 0.0312 0.1054
