Pedestrian -1 -1 1.4795 504.0780 762.5234 529.2490 824.0949 1.7160 0.6569 0.7580 -13.1602 5.8325 44.2583 1.2037 0.3725
Pedestrian -1 -1 2.3117 470.2918 765.4764 506.0679 827.2041 1.6746 0.6442 0.7544 -13.6747 5.7839 43.2340 2.0193 0.2280
Pedestrian -1 -1 -1.2997 446.6591 765.8116 471.8867 828.7170 1.7453 0.5621 0.5261 -14.4286 5.8219 42.9900 -1.6090 0.1439
Pedestrian -1 -1 2.3673 1515.8704 797.5345 1587.7954 907.3104 1.4613 0.5417 0.8279 8.5383 4.0058 21.6263 2.7272 0.1315
Pedestrian -1 -1 2.8236 397.1942 763.5039 428.5295 829.9831 1.6927 0.6428 0.6317 -14.8119 5.4776 40.3890 2.4875 0.1266
Pedestrian -1 -1 -1.5942 569.0460 782.4302 589.1251 840.0432 1.6774 0.5895 0.5590 -11.7006 6.5362 45.7785 -1.8319 0.1158
Cyclist -1 -1 1.6462 802.1871 760.5226 837.4932 837.7064 1.7377 0.7321 2.0517 -3.6117 5.3061 38.3173 1.5600 0.4143
Cyclist -1 -1 -1.7075 1130.1415 758.1740 1178.6085 842.5411 1.7120 0.8467 1.9541 4.4296 4.8676 34.4268 -1.5799 0.3794
Cyclist -1 -1 -1.3151 917.1161 753.4833 973.3946 844.3732 1.7315 0.7537 1.9023 -0.3312 4.6025 32.3755 -1.3210 0.1798
Cyclist -1 -1 -1.3009 873.0621 751.5903 933.9735 841.9206 1.7072 0.7869 2.0671 -1.2342 4.5482 32.4381 -1.3335 0.1254
Cyclist -1 -1 1.4705 1490.7888 759.2979 1566.3035 899.9340 1.9516 0.8814 2.4949 9.2935 4.2797 24.5877 1.8188 0.1123
Car -1 -1 1.6502 875.8086 764.0905 967.6689 849.1791 1.4548 1.7529 3.6198 -0.8320 4.7469 33.5102 1.6305 0.6733
Car -1 -1 -1.5269 820.6866 770.1591 888.5359 837.9607 1.5496 1.8581 4.5207 -3.2445 6.2599 46.2147 -1.5898 0.3569
Car -1 -1 3.5269 235.7778 796.8770 408.1504 866.1927 1.7732 1.8472 4.2549 -18.6563 6.9126 43.7653 3.1415 0.2711
Car -1 -1 -1.4993 596.9152 779.8147 667.1117 847.0767 1.5956 1.8401 4.0558 -10.3923 6.7297 47.4284 -1.7034 0.1556
