Pedestrian -1 -1 -0.9274 424.5454 763.5049 465.1954 833.9363 1.7266 0.6421 0.8101 -13.4847 5.3922 39.0620 -1.2446 0.5149
Pedestrian -1 -1 1.6813 465.0795 764.8165 493.2169 830.2961 1.6496 0.6289 0.7178 -12.8412 5.4160 39.8434 1.3840 0.4052
Pedestrian -1 -1 -1.7368 1142.4493 754.1528 1188.7738 841.0853 1.7235 0.7436 1.6877 4.5025 4.6537 33.0464 -1.6023 0.1287
Cyclist -1 -1 -1.7666 1139.4470 752.9543 1190.3114 841.8007 1.7492 0.7674 1.8597 4.4963 4.6683 33.1375 -1.6326 0.3720
Cyclist -1 -1 1.6169 792.7700 762.3859 829.3535 847.4588 1.7323 0.7385 1.9143 -3.4604 5.0000 34.5699 1.5251 0.3630
Cyclist -1 -1 2.0346 451.0634 761.9123 496.1254 829.9840 1.6634 0.6836 1.1508 -12.9309 5.3557 39.6764 1.7340 0.1641
Cyclist -1 -1 1.7958 899.7068 757.4716 959.4750 852.3912 1.7521 0.7989 2.1906 -0.6578 4.6899 31.9840 1.7800 0.1542
Car -1 -1 1.5043 864.0109 765.9859 954.7888 854.1942 1.4709 1.7816 3.7887 -1.2068 4.7909 33.2180 1.4735 0.5074
Car -1 -1 -1.7160 809.2590 769.8808 883.5328 835.9741 1.5664 1.7947 3.6528 -3.5798 6.2260 46.0868 -1.7861 0.2699
Car -1 -1 -1.2742 384.7491 761.1381 501.8432 841.3333 1.6829 1.8038 4.2023 -14.0145 5.5840 40.7012 -1.5909 0.1864
Car -1 -1 0.4544 168.6358 794.7485 336.6654 859.0803 1.6279 1.7682 4.0900 -20.7039 6.7091 43.7905 0.0310 0.1745
