Pedestrian -1 -1 -0.9585 425.6092 773.1777 460.3964 836.3951 1.6307 0.5963 0.7131 -14.2091 5.7393 41.0090 -1.2769 0.4022
Pedestrian -1 -1 -1.7361 1141.8624 764.7551 1178.1681 847.8950 1.7504 0.6609 0.9487 4.4601 4.9384 33.6030 -1.6048 0.2206
Pedestrian -1 -1 -1.6842 487.6880 771.7037 512.8774 836.4942 1.7008 0.5930 0.8950 -13.0033 5.8928 42.1751 -1.9692 0.1567
Pedestrian -1 -1 2.2405 1565.1754 809.7771 1655.8716 928.1543 1.3996 0.5715 1.0667 8.5896 3.9085 19.7843 2.6305 0.1085
Cyclist -1 -1 -1.7356 1135.2697 762.7107 1180.3405 848.8539 1.7653 0.7739 1.5086 4.4398 4.9571 33.8682 -1.6058 0.3141
Cyclist -1 -1 1.6230 799.1340 764.4713 835.4659 849.3209 1.8124 0.7567 2.1656 -3.5144 5.3346 36.6430 1.5353 0.2963
Cyclist -1 -1 1.8248 473.3948 764.1483 514.1135 830.2448 1.6775 0.7047 1.5637 -13.1485 5.6710 42.0931 1.5360 0.2679
Cyclist -1 -1 1.7918 1541.2448 792.3003 1619.7042 922.6680 1.6648 0.7074 2.0160 9.4488 4.3304 22.7802 2.1690 0.2513
Cyclist -1 -1 1.9886 875.5542 749.4960 957.3068 846.4720 1.8217 0.8646 2.4265 -0.9539 4.6519 32.6833 1.9646 0.1850
Cyclist -1 -1 -0.5987 1547.6215 807.0349 1680.4404 917.5710 1.3268 0.6418 1.5391 8.7135 3.8176 19.9784 -0.2067 0.1732
Car -1 -1 1.6268 875.1427 763.3318 961.2830 848.8574 1.4930 1.7185 3.4519 -0.9169 4.7601 33.5392 1.6046 0.9081
Car -1 -1 -2.0935 1708.2725 790.6138 1936.0000 1037.2892 1.4270 1.7664 4.0778 8.6047 3.1440 13.4477 -1.5619 0.3936
Car -1 -1 2.6676 1545.6832 817.9673 1909.5144 954.4943 1.5204 1.8404 4.0217 10.3360 4.2767 20.3765 3.1155 0.3122
Car -1 -1 -1.5847 947.3110 778.4608 1008.6777 848.0187 1.6665 1.8382 4.0582 0.5047 6.6835 46.8268 -1.5689 0.2402
