Pedestrian -1 -1 -0.9074 435.2983 766.4689 478.1179 833.6669 1.6797 0.6397 0.9476 -13.5843 5.5452 40.2765 -1.2178 0.3076
Pedestrian -1 -1 1.9531 474.6884 774.3650 509.6587 839.0594 1.6582 0.6105 0.9125 -12.8692 5.8085 41.0423 1.6637 0.1790
Pedestrian -1 -1 0.1727 366.8267 761.9421 404.7438 831.4152 1.6683 0.6282 0.7902 -14.5367 5.1660 37.7878 -0.1783 0.1602
Pedestrian -1 -1 -0.6733 1609.4491 808.3703 1703.4980 927.4826 1.3734 0.5604 0.9315 8.7522 3.7325 18.8374 -0.2601 0.1319
Cyclist -1 -1 -1.7660 1138.6201 760.9732 1187.7212 848.3340 1.7206 0.7404 1.8329 4.4828 4.8372 33.3129 -1.6331 0.4175
Cyclist -1 -1 1.7091 790.9291 763.3342 834.9188 848.5117 1.7691 0.7434 2.0938 -3.5144 5.1612 35.5799 1.6186 0.3379
Cyclist -1 -1 -1.1715 466.0637 766.6749 512.5336 833.8842 1.6663 0.7036 1.4156 -12.9127 5.6186 40.9471 -1.4627 0.2708
Cyclist -1 -1 1.5223 1594.6521 787.8154 1658.4441 926.3256 1.6904 0.7176 2.0497 9.7154 4.1936 21.8912 1.9224 0.2266
Cyclist -1 -1 -0.7278 1599.4971 808.6632 1692.3153 932.4986 1.4246 0.5511 0.9386 8.6161 3.7886 18.8281 -0.3202 0.1635
Car -1 -1 1.6081 875.4644 763.6725 959.2625 848.4045 1.4548 1.7080 3.4977 -0.9263 4.6996 33.2057 1.5854 0.7804
Car -1 -1 -1.5847 959.1868 774.8984 1023.1987 843.3802 1.5770 1.8595 4.0905 0.8901 6.3462 45.4930 -1.5605 0.7268
Car -1 -1 -2.1528 1797.4584 798.6870 1936.0000 1057.3037 1.3555 1.6753 3.7179 8.7098 2.9906 12.2064 -1.5763 0.5383
Car -1 -1 2.6516 1566.6920 816.3753 1936.0000 956.5539 1.4964 1.8383 3.9041 10.2679 4.1331 19.6150 3.1111 0.1701
Car -1 -1 -1.2718 390.7389 766.9764 501.3133 842.2699 1.6099 1.7502 4.0172 -14.2691 5.7575 41.6323 -1.5871 0.1668
