Pedestrian -1 -1 2.2742 387.4607 763.6213 431.1494 842.8088 1.7883 0.6671 0.7293 -13.2263 5.1559 35.8434 1.9371 0.5619
Pedestrian -1 -1 1.4036 1156.8867 758.9800 1198.0485 847.3176 1.7577 0.7058 1.0233 4.5983 4.6605 31.8556 1.5455 0.4789
Pedestrian -1 -1 1.6864 431.0256 769.0540 464.8432 843.5106 1.7097 0.6769 0.8793 -12.6143 5.3016 36.7647 1.3716 0.3802
Pedestrian -1 -1 0.2778 325.6434 763.8799 367.6882 841.8184 1.7161 0.6806 0.7342 -14.2280 4.9694 34.6326 -0.0943 0.3717
Pedestrian -1 -1 1.5049 793.0098 761.9421 826.3325 846.0065 1.6514 0.6444 1.1110 -3.2427 4.6327 31.9328 1.4116 0.2685
Cyclist -1 -1 -1.7433 1147.2788 757.1618 1198.5106 846.9784 1.7298 0.8063 1.7341 4.5525 4.6621 32.2742 -1.6045 0.3068
Cyclist -1 -1 1.4758 788.9612 761.3240 829.9630 852.4824 1.7275 0.7271 1.6649 -3.2462 4.7163 31.8767 1.3823 0.2760
Cyclist -1 -1 -1.5588 850.4038 774.8635 875.1347 839.5367 1.6800 0.6921 1.8167 -2.8941 6.1903 44.0534 -1.6173 0.2115
Cyclist -1 -1 -1.3790 432.5580 774.7063 474.4492 847.5948 1.5882 0.6490 1.6890 -12.5740 5.3895 37.0689 -1.6905 0.1373
Cyclist -1 -1 -0.6350 297.0894 759.8492 361.8697 845.0095 1.7841 0.7051 1.1721 -14.4337 4.9303 34.1809 -1.0165 0.1305
Car -1 -1 -3.4970 1630.7966 837.0289 1787.8497 900.2974 1.6428 1.7594 4.0682 23.5252 8.4832 47.1437 -3.0414 0.1645
Car -1 -1 -0.2256 410.9612 765.4919 557.7456 829.9100 1.6926 1.8215 4.3239 -15.7086 6.5030 49.3012 -0.5206 0.1643
