Pedestrian -1 -1 2.4992 420.0760 763.8420 458.1201 835.3120 1.7166 0.5936 0.7015 -13.3211 5.3041 38.1551 2.1787 0.3300
Pedestrian -1 -1 -0.0409 337.4248 760.9210 382.2034 836.6092 1.7079 0.6587 0.9854 -14.4920 5.0302 36.0289 -0.4063 0.2819
Pedestrian -1 -1 -1.4534 461.3050 766.4717 490.3261 831.6758 1.5961 0.6171 0.8350 -12.6877 5.3417 39.0988 -1.7526 0.2714
Pedestrian -1 -1 -2.4660 354.3579 760.4681 400.4584 833.1329 1.6884 0.6764 0.8146 -14.3930 5.0718 36.8728 -2.8216 0.2287
Pedestrian -1 -1 -0.5772 1372.9901 785.0209 1420.9724 876.4930 1.6532 0.6194 0.6537 8.3868 4.7787 28.7967 -0.3016 0.2045
Pedestrian -1 -1 -1.7421 1147.6460 753.4625 1188.9233 840.1584 1.7396 0.6769 1.3169 4.5127 4.6054 32.6644 -1.6059 0.1678
Cyclist -1 -1 1.5537 794.5214 759.6356 831.9459 850.3807 1.7867 0.8135 2.0634 -3.3444 4.9186 33.6911 1.4627 0.3897
Cyclist -1 -1 -1.7307 1145.1792 753.9254 1192.7871 843.9663 1.7588 0.7510 1.8137 4.5345 4.6635 32.7505 -1.5942 0.3339
Cyclist -1 -1 1.7447 453.0696 764.8345 491.5987 833.2224 1.6032 0.6837 1.5286 -12.7860 5.3406 39.1390 1.4436 0.2444
Cyclist -1 -1 -1.3003 554.2205 763.5148 600.5997 837.3500 1.8193 0.7363 1.9280 -10.6338 5.7550 41.4852 -1.5385 0.1567
Cyclist -1 -1 -1.6483 854.9924 770.2162 885.7587 837.1027 1.7414 0.7748 1.9792 -2.7113 6.1611 44.4502 -1.7023 0.1462
Cyclist -1 -1 -0.8869 331.5767 758.6677 389.1278 837.0587 1.7407 0.7286 1.1348 -14.4937 5.0274 36.0897 -1.2518 0.1091
Car -1 -1 -1.6381 812.2698 769.1913 877.8909 834.7786 1.5579 1.7920 3.6484 -3.6067 6.1773 45.9453 -1.7090 0.7039
Car -1 -1 -1.4600 867.3780 764.6420 969.8797 855.9763 1.5226 1.8253 3.9060 -0.8817 4.8106 33.1592 -1.4815 0.1853
Car -1 -1 -1.2320 359.4488 760.4129 484.8540 843.8550 1.7269 1.8118 4.1215 -14.2415 5.5159 39.7432 -1.5606 0.1789
