Pedestrian -1 -1 2.4330 386.2444 762.2067 430.1274 841.7089 1.7764 0.6309 0.7483 -13.1497 5.0858 35.5615 2.0953 0.6657
Pedestrian -1 -1 -1.5666 792.9947 763.2082 824.8823 849.3948 1.7058 0.6611 0.9510 -3.2254 4.6857 31.7163 -1.6599 0.5033
Pedestrian -1 -1 -0.0511 297.8145 762.9675 342.8689 844.8412 1.7291 0.6683 0.9132 -14.4675 4.8912 33.7529 -0.4377 0.4830
Pedestrian -1 -1 -1.5197 1160.0648 762.4808 1195.7621 852.7451 1.7914 0.7057 0.9972 4.6312 4.7806 31.9344 -1.3772 0.4724
Pedestrian -1 -1 2.0227 424.3906 764.9556 461.4616 837.6793 1.6738 0.6000 0.6976 -12.5754 5.1089 36.2919 1.7048 0.4114
Pedestrian -1 -1 -0.3834 314.3037 762.4387 357.5335 842.4340 1.7306 0.6633 0.7325 -14.4432 4.9527 34.5399 -0.7616 0.2135
Pedestrian -1 -1 -0.3132 353.6855 766.8043 392.6048 844.3312 1.7041 0.6601 0.6867 -13.7934 5.0770 35.0719 -0.6707 0.1413
Cyclist -1 -1 -1.7075 1155.9858 764.4023 1201.2798 854.6066 1.7520 0.7686 1.4293 4.6373 4.8021 31.9796 -1.5649 0.3134
Cyclist -1 -1 1.6461 854.8876 772.8850 885.4012 839.7377 1.7608 0.7529 1.9429 -2.7143 6.2816 44.7043 1.5924 0.2162
Cyclist -1 -1 -1.5666 792.9947 763.2082 824.8823 849.3948 1.7058 0.6611 0.9510 -3.2254 4.6857 31.7163 -1.6599 0.2037
Cyclist -1 -1 0.3766 288.3618 762.6855 346.2184 844.4332 1.7556 0.7150 0.9994 -14.5069 4.8946 33.7046 -0.0115 0.1347
Car -1 -1 1.5405 869.7596 770.9272 954.3300 858.7254 1.4575 1.7765 3.8356 -1.1463 4.9047 33.3354 1.5116 0.3162
Car -1 -1 -1.5610 833.9482 774.2018 895.7450 841.2185 1.5881 1.8247 3.8516 -2.9419 6.3937 46.1669 -1.6176 0.2886
Car -1 -1 -0.4034 1550.8269 832.3896 1706.1824 896.1321 1.8012 1.8669 4.3009 22.0010 8.7908 49.4220 0.0096 0.2234
Car -1 -1 2.0581 259.9363 767.4725 416.7531 852.6830 1.4615 1.6871 3.7855 -14.1679 4.9141 34.2378 1.6836 0.1646
Car -1 -1 -3.5300 1636.9667 838.7715 1789.0968 900.9318 1.6235 1.7041 3.8999 23.4857 8.4603 46.8196 -3.0724 0.1601
