Pedestrian -1 -1 2.4678 330.7539 764.4102 381.8902 849.5652 1.7753 0.6299 0.8525 -13.5198 4.9432 33.4304 2.1015 0.5340
Pedestrian -1 -1 -1.6635 1126.6801 792.6035 1148.8051 847.2654 1.6704 0.6506 0.6407 5.6674 7.0956 48.0481 -1.5441 0.4635
Pedestrian -1 -1 -1.6441 1170.6040 759.2598 1207.0474 850.4998 1.7871 0.6826 0.9804 4.7597 4.6475 31.3214 -1.4952 0.4374
Pedestrian -1 -1 2.1253 397.0657 769.8107 450.0278 848.6839 1.6795 0.6787 1.0805 -12.4550 5.0966 34.6608 1.7968 0.2953
Pedestrian -1 -1 -0.7461 269.2535 762.6177 327.6195 851.0174 1.7859 0.7213 0.9121 -14.4157 4.8342 32.5359 -1.1440 0.1839
Cyclist -1 -1 -1.7219 1167.1735 761.4615 1213.2275 851.6486 1.7112 0.7366 1.4860 4.7907 4.6437 31.3696 -1.5722 0.4084
Cyclist -1 -1 1.7768 397.6174 771.7335 445.8154 853.0746 1.6789 0.7185 1.5893 -12.5084 5.1684 34.7063 1.4475 0.3334
Cyclist -1 -1 1.6093 847.2474 774.1860 875.8532 842.9525 1.7678 0.7464 2.1687 -2.9420 6.2967 44.2760 1.5501 0.2386
Cyclist -1 -1 2.5149 1849.6542 776.8955 1936.0000 965.6046 1.5557 0.7088 1.6057 8.9666 2.9606 13.4085 3.0665 0.2194
Car -1 -1 -1.6332 958.6378 783.4120 1035.6071 860.8502 1.5334 1.8379 4.2318 0.9185 6.0594 40.5517 -1.6064 0.6937
Car -1 -1 1.4510 868.5271 758.1740 966.4486 846.7343 1.4809 1.7335 3.7909 -1.0244 4.6030 33.0310 1.4252 0.4740
Car -1 -1 2.4195 1863.6456 780.9484 1936.0000 985.5308 1.4590 1.7825 4.2552 10.6931 2.9671 13.3779 3.0540 0.2822
Car -1 -1 -0.0825 240.1254 776.1355 422.3811 860.1349 1.4827 1.7094 3.6830 -14.1933 5.0512 33.6987 -0.4627 0.2494
