Pedestrian -1 -1 -0.4656 262.8849 761.3196 311.3637 855.6596 1.6934 0.5821 0.6572 -12.8699 4.3380 28.5516 -0.8686 0.7919
Pedestrian -1 -1 1.4088 1174.6758 761.7479 1215.8104 853.9754 1.7128 0.6721 0.8361 4.6009 4.4458 29.4441 1.5612 0.6301
Pedestrian -1 -1 -1.4025 307.9911 765.3271 350.1501 858.2347 1.7293 0.6507 0.6679 -12.4334 4.5295 29.4243 -1.7827 0.4994
Pedestrian -1 -1 -0.7687 207.9178 762.4558 262.1494 855.8216 1.6521 0.6070 0.6902 -13.6746 4.2827 28.1666 -1.1992 0.4272
Pedestrian -1 -1 1.9943 814.5316 799.3879 843.1428 859.6768 1.6575 0.6611 0.5524 -3.8629 6.7923 43.6357 1.9142 0.4208
Pedestrian -1 -1 -0.9372 152.9836 761.4525 211.3209 860.3079 1.7245 0.6068 0.7850 -14.4468 4.2979 27.7421 -1.3947 0.4006
Pedestrian -1 -1 1.6463 723.4760 781.8734 746.0292 834.9582 1.6398 0.6755 0.5356 -7.2981 6.7293 48.1962 1.5057 0.3660
Pedestrian -1 -1 2.0325 743.7591 764.3646 794.2379 866.7766 1.6526 0.6128 0.6953 -3.3050 4.0929 25.7354 1.9139 0.3451
Pedestrian -1 -1 1.5118 1143.2026 795.9814 1165.7435 853.8096 1.5766 0.6095 0.5082 5.5111 6.4902 42.6744 1.6413 0.3237
Pedestrian -1 -1 -0.9954 179.7866 757.0480 233.1611 852.8351 1.7344 0.6289 0.6912 -14.3892 4.2885 28.5198 -1.4409 0.1740
Cyclist -1 -1 1.3944 1171.3690 761.2815 1217.9733 856.3038 1.7256 0.7075 1.1884 4.5936 4.4702 29.4910 1.5463 0.2491
Cyclist -1 -1 1.4773 859.4050 749.8224 910.0479 858.7823 1.8854 0.7801 3.1534 -1.6223 4.6264 31.1968 1.4314 0.1636
Car -1 -1 1.8845 809.8607 763.8146 952.0595 863.2504 1.5998 1.8574 4.2712 -1.6757 4.8616 32.8076 1.8396 0.7970
