Pedestrian -1 -1 2.2987 320.5815 765.6863 367.0489 850.3190 1.7472 0.6046 0.7344 -13.5460 4.8790 32.8171 1.9255 0.6401
Pedestrian -1 -1 1.6199 1173.5123 758.2076 1209.5417 849.0388 1.7636 0.6974 0.9994 4.8144 4.5979 31.2356 1.7708 0.5265
Pedestrian -1 -1 -1.7206 1131.1620 795.2585 1153.5842 850.0690 1.6548 0.6227 0.6087 5.7387 7.0909 47.4064 -1.5983 0.3650
Pedestrian -1 -1 -1.5846 402.6428 771.0998 432.4652 850.1781 1.6825 0.6304 0.7563 -12.3564 5.0510 33.9920 -1.9164 0.3173
Pedestrian -1 -1 -0.3154 262.8934 757.9681 313.7537 847.4702 1.7881 0.6842 0.8284 -14.3924 4.6814 31.9843 -0.7190 0.3063
Pedestrian -1 -1 -1.8062 358.2477 760.2266 399.5964 849.2275 1.8624 0.7167 0.7362 -12.9825 4.9248 33.3352 -2.1600 0.2136
Cyclist -1 -1 1.5982 846.2229 772.4884 875.1172 843.3083 1.8012 0.7722 2.4943 -2.9842 6.3214 44.5415 1.5385 0.3029
Cyclist -1 -1 -1.6650 1171.2267 757.4659 1212.8451 846.5627 1.7197 0.7503 1.1847 4.8215 4.5488 31.3013 -1.5142 0.2283
Cyclist -1 -1 1.7113 906.7037 754.2627 957.7864 847.5953 1.7208 0.7787 2.1838 -0.6004 4.5734 31.8437 1.6971 0.1748
Cyclist -1 -1 -0.9391 246.5358 754.2448 322.9076 846.7747 1.7830 0.7316 1.4868 -14.4056 4.6101 31.8788 -1.3442 0.1419
Car -1 -1 1.7356 865.0967 760.1312 969.4257 848.0893 1.4715 1.6903 3.7495 -0.9126 4.6405 33.0687 1.7130 0.5464
Car -1 -1 0.6779 0.0000 737.6285 53.2174 911.6835 1.4570 1.7461 4.6554 -11.7891 2.6424 14.7519 0.0433 0.1521
