Pedestrian -1 -1 -0.1434 242.0712 764.1711 295.9460 859.9910 1.6611 0.6289 0.8395 -12.8852 4.2988 27.8335 -0.5558 0.7048
Pedestrian -1 -1 1.4973 721.2086 783.3800 743.1559 839.4296 1.6956 0.6551 0.5620 -7.2830 6.7694 47.5329 1.3551 0.4735
Pedestrian -1 -1 -1.4788 810.8630 799.8348 835.5505 859.5770 1.6614 0.6617 0.5833 -4.0235 6.7969 43.6068 -1.5625 0.4684
Pedestrian -1 -1 -1.6517 297.6939 769.7703 335.2339 862.6522 1.6609 0.6182 0.6860 -12.3241 4.4726 28.5778 -2.0387 0.4577
Pedestrian -1 -1 -1.4022 1142.6183 790.0302 1169.7272 854.4368 1.7085 0.6652 0.5874 5.4741 6.3870 41.9904 -1.2717 0.4455
Pedestrian -1 -1 -0.3597 134.7645 760.3632 196.1115 860.0017 1.6884 0.6060 0.8332 -14.4963 4.2027 27.2442 -0.8257 0.3170
Pedestrian -1 -1 -1.2994 508.2115 791.8089 531.1285 844.2521 1.6304 0.5921 0.5069 -14.2799 7.0569 48.3649 -1.5728 0.2493
Cyclist -1 -1 1.4154 1168.5082 759.3969 1220.4310 858.9275 1.7187 0.7234 1.8202 4.5374 4.4268 29.1991 1.5669 0.3876
Cyclist -1 -1 -2.4984 173.6604 760.0840 257.9303 858.3304 1.6828 0.6881 1.2126 -13.6217 4.1956 27.3380 -2.9385 0.1883
Car -1 -1 1.6497 814.3029 789.2138 883.8282 857.8021 1.5612 1.7727 3.9450 -3.3705 6.7817 45.5282 1.5834 0.2889
Car -1 -1 1.4040 811.8160 775.6068 919.9097 867.8214 1.4273 1.7051 4.0518 -2.1310 4.9099 32.3909 1.3450 0.1514
