Pedestrian -1 -1 -0.2322 223.5284 761.6523 272.1007 864.3528 1.7419 0.6021 0.6808 -12.8811 4.2517 26.9988 -0.6554 0.6564
Pedestrian -1 -1 2.4618 728.0444 760.6213 785.3060 871.4690 1.6931 0.6610 0.6598 -3.3451 3.9547 24.4519 2.3355 0.5397
Pedestrian -1 -1 -1.6553 1147.4172 799.7486 1173.6488 864.4924 1.6848 0.6624 0.6500 5.4729 6.5298 41.0969 -1.5222 0.5130
Pedestrian -1 -1 -1.6574 502.2677 790.8840 522.1072 846.6486 1.6957 0.5731 0.4840 -14.3420 7.0328 47.7567 -1.9353 0.3560
Pedestrian -1 -1 -1.6767 283.8026 768.2073 318.9230 862.5651 1.6542 0.5477 0.6144 -12.2850 4.3602 27.8362 -2.0716 0.3364
Pedestrian -1 -1 1.4863 717.1625 786.0724 739.7000 842.0989 1.6618 0.6543 0.6087 -7.2978 6.7522 46.8606 1.3418 0.2130
Pedestrian -1 -1 2.4812 153.5678 760.4600 219.6245 859.1924 1.6303 0.6609 0.8087 -13.7739 4.0876 26.5991 2.0263 0.2129
Pedestrian -1 -1 2.6299 141.0323 761.5155 196.7117 858.7872 1.6570 0.6413 0.6733 -14.4222 4.1858 27.2219 2.1656 0.1980
Cyclist -1 -1 -1.6873 1170.9633 766.3965 1219.3715 865.7177 1.6959 0.7172 1.8322 4.5376 4.5379 29.1082 -1.5354 0.3903
Car -1 -1 1.7360 825.0130 769.1042 939.4685 864.3320 1.5309 1.8217 3.8956 -1.6358 4.8402 32.2739 1.6914 0.8075
Car -1 -1 1.1238 1688.0626 806.4426 1820.5874 880.5374 1.6416 1.8446 4.5420 24.6623 7.5897 46.6981 1.6025 0.5368
Car -1 -1 0.1031 95.2248 773.1767 345.9817 876.5924 1.5275 1.7715 3.9879 -13.6613 4.4347 27.8347 -0.3310 0.2432
Car -1 -1 0.9240 33.5690 792.7516 189.2253 860.2083 1.5370 1.7940 4.3637 -25.2100 6.7083 44.3524 0.4268 0.1727
