Pedestrian -1 -1 2.5132 307.4633 761.4106 355.9437 848.4591 1.7550 0.6438 0.7210 -13.5206 4.7307 32.1217 2.1334 0.6202
Pedestrian -1 -1 1.4345 1172.9568 756.9709 1214.1674 847.8087 1.7661 0.7151 0.9908 4.8135 4.5511 31.0333 1.5863 0.5710
Pedestrian -1 -1 -1.0225 347.0941 762.2407 392.6479 848.1981 1.7714 0.6172 0.7509 -12.8910 4.8054 32.6092 -1.3811 0.5047
Pedestrian -1 -1 -1.6326 393.1794 768.6762 424.3441 849.7947 1.6957 0.6196 0.7291 -12.3182 4.9446 33.3353 -1.9695 0.3035
Pedestrian -1 -1 -1.8166 1134.3457 787.5585 1159.3643 842.6796 1.6420 0.6623 0.5489 5.7937 6.7558 46.7028 -1.6915 0.2384
Pedestrian -1 -1 0.0376 249.9341 756.8935 301.1076 848.0021 1.7972 0.6684 0.9392 -14.3806 4.6094 31.3787 -0.3724 0.2297
Pedestrian -1 -1 1.5410 847.3887 786.0239 869.5184 847.7260 1.7304 0.6382 0.6981 -3.0471 6.5424 44.2842 1.4796 0.2175
Pedestrian -1 -1 -1.7590 318.6210 785.9642 345.9555 845.7395 1.5814 0.6192 0.5951 -17.7634 6.1750 42.2324 -2.1402 0.1297
Cyclist -1 -1 -1.7126 1170.8126 757.7631 1215.9164 850.1476 1.7629 0.7486 1.2807 4.8065 4.5773 31.0328 -1.5611 0.3373
Cyclist -1 -1 1.6308 775.5847 752.6686 822.4238 857.2626 1.7963 0.7729 2.0099 -3.1516 4.3776 29.1926 1.5314 0.1773
Cyclist -1 -1 0.0838 944.7985 790.6723 1010.8851 857.6391 1.8052 0.8465 1.8485 0.4878 6.6695 43.3673 0.0999 0.1351
Cyclist -1 -1 1.6679 910.4986 759.7653 953.2674 845.6838 1.6163 0.7371 1.7394 -0.6139 4.5692 31.8461 1.6533 0.1230
Car -1 -1 1.6500 870.0795 758.5425 961.6935 846.6780 1.4866 1.7074 3.8821 -0.9506 4.6339 33.2317 1.6265 0.5907
Car -1 -1 -0.0869 216.3425 763.9930 409.4749 853.8965 1.5473 1.7621 3.7342 -14.0653 4.7184 32.4532 -0.4771 0.1362
Car -1 -1 -1.1994 262.7311 775.0481 391.4958 853.5630 1.6772 1.8354 4.4352 -18.0084 6.1875 42.6935 -1.5817 0.1261
Car -1 -1 -0.3018 1264.2762 813.0841 1421.4226 879.5831 1.6968 1.8794 4.2315 11.4857 7.5154 45.1836 -0.0551 0.1239
Car -1 -1 -1.6028 985.4400 779.2622 1053.3490 852.7665 1.4850 1.7321 4.0497 1.5390 5.9048 40.7849 -1.5614 0.1127
