Pedestrian -1 -1 -1.0800 181.3810 763.9131 239.8325 868.6902 1.6954 0.6092 0.7400 -12.8450 4.1113 25.6035 -1.5218 0.5838
Pedestrian -1 -1 -1.5735 244.2818 770.1782 279.9998 870.2208 1.6554 0.5569 0.6226 -12.2891 4.2487 26.2969 -1.9886 0.5370
Pedestrian -1 -1 1.8532 966.9139 810.3788 994.3805 871.3230 1.6457 0.6437 0.6181 0.5609 7.0461 43.1504 1.8711 0.4801
Pedestrian -1 -1 -0.9667 112.7139 762.0864 171.5122 867.8705 1.6809 0.6091 0.6296 -13.7022 4.0088 25.0248 -1.4431 0.4442
Pedestrian -1 -1 -1.2375 68.4061 760.3284 123.6749 866.4365 1.7041 0.6254 0.6395 -14.6431 4.0304 25.3208 -1.7368 0.4265
Pedestrian -1 -1 1.6868 702.4738 795.3786 725.5481 854.8094 1.7266 0.6215 0.6138 -7.5357 6.9604 45.5920 1.5335 0.3985
Pedestrian -1 -1 2.3093 711.7322 767.0699 770.2280 883.4540 1.6879 0.6149 0.6584 -3.4189 3.9380 23.2222 2.1735 0.3539
Pedestrian -1 -1 -1.6343 1152.2765 806.7357 1178.4597 870.3938 1.5694 0.6394 0.8096 5.4192 6.4529 39.7354 -1.4984 0.2029
Pedestrian -1 -1 -1.6833 1175.9697 768.4277 1219.1965 871.1613 1.8071 0.6898 1.0967 4.4856 4.5905 28.4382 -1.5299 0.1926
Pedestrian -1 -1 1.8441 474.0927 791.6431 494.6670 844.2947 1.6509 0.5258 0.4709 -15.5147 7.1031 48.6570 1.5496 0.1589
Cyclist -1 -1 -1.7439 1169.0455 770.4606 1222.8617 874.3585 1.7620 0.7219 1.7776 4.4988 4.6496 28.7691 -1.5916 0.4308
Car -1 -1 1.5819 815.8517 774.7708 907.0100 873.9919 1.5702 1.8444 4.2937 -2.1247 5.0430 32.4641 1.5233 0.7117
Car -1 -1 1.4766 766.5300 798.1740 836.8430 868.4058 1.5108 1.7651 4.1624 -4.8777 7.0155 45.2960 1.3781 0.5858
Car -1 -1 1.7447 617.6061 795.6628 695.6403 859.1676 1.5341 1.7911 4.1069 -9.9902 7.4001 49.3049 1.5562 0.3068
Car -1 -1 1.0458 1697.6290 797.8209 1851.8843 876.2377 1.6751 1.8463 4.9990 24.7006 7.2456 45.6421 1.5344 0.2411
