Pedestrian -1 -1 0.1078 82.2249 755.3225 137.9706 876.5872 1.7230 0.6170 0.6531 -12.8181 3.7239 22.5341 -0.3828 0.7403
Pedestrian -1 -1 2.7201 678.2500 762.3958 736.3890 894.3640 1.7072 0.6346 0.5877 -3.5105 3.6460 20.6603 2.5635 0.5587
Pedestrian -1 -1 -1.3870 154.5249 772.4923 203.5657 881.1080 1.5876 0.5548 0.6461 -12.1772 3.9245 23.2926 -1.8435 0.5249
Pedestrian -1 -1 -0.1680 0.0000 759.5073 54.6638 881.8410 1.6775 0.6026 0.6435 -13.7065 3.6887 21.9068 -0.6986 0.4868
Pedestrian -1 -1 -0.9136 0.0000 758.4522 45.2452 867.3816 1.5776 0.5966 0.5829 -14.4400 3.6410 22.7801 -1.4510 0.4581
Pedestrian -1 -1 -1.7562 1172.5148 772.2365 1219.6273 875.6143 1.7620 0.6851 0.9510 4.2888 4.5058 27.3626 -1.6041 0.2658
Pedestrian -1 -1 3.1678 351.7540 771.1868 375.3654 846.2776 1.8309 0.6820 0.5350 -15.3735 5.6345 38.4724 2.8046 0.2169
Pedestrian -1 -1 1.7491 460.9672 790.5074 485.6407 850.4942 1.7221 0.6139 0.5295 -14.6452 6.7266 44.8905 1.4485 0.1978
Cyclist -1 -1 -1.7906 1162.3496 775.3420 1221.1643 881.4370 1.7233 0.6958 1.8297 4.2804 4.6229 27.8859 -1.6413 0.3874
Cyclist -1 -1 -1.5382 959.4791 804.1724 991.2228 876.6314 1.6880 0.7837 1.6245 0.3828 6.5554 39.7733 -1.5238 0.3218
Car -1 -1 1.6053 791.1385 772.6288 891.1725 879.3826 1.6903 1.9474 4.3941 -2.5024 5.0802 32.0840 1.5348 0.8642
Car -1 -1 1.4997 744.9473 797.1450 814.6638 870.2050 1.5472 1.8084 4.3948 -5.5022 6.9936 44.9602 1.3872 0.7288
Car -1 -1 3.1749 571.8578 805.1726 716.5425 870.8763 1.5586 1.8210 4.0283 -9.1456 6.9396 43.4143 2.9793 0.3589
Car -1 -1 0.2356 561.1580 800.9532 707.9990 861.1826 1.5771 1.8131 4.0756 -9.9706 7.0872 45.8296 0.0335 0.1900
