Pedestrian -1 -1 0.3532 4.0355 754.2884 93.7548 887.8517 1.7654 0.6964 0.8784 -12.7920 3.6173 20.9877 -0.1653 0.7583
Pedestrian -1 -1 -1.3291 91.6171 765.8233 155.5957 885.1536 1.6104 0.6178 0.8147 -12.1788 3.7053 21.7605 -1.8123 0.7228
Pedestrian -1 -1 2.8370 664.6556 766.0397 717.2769 897.7209 1.6035 0.5767 0.5278 -3.5081 3.4696 19.3950 2.6705 0.5322
Pedestrian -1 -1 -1.7793 1171.0020 768.9006 1218.7599 874.7239 1.7629 0.6537 0.9814 4.1798 4.3931 26.8056 -1.6281 0.4188
Pedestrian -1 -1 -0.2446 440.6279 791.7493 470.1562 855.0077 1.7300 0.6586 0.6874 -14.8149 6.6675 43.7925 -0.5556 0.3744
Cyclist -1 -1 -1.9711 1150.2814 774.5071 1217.5562 881.1798 1.7079 0.6314 1.6016 4.0333 4.5141 27.1955 -1.8269 0.3438
Cyclist -1 -1 -1.5397 955.8391 824.3421 990.8225 902.1116 1.7412 0.8393 1.4931 0.3163 6.9333 38.1667 -1.5266 0.2136
Cyclist -1 -1 0.3173 0.0000 753.2305 91.5811 890.6017 1.8050 0.7264 0.9137 -12.8089 3.6399 20.9339 -0.2027 0.2020
Cyclist -1 -1 3.3220 402.8179 782.2097 455.1900 843.3528 1.6830 0.8108 1.3266 -15.7310 6.3873 44.2226 2.9955 0.1912
Cyclist -1 -1 -2.5673 84.9308 759.1219 169.4132 882.0966 1.6941 0.6881 0.8331 -12.1585 3.6863 21.8146 -3.0488 0.1055
Car -1 -1 1.6692 784.4247 785.3312 888.6164 882.5429 1.5277 1.8023 3.6975 -2.5679 5.1125 31.5454 1.5955 0.8549
Car -1 -1 1.6303 729.8943 798.4000 798.5403 868.2136 1.4922 1.7454 4.1488 -5.8338 6.9181 44.6432 1.5099 0.5690
Car -1 -1 2.1697 552.9619 785.5429 689.5186 859.9473 1.4919 1.7052 4.0119 -9.3837 6.1924 41.5773 1.9599 0.4110
Car -1 -1 1.1625 1755.1627 798.9388 1903.2434 884.8217 1.7135 1.8371 4.7877 24.4603 6.9314 42.3572 1.6772 0.3741
