Pedestrian -1 -1 -0.0493 161.2449 767.2880 208.9932 876.0699 1.6865 0.5992 0.6861 -12.8379 4.0822 24.7328 -0.5038 0.7285
Pedestrian -1 -1 3.1939 710.8599 773.4901 756.3624 889.3011 1.6455 0.6824 0.6367 -3.4287 3.9236 22.5594 3.0538 0.7067
Pedestrian -1 -1 1.4362 223.9113 776.3665 267.6844 877.6437 1.6027 0.5959 0.7378 -12.2237 4.2378 25.5449 1.0128 0.5616
Pedestrian -1 -1 -0.5455 40.4268 765.6918 105.4942 869.2058 1.5878 0.5811 0.7301 -14.6408 3.9524 24.6541 -1.0556 0.4830
Pedestrian -1 -1 -0.4630 82.7878 762.6776 148.2141 868.5846 1.5974 0.5881 0.7450 -13.7196 3.8766 24.2638 -0.9523 0.3624
Pedestrian -1 -1 1.1410 462.1416 792.7236 488.2443 851.5113 1.7739 0.6233 0.5579 -15.5734 7.1975 47.9129 0.8413 0.3620
Pedestrian -1 -1 -1.5421 1156.6406 809.1573 1180.5663 874.3897 1.6014 0.5999 0.5490 5.3869 6.4268 38.8425 -1.4041 0.2667
Pedestrian -1 -1 -1.3521 695.6027 797.1578 728.1306 859.6585 1.6812 0.6556 1.4430 -7.5060 6.9561 45.0524 -1.5066 0.1288
Cyclist -1 -1 -1.7989 1168.1190 771.4641 1227.0603 875.5096 1.7214 0.7169 1.7320 4.4305 4.5668 28.1413 -1.6458 0.3685
Cyclist -1 -1 -1.4242 695.5723 795.2337 728.6971 857.7751 1.6410 0.7116 1.7964 -7.4947 6.8746 45.0471 -1.5786 0.3075
Car -1 -1 1.6397 804.2507 772.1444 909.2620 877.9133 1.6939 1.9252 4.4010 -2.1810 5.0924 32.3075 1.5792 0.8440
Car -1 -1 1.5023 768.7954 797.5608 833.9668 866.2218 1.4766 1.7150 4.1200 -4.8812 6.9544 45.2693 1.4036 0.6674
Car -1 -1 1.1190 1705.1047 807.5673 1847.8009 888.8073 1.7198 1.8181 4.8299 24.4733 7.5291 45.1111 1.6081 0.4507
Car -1 -1 0.5974 536.6442 799.0828 683.7459 862.5875 1.5468 1.9349 4.1692 -11.0886 7.2461 47.2602 0.3794 0.2875
