Pedestrian -1 -1 -0.0076 52.7072 753.8692 111.5288 882.4136 1.7579 0.6250 0.7268 -12.8100 3.6773 21.8053 -0.5110 0.7046
Pedestrian -1 -1 -1.7483 125.1622 763.3653 174.0901 877.4659 1.6092 0.5605 0.6187 -12.2220 3.7326 22.5168 -2.2196 0.6031
Pedestrian -1 -1 2.7618 667.3790 759.0623 733.0115 896.9028 1.7258 0.6454 0.6805 -3.5034 3.5656 20.0551 2.6009 0.4187
Pedestrian -1 -1 1.3802 1168.9698 769.0330 1224.0344 873.8126 1.6776 0.6816 1.6295 4.2395 4.3641 27.0461 1.5323 0.2882
Pedestrian -1 -1 0.2453 0.0000 764.7711 40.3050 886.8855 1.6246 0.6521 0.6174 -13.5143 3.6465 21.2160 -0.2925 0.2489
Pedestrian -1 -1 -0.9204 0.0000 747.3984 32.6185 857.5170 1.5997 0.6301 0.6050 -14.6713 3.4950 22.8025 -1.4647 0.2003
Pedestrian -1 -1 -0.2161 757.0851 807.5401 781.6426 866.7057 1.7044 0.6047 0.6368 -5.8889 7.3552 45.8783 -0.3341 0.1642
Cyclist -1 -1 -1.8585 1161.4395 772.6768 1227.2943 877.7802 1.6707 0.7198 1.7189 4.2226 4.4479 27.2041 -1.7078 0.4859
Cyclist -1 -1 -1.6075 959.5943 803.1902 993.3986 879.0295 1.7127 0.8231 1.8103 0.3867 6.4695 38.9840 -1.5929 0.3415
Car -1 -1 1.5894 790.9745 770.6635 887.4763 877.4188 1.6729 1.9174 4.5288 -2.5514 5.0234 32.0616 1.5173 0.7794
Car -1 -1 1.5348 738.3760 795.6480 801.0539 865.9570 1.4972 1.7448 4.1750 -5.7678 6.8534 44.7133 1.4159 0.6809
Car -1 -1 -2.6233 340.4695 794.9370 486.6536 855.4497 1.5049 1.7474 3.7826 -16.5147 6.7767 45.1603 -2.9582 0.5415
Car -1 -1 2.8256 577.5898 791.0787 737.5472 860.2167 1.4957 1.7360 4.1312 -8.6309 6.4208 42.5625 2.6371 0.3016
Car -1 -1 1.1883 1745.9292 811.2902 1885.9832 894.8583 1.6608 1.8455 4.6828 24.4826 7.3289 43.0378 1.6967 0.1647
