Pedestrian -1 -1 -1.4252 175.0812 772.6609 221.6800 881.0848 1.6395 0.5717 0.6085 -12.2437 4.0492 24.0123 -1.8722 0.6560
Pedestrian -1 -1 -0.0828 117.2551 760.3447 165.3706 878.3708 1.7320 0.6190 0.6246 -12.8074 3.8861 23.3557 -0.5587 0.6501
Pedestrian -1 -1 -0.7391 0.0000 765.0682 55.0206 865.2966 1.4611 0.5535 0.6793 -14.6570 3.6870 23.3420 -1.2728 0.5611
Pedestrian -1 -1 -0.2474 27.9442 762.7779 91.6972 874.6206 1.5793 0.6014 0.7157 -13.6988 3.7175 22.7268 -0.7626 0.5118
Pedestrian -1 -1 2.6589 468.8712 795.6068 494.6996 855.7540 1.7177 0.6203 0.5233 -14.5594 6.9473 45.4081 2.3634 0.4220
Pedestrian -1 -1 3.0964 695.2680 766.9374 739.6334 890.7656 1.6470 0.6921 0.5975 -3.4607 3.6984 21.2006 2.9459 0.3257
Pedestrian -1 -1 2.1703 1153.3368 805.2371 1188.8121 876.9215 1.6601 0.6481 0.6045 5.2325 6.2110 37.2965 2.3095 0.2709
Pedestrian -1 -1 -1.6238 1175.7137 770.0409 1216.3783 872.0721 1.7403 0.6844 1.0659 4.3374 4.4813 27.6771 -1.4716 0.2491
Pedestrian -1 -1 -1.0145 0.0000 766.5726 5.8873 865.6148 1.4395 0.5525 0.7137 -15.2708 3.6631 23.1141 -1.5705 0.2406
Cyclist -1 -1 -1.7987 1164.5143 771.4707 1224.1449 874.3069 1.6860 0.7367 1.6455 4.3144 4.4925 27.7859 -1.6478 0.3818
Car -1 -1 1.5965 801.9729 776.2592 896.6397 880.8593 1.6559 1.8806 4.2798 -2.3379 5.1298 32.1463 1.5311 0.9003
Car -1 -1 1.6247 755.0975 794.2640 823.4909 863.9548 1.5347 1.7929 4.0619 -5.1375 6.8758 45.0862 1.5202 0.7952
Car -1 -1 1.4858 597.1650 791.9771 664.3464 860.9736 1.4973 1.6946 4.1637 -10.1016 6.8339 45.5280 1.2795 0.2622
