Pedestrian -1 -1 -0.7078 29.2405 767.4796 109.5153 899.8671 1.6754 0.5912 0.7269 -12.1149 3.6554 20.3242 -1.2158 0.5976
Pedestrian -1 -1 -1.7984 1168.1794 775.2741 1214.9623 885.7942 1.8276 0.6386 0.8484 4.0588 4.5270 26.3968 -1.6494 0.3200
Pedestrian -1 -1 3.1400 643.0619 761.4971 697.2686 909.4296 1.6871 0.6497 0.6336 -3.5233 3.3772 18.1262 2.9616 0.3111
Pedestrian -1 -1 0.2194 0.0000 761.6824 36.2958 908.3259 1.7949 0.6569 0.9295 -12.7561 3.6317 19.6216 -0.3255 0.3102
Pedestrian -1 -1 -1.7767 1157.2697 781.2627 1200.5013 882.0598 1.7391 0.6534 0.6807 3.9652 4.6293 27.2812 -1.6353 0.1395
Pedestrian -1 -1 0.3296 218.5062 767.0974 262.7557 846.6248 1.6989 0.6669 0.7110 -16.1988 4.9313 33.6269 -0.0996 0.1271
Pedestrian -1 -1 0.7531 396.7215 785.4343 438.6477 850.5079 1.7379 0.7144 0.8833 -15.6076 6.4023 42.9437 0.4202 0.1198
Cyclist -1 -1 -1.8019 1159.7025 775.7847 1215.7148 883.5244 1.7112 0.6642 1.4611 4.0183 4.4739 26.6252 -1.6554 0.3848
Cyclist -1 -1 -2.1426 1721.0676 834.2367 1813.9968 919.5447 1.7538 0.5711 3.1155 21.5503 7.5822 40.0600 -1.6590 0.1258
Cyclist -1 -1 -0.3280 0.0000 754.6166 14.2951 900.3410 1.7689 0.6074 0.8543 -13.0083 3.5150 19.6069 -0.8823 0.1158
Cyclist -1 -1 -0.7078 29.2405 767.4796 109.5153 899.8671 1.6754 0.5912 0.7269 -12.1149 3.6554 20.3242 -1.2158 0.1050
Car -1 -1 1.8174 540.1164 792.9651 645.1145 867.3621 1.4116 1.7204 3.9630 -9.6440 6.0643 39.4010 1.5905 0.6549
Car -1 -1 -1.4304 720.5229 806.5961 801.2274 876.5958 1.5008 1.7991 3.9313 -5.8879 7.1278 44.3313 -1.5527 0.4038
