Pedestrian -1 -1 1.2679 1234.6171 814.9222 1272.4432 899.4578 1.5829 0.5985 0.5512 5.8000 5.3951 29.6938 1.4567 0.4881
Pedestrian -1 -1 -0.1332 363.7921 784.8818 399.1897 858.5137 1.8068 0.7353 0.7900 -15.2847 6.0785 39.4204 -0.4861 0.4412
Pedestrian -1 -1 -1.8202 1191.2758 780.2034 1245.2074 896.8854 1.7793 0.6244 1.1207 4.2768 4.4306 24.9453 -1.6554 0.3928
Pedestrian -1 -1 1.6004 598.4532 749.4631 666.0701 926.9420 1.6886 0.6383 0.5884 -3.3045 2.9713 15.0555 1.4004 0.2442
Pedestrian -1 -1 2.7353 407.1761 790.4791 443.6461 861.4248 1.7952 0.6437 0.7433 -14.5502 6.3453 40.6066 2.4075 0.1692
Cyclist -1 -1 -1.9109 1177.9036 782.3547 1251.0803 898.5297 1.6847 0.6459 1.7902 4.2414 4.4334 25.1677 -1.7487 0.4556
Cyclist -1 -1 1.4447 977.4127 800.2320 1017.2911 883.5248 1.5860 0.6894 1.4873 0.7749 5.4882 32.5086 1.4719 0.3514
Cyclist -1 -1 0.1611 369.2605 781.9177 412.1377 856.0345 1.8441 0.7816 0.9393 -15.1310 6.0595 39.6760 -0.1865 0.1058
Car -1 -1 1.7387 512.6003 788.7159 625.8234 882.6301 1.5155 1.7387 4.0683 -8.7088 5.4166 33.5207 1.4987 0.8184
Car -1 -1 1.6692 697.5609 803.8774 776.2505 878.5587 1.5233 1.7928 4.5030 -6.5022 7.0317 43.7399 1.5318 0.3122
Car -1 -1 1.4496 772.9611 791.8732 882.9067 895.9081 1.4854 1.7911 4.4669 -2.8666 5.2474 31.3241 1.3664 0.2108
Car -1 -1 0.5465 0.0000 795.2203 69.9190 877.6870 1.6433 1.8461 4.1164 -23.3302 5.7119 34.7564 -0.0210 0.1638
Car -1 -1 -1.6035 870.9992 818.4680 941.1301 900.7006 1.5572 1.8143 4.4319 -1.5742 7.1935 41.2740 -1.6349 0.1414
