Pedestrian -1 -1 1.2887 1292.0492 814.9683 1333.9559 902.3738 1.4615 0.5829 0.5928 6.2710 4.8922 26.6794 1.5126 0.5871
Pedestrian -1 -1 -1.4685 656.9805 812.4848 685.7756 883.3286 1.5726 0.6054 0.5254 -6.7803 5.9976 34.9914 -1.6477 0.4241
Pedestrian -1 -1 2.5284 345.5270 791.5084 389.0160 866.9307 1.7191 0.7082 0.7210 -14.6080 5.8723 36.7809 2.1682 0.3483
Pedestrian -1 -1 2.9206 549.1279 741.7151 652.6310 959.5770 1.6977 0.6324 0.7337 -3.0336 2.7141 12.5695 2.7029 0.2733
Pedestrian -1 -1 2.1618 399.5636 797.6545 436.8307 867.2559 1.7038 0.6679 0.6378 -14.1442 6.2496 38.9566 1.8303 0.2660
Pedestrian -1 -1 1.3808 1220.0093 794.9379 1286.4211 915.2122 1.6359 0.7045 1.7385 4.6023 4.4268 23.6741 1.5661 0.1365
Cyclist -1 -1 -1.6827 1012.1478 810.7464 1067.0803 909.3176 1.6547 0.8899 1.7856 1.5285 5.4324 29.4804 -1.6290 0.5487
Cyclist -1 -1 1.3198 1216.7150 796.6510 1288.4736 916.3503 1.6210 0.6947 1.7394 4.5963 4.4451 23.6988 1.5047 0.4720
Car -1 -1 1.7116 478.3369 786.4842 606.9196 898.4745 1.5286 1.7485 4.1861 -7.9903 4.8842 28.8771 1.4573 0.9703
Car -1 -1 -1.5768 794.2922 807.3894 886.1993 910.1021 1.4761 1.7805 4.0966 -2.5114 5.5301 31.1088 -1.6496 0.7531
Car -1 -1 1.6491 716.4047 821.7654 792.0013 898.9736 1.5111 1.7598 4.3664 -5.8739 7.4416 42.8271 1.5230 0.4868
Car -1 -1 0.2584 241.5385 799.4286 413.9104 870.9009 1.4740 1.6893 3.6094 -15.6445 5.9242 37.0725 -0.1226 0.2392
