Pedestrian -1 -1 1.4547 1208.4791 812.0190 1246.0579 894.8946 1.6226 0.6983 0.6651 5.5487 5.5732 31.2206 1.6276 0.7692
Pedestrian -1 -1 3.1112 380.2003 781.4025 411.9392 855.3337 1.8985 0.6942 0.8016 -15.4453 6.2240 40.8618 2.7663 0.3592
Pedestrian -1 -1 2.9372 613.9138 757.9117 679.7104 923.2145 1.6733 0.6597 0.5849 -3.4164 3.1538 16.2271 2.7449 0.3111
Pedestrian -1 -1 -0.4551 417.9375 790.3766 452.1541 857.5572 1.7435 0.6331 0.6943 -14.6347 6.3976 41.5905 -0.7776 0.2902
Pedestrian -1 -1 -1.7699 1178.9911 775.1698 1235.9836 889.7589 1.7442 0.6719 1.4854 4.1846 4.3827 25.5011 -1.6117 0.1569
Cyclist -1 -1 1.5135 968.3669 802.4774 1009.1934 888.8920 1.7013 0.8359 1.8120 0.6159 5.8652 34.1451 1.5355 0.4753
Cyclist -1 -1 -1.8512 1167.4808 776.1229 1238.0466 891.6513 1.7237 0.7225 1.7873 4.1276 4.4152 25.6839 -1.6960 0.4508
Cyclist -1 -1 0.5749 0.0000 744.7778 60.0634 899.2977 1.7486 0.8216 2.3347 -12.2601 3.2255 18.0018 0.0103 0.2169
Cyclist -1 -1 2.1701 409.4322 791.8497 458.1123 859.5554 1.6974 0.7317 1.1673 -14.6005 6.3946 41.4138 1.8471 0.1457
Car -1 -1 1.5260 529.4218 789.0865 607.8717 875.7766 1.4826 1.6887 3.9253 -9.4250 5.6389 35.7349 1.2821 0.8840
Car -1 -1 1.4777 776.4831 784.8709 881.0175 885.3172 1.5037 1.8405 4.0447 -2.8461 5.0923 31.3949 1.3952 0.3946
Car -1 -1 0.5144 0.0000 795.8312 121.9846 875.9578 1.6915 1.8145 4.0682 -23.1013 5.9871 36.6217 -0.0257 0.1876
Car -1 -1 0.5185 14.3839 796.7500 249.7675 881.5030 1.5981 1.8265 4.2350 -18.3423 5.5269 33.1993 0.0361 0.1401
