Pedestrian -1 -1 2.9938 572.3620 744.6720 653.1676 953.9872 1.7218 0.6437 0.6153 -3.0767 2.8102 13.1797 2.7826 0.5703
Pedestrian -1 -1 1.3687 1280.0364 816.0870 1319.7657 899.9706 1.4382 0.5913 0.6409 6.2103 4.9885 27.4453 1.5850 0.4820
Pedestrian -1 -1 -1.5093 659.6847 816.9812 686.9616 885.3159 1.5284 0.5960 0.5952 -6.8583 6.1478 35.6344 -1.6872 0.2046
Pedestrian -1 -1 2.4277 356.8435 789.9235 398.4704 862.1936 1.6842 0.6505 0.7231 -14.6272 5.8732 37.4866 2.0731 0.1582
Pedestrian -1 -1 -2.5606 133.5265 765.6828 183.7902 856.5614 1.6489 0.6601 0.5740 -15.3489 4.3760 28.6081 -3.0305 0.1076
Cyclist -1 -1 -1.8762 1205.0411 786.8862 1284.3036 909.7605 1.6887 0.7239 1.8261 4.5274 4.3926 24.0110 -1.6961 0.4562
Cyclist -1 -1 -1.6131 1005.5937 810.8494 1049.4879 906.4538 1.6518 0.8134 1.7536 1.3224 5.5080 30.1336 -1.5669 0.3357
Car -1 -1 1.6310 787.6395 813.2498 886.2358 913.6874 1.4561 1.7662 3.8846 -2.5098 5.6018 30.9614 1.5580 0.6998
Car -1 -1 1.7501 480.2104 786.0773 615.5580 897.7394 1.5991 1.8051 4.3979 -8.2443 5.0968 30.1941 1.4988 0.6489
Car -1 -1 -1.5231 719.4780 809.9863 792.2067 886.5767 1.5295 1.8201 4.4098 -5.8654 7.1447 43.0997 -1.6484 0.2331
Car -1 -1 0.5418 0.0000 793.9944 69.5026 876.7858 1.6241 1.7772 3.9000 -22.8162 5.5850 34.0934 -0.0241 0.1595
