Pedestrian -1 -1 3.2469 625.6562 758.1871 690.0828 914.3978 1.6752 0.6541 0.6436 -3.4393 3.2209 16.9897 3.0615 0.5961
Pedestrian -1 -1 -0.2096 382.8730 786.1048 418.1868 855.5756 1.7971 0.6888 0.8007 -15.5712 6.3277 41.5248 -0.5520 0.5510
Pedestrian -1 -1 1.4547 1200.4102 816.0049 1232.7299 891.1204 1.4976 0.6040 0.6972 5.4636 5.6369 32.0274 1.6212 0.5292
Pedestrian -1 -1 0.3136 187.3448 760.5686 234.5247 851.3672 1.8495 0.7079 0.7107 -16.0728 4.7929 32.0466 -0.1307 0.1556
Pedestrian -1 -1 2.4414 427.2176 792.1163 458.0409 856.4369 1.7073 0.5643 0.6001 -14.6334 6.4709 42.1976 2.1232 0.1522
Pedestrian -1 -1 -1.8020 1163.8872 774.9594 1229.0427 891.6913 1.7625 0.7257 1.7236 4.0317 4.4356 25.7507 -1.6506 0.1092
Cyclist -1 -1 -1.8363 1164.4952 779.1221 1231.3734 891.4263 1.6874 0.7041 1.7355 4.0723 4.4462 25.8493 -1.6840 0.5779
Cyclist -1 -1 -1.6093 962.4752 800.3153 1000.3298 878.3129 1.6316 0.8392 1.3084 0.4620 5.8064 34.9277 -1.5920 0.2540
Cyclist -1 -1 -0.6943 377.8138 786.4023 423.4440 855.6188 1.7682 0.7254 0.9397 -15.5706 6.3183 41.5421 -1.0365 0.1274
Car -1 -1 1.5844 770.0242 780.1295 860.3961 875.9928 1.4829 1.7788 3.8112 -3.0274 4.9534 31.4677 1.4964 0.8831
Car -1 -1 1.5633 534.0275 790.9483 609.7100 874.8493 1.4637 1.7180 4.1407 -9.6367 5.8278 37.0852 1.3229 0.5460
Car -1 -1 -1.4163 694.3420 805.4229 779.5756 878.3058 1.5364 1.8173 4.1613 -6.5415 7.1013 44.0035 -1.5536 0.2589
