Pedestrian -1 -1 2.4560 395.0424 794.8923 434.1863 864.5403 1.5956 0.6716 0.6242 -13.4724 5.8358 36.8591 2.1225 0.6467
Pedestrian -1 -1 3.4252 326.2416 770.8662 366.6871 849.4796 1.6780 0.6755 0.6711 -13.8273 4.9978 33.6459 3.0534 0.3665
Pedestrian -1 -1 3.0089 483.3332 721.5969 604.0712 1004.6405 1.6872 0.6600 0.6827 -2.6999 2.3387 9.6434 2.7612 0.2705
Pedestrian -1 -1 1.3678 1065.6763 817.5100 1128.6588 929.0685 1.6077 0.7375 1.7186 2.3038 5.0126 25.5400 1.4569 0.2530
Pedestrian -1 -1 2.1680 661.1027 804.0901 704.0074 887.4623 1.6625 0.6397 0.6667 -5.9855 5.5645 32.1285 1.9959 0.2401
Pedestrian -1 -1 1.4197 1388.5129 805.8577 1437.2223 915.4202 1.5620 0.6104 0.7070 6.9388 4.3922 22.9989 1.7009 0.2117
Cyclist -1 -1 1.3678 1065.6763 817.5100 1128.6588 929.0685 1.6077 0.7375 1.7186 2.3038 5.0126 25.5400 1.4569 0.5333
Cyclist -1 -1 -1.8223 1265.5160 793.5709 1337.4352 919.1125 1.6316 0.6489 1.6690 5.1114 4.2711 22.5557 -1.6082 0.4564
Car -1 -1 1.7646 408.8374 785.5735 577.3675 915.6152 1.3895 1.6783 3.6941 -6.9735 4.0254 22.6195 1.4839 0.7831
Car -1 -1 1.6500 729.6052 825.3508 806.7054 901.6612 1.4387 1.7490 4.1727 -5.2967 7.2773 41.4398 1.5328 0.5298
Car -1 -1 -1.6862 801.7780 811.4098 908.1446 914.6466 1.4621 1.7735 4.0587 -2.2780 5.6130 31.1255 -1.7517 0.2706
Car -1 -1 -2.7358 288.3602 809.3541 453.6681 879.9406 1.8027 1.8742 4.1905 -17.5755 7.4374 44.6460 -3.0936 0.2382
