Pedestrian -1 -1 2.0430 1130.1344 802.3409 1206.1115 931.1795 1.6708 0.7653 0.8956 2.9907 4.3026 21.5940 2.1756 0.5343
Pedestrian -1 -1 2.2746 490.9173 807.3701 525.3262 871.8145 1.6447 0.6380 0.6415 -12.4186 6.6979 40.9896 1.9955 0.3374
Pedestrian -1 -1 -1.2776 481.3813 810.2872 511.9030 879.9746 1.7148 0.6065 0.5762 -12.0005 6.5402 38.6344 -1.5630 0.1640
Pedestrian -1 -1 -0.2050 293.0020 676.1692 499.7516 1115.3721 1.7212 0.6736 0.7347 -2.4427 1.9585 6.4468 -0.5233 0.1313
Pedestrian -1 -1 2.5934 303.7074 765.4858 343.9751 848.6383 1.5856 0.5941 0.5194 -12.8748 4.4616 30.2064 2.2096 0.1160
Pedestrian -1 -1 2.4754 866.7352 839.3167 903.4429 927.5998 1.7518 0.5709 0.5497 -1.6302 6.3954 31.9913 2.4315 0.1093
Cyclist -1 -1 -1.8476 1307.2870 809.1588 1398.0093 951.5986 1.6679 0.7191 1.8897 5.4525 4.3662 20.9425 -1.6046 0.4795
Cyclist -1 -1 1.6247 514.6644 815.5814 544.1830 880.9482 1.7628 0.7692 1.5185 -13.2629 7.7277 45.9568 1.3583 0.2083
Cyclist -1 -1 1.7788 655.4112 798.0416 716.7330 901.4012 1.6982 0.7429 2.0436 -5.3299 5.1844 29.0752 1.6097 0.2060
Car -1 -1 1.8401 226.1731 763.0105 521.2932 963.4638 1.4931 1.8019 4.2659 -6.2060 3.2050 16.3462 1.5022 0.9639
Car -1 -1 1.5650 839.0024 827.4574 931.7897 930.9739 1.4515 1.8075 4.0827 -1.5797 5.9609 31.2080 1.5212 0.2438
Car -1 -1 -2.7920 364.5438 818.7043 531.2823 886.5582 1.4870 1.7198 3.7449 -13.3435 6.6614 38.9995 -3.1050 0.2436
