Pedestrian -1 -1 1.4532 1115.0022 805.7567 1175.2035 929.9925 1.6948 0.7728 1.1105 2.7637 4.4921 22.5740 1.5714 0.4093
Pedestrian -1 -1 -0.6058 320.2729 709.6572 541.2495 1104.7675 1.7005 0.6576 0.7627 -2.5310 2.1345 7.1549 -0.9069 0.2920
Pedestrian -1 -1 1.7771 1483.1901 822.0651 1542.5164 956.8792 1.6294 0.6306 0.6171 7.2867 4.2897 19.7505 2.1128 0.2529
Pedestrian -1 -1 -1.5882 499.3771 802.3558 521.9506 869.3844 1.7711 0.6023 0.6355 -12.6493 6.7990 41.9795 -1.8660 0.1980
Pedestrian -1 -1 2.3290 662.4341 803.4147 714.5640 889.5630 1.5620 0.5934 0.8557 -5.4311 5.1808 29.7938 2.1607 0.1809
Pedestrian -1 -1 2.6932 839.3704 833.7132 876.6551 920.1285 1.7258 0.6192 0.5960 -2.2311 6.2926 32.2903 2.6320 0.1173
Pedestrian -1 -1 2.1242 318.5780 782.2159 358.6481 861.3290 1.5615 0.5742 0.5274 -12.9306 4.8619 31.0626 1.7489 0.1167
Cyclist -1 -1 -1.9057 1289.6842 817.2559 1382.5719 954.0516 1.6283 0.7106 1.8269 5.3378 4.5029 21.4029 -1.6722 0.4615
Cyclist -1 -1 -1.6175 1116.0150 801.3954 1174.4725 931.1294 1.7151 0.8011 1.3824 2.7468 4.4486 22.4423 -1.4995 0.3223
Cyclist -1 -1 1.4589 512.7466 820.0717 544.8339 882.5746 1.7160 0.8332 1.4358 -13.5998 7.9582 47.0073 1.1919 0.1418
Cyclist -1 -1 2.0356 663.5818 806.5826 714.0023 891.2673 1.5146 0.5893 1.0095 -5.4152 5.1990 29.7573 1.8676 0.1311
Car -1 -1 1.7788 288.6872 777.3929 528.9830 954.5140 1.4244 1.7678 4.0859 -6.4136 3.4593 17.8253 1.4565 0.9531
Car -1 -1 1.6561 815.6673 822.0645 918.1089 920.8894 1.4105 1.7809 3.9992 -1.9179 5.8252 31.4578 1.6023 0.4167
Car -1 -1 0.2821 386.4269 803.2366 548.6721 867.8435 1.5527 1.7495 3.9785 -13.7851 6.6591 41.9049 -0.0202 0.1361
