Pedestrian -1 -1 1.9601 393.8795 800.2659 429.1352 866.4567 1.5215 0.6329 0.5579 -13.3192 5.8059 36.2392 1.6250 0.5651
Pedestrian -1 -1 -0.4691 442.2397 718.6660 586.9425 1028.4408 1.6873 0.6668 0.5939 -2.6494 2.2709 8.8621 -0.7312 0.2839
Pedestrian -1 -1 1.5288 1082.8307 812.7911 1136.9669 937.2244 1.7974 0.8207 1.3675 2.4158 4.9563 24.4365 1.6257 0.1929
Pedestrian -1 -1 1.4774 1136.7697 718.9643 1210.9669 920.0219 1.9492 0.6769 0.7123 2.1533 2.9292 15.2116 1.6080 0.1797
Pedestrian -1 -1 0.1525 289.8177 765.6576 321.8488 844.2391 1.6153 0.6004 0.5406 -14.1849 4.6960 32.3733 -0.2416 0.1475
Pedestrian -1 -1 1.3207 1285.1163 800.3177 1353.4949 927.5303 1.6297 0.6216 1.4506 5.2298 4.2861 21.9129 1.5452 0.1443
Pedestrian -1 -1 2.0959 660.0623 801.7198 713.5096 889.1296 1.6570 0.6397 1.0888 -5.7721 5.4535 31.4868 1.9265 0.1091
Cyclist -1 -1 1.2531 1070.4817 817.3364 1149.0399 936.8090 1.6413 0.7572 1.8043 2.4227 4.9322 24.6106 1.3496 0.5967
Cyclist -1 -1 -2.0042 1265.2058 805.8229 1361.7367 931.9775 1.5641 0.7073 1.7520 5.1895 4.3556 22.1423 -1.7835 0.4948
Cyclist -1 -1 1.6997 664.1945 800.4691 708.1158 893.8665 1.6912 0.6608 1.7986 -5.7670 5.4872 31.4207 1.5302 0.2240
Car -1 -1 -1.5828 395.8738 778.5583 539.6604 927.3292 1.4717 1.7812 3.9465 -7.0259 3.8902 21.3872 -1.8805 0.8301
Car -1 -1 1.6675 813.3323 818.6245 919.2175 921.4562 1.4445 1.7655 4.1432 -1.9008 5.7404 31.0547 1.6135 0.6031
Car -1 -1 -1.4918 726.3849 830.4258 805.9722 909.1767 1.4570 1.7821 4.1153 -5.2505 7.3343 40.6733 -1.6101 0.2511
