Pedestrian -1 -1 1.0851 1331.1715 797.0767 1381.3672 897.3716 1.5719 0.5922 0.6160 6.6188 4.5012 25.0734 1.3344 0.4367
Pedestrian -1 -1 -1.2426 529.0414 738.5512 636.2006 973.5280 1.6770 0.6274 0.5688 -2.8502 2.5591 11.2921 -1.4688 0.3416
Pedestrian -1 -1 1.7650 672.5750 804.5978 701.7828 876.9813 1.5665 0.5593 0.5099 -6.2157 5.6747 33.9264 1.5955 0.1595
Pedestrian -1 -1 1.3394 1241.5516 784.6797 1315.0470 911.8770 1.6975 0.7128 1.7545 4.8708 4.2580 23.0766 1.5397 0.1203
Cyclist -1 -1 1.4640 1036.5425 805.5019 1091.1110 910.3810 1.6694 0.8286 1.7661 1.8903 5.1347 27.7953 1.5327 0.5191
Cyclist -1 -1 1.3394 1241.5516 784.6797 1315.0470 911.8770 1.6975 0.7128 1.7545 4.8708 4.2580 23.0766 1.5397 0.4733
Car -1 -1 1.7919 446.6841 777.4450 604.6972 896.5338 1.5057 1.7434 4.0866 -7.5537 4.4016 26.3107 1.5286 0.9518
Car -1 -1 -1.6002 791.8827 797.9105 887.8768 905.9923 1.5775 1.8557 4.2490 -2.5713 5.4322 31.1092 -1.6749 0.5290
Car -1 -1 1.6740 712.0674 821.7003 794.6017 900.6303 1.5681 1.8459 4.1389 -5.8134 7.3999 42.2245 1.5475 0.3499
Car -1 -1 0.5053 155.7672 799.7007 354.4689 878.2742 1.7191 1.8348 4.3103 -18.2224 6.3701 38.6938 0.0847 0.1435
