Pedestrian -1 -1 1.6703 1468.5101 822.4619 1521.9381 948.3126 1.5769 0.6398 0.5770 7.2766 4.3206 20.3734 1.9969 0.4341
Pedestrian -1 -1 3.3612 386.5312 789.7853 420.6740 867.4189 1.7318 0.6669 0.6155 -13.1558 5.6635 35.2904 3.0218 0.3237
Pedestrian -1 -1 1.0939 1096.0441 806.8698 1182.8262 928.7695 1.6184 0.7655 1.3982 2.7252 4.5133 23.0008 1.2086 0.3001
Pedestrian -1 -1 -0.7351 361.2447 706.4268 569.2191 1075.9189 1.6950 0.6575 0.7528 -2.5009 2.1347 7.5708 -1.0194 0.2556
Pedestrian -1 -1 1.8859 375.5675 796.2458 409.0681 865.2162 1.6845 0.6509 0.5712 -14.5641 6.1056 38.2896 1.5396 0.1402
Pedestrian -1 -1 2.7052 868.8015 829.7978 905.4556 918.0153 1.7499 0.6062 0.5823 -1.5852 6.1814 31.9403 2.6625 0.1358
Pedestrian -1 -1 2.8762 361.2041 792.5461 391.6454 867.6671 1.7470 0.6181 0.5682 -14.4919 5.9476 37.0538 2.5211 0.1294
Pedestrian -1 -1 1.4189 1296.6947 814.2203 1370.1979 956.3340 1.6988 0.7255 1.8702 5.3019 4.5296 21.3988 1.6510 0.1260
Cyclist -1 -1 -1.7685 1294.1787 811.9108 1374.1086 953.5675 1.7022 0.7394 1.8562 5.3090 4.4952 21.3936 -1.5361 0.3765
Cyclist -1 -1 1.0939 1096.0441 806.8698 1182.8262 928.7695 1.6184 0.7655 1.3982 2.7252 4.5133 23.0008 1.2086 0.3098
Cyclist -1 -1 -1.3418 649.8401 800.8127 711.5587 902.4412 1.7560 0.7874 1.9279 -5.6528 5.4282 30.2329 -1.5143 0.1709
Car -1 -1 1.8293 312.0389 775.2941 550.3592 941.5831 1.4495 1.7516 4.0625 -6.5206 3.5551 18.8626 1.5181 0.8519
Car -1 -1 1.6892 816.5856 815.2925 924.0645 917.2273 1.4457 1.7282 4.1004 -1.8242 5.6820 31.1703 1.6377 0.8113
Car -1 -1 1.0957 1797.7039 787.6929 1936.0000 874.3528 1.6786 1.8698 4.5498 24.4922 6.2923 40.0519 1.6348 0.1839
