Pedestrian -1 -1 1.4142 1773.2727 830.4521 1862.6343 1013.4490 1.5346 0.6087 0.6198 7.9001 3.4868 13.8113 1.8983 0.6300
Pedestrian -1 -1 2.3638 220.0927 789.5983 281.7538 888.3384 1.5775 0.7506 0.6088 -12.2111 4.4558 25.7140 1.9436 0.2984
Pedestrian -1 -1 -1.0283 1849.5055 813.5887 1936.0000 1014.3177 1.5601 0.6632 0.6928 8.2228 3.2506 12.9403 -0.5018 0.2326
Pedestrian -1 -1 0.9701 1808.8068 848.9508 1936.0000 1010.5225 1.3458 0.7170 0.8094 8.5930 3.5231 14.0975 1.4817 0.1957
Pedestrian -1 -1 0.2270 648.8942 813.5196 727.5789 911.6747 1.5282 0.7615 1.1614 -4.6086 4.7706 25.2917 0.0594 0.1219
Cyclist -1 -1 1.6766 514.8877 824.5560 551.2625 890.6186 1.6399 0.8208 1.6260 -12.3686 7.5279 43.2338 1.4129 0.4421
Cyclist -1 -1 1.7723 488.7469 825.8159 529.6475 896.6025 1.6317 0.7294 1.5154 -11.9906 7.0707 39.7005 1.4948 0.4041
Cyclist -1 -1 -1.8812 1348.8441 838.0751 1455.5370 998.3934 1.6807 0.7312 1.9583 5.6596 4.5753 19.3124 -1.6112 0.2102
Cyclist -1 -1 3.2210 642.5710 811.8467 726.4854 916.1224 1.6250 0.7408 1.3315 -4.6647 4.8379 25.2721 3.0513 0.1367
Cyclist -1 -1 1.9373 418.8979 809.1198 471.5959 892.1403 1.6253 0.7106 1.1239 -11.1804 5.6916 32.4292 1.6230 0.1271
Car -1 -1 2.0519 0.0000 734.1091 272.5744 1216.0000 1.4937 1.8569 4.4011 -5.3271 2.2147 7.6152 1.5045 0.9600
