Pedestrian -1 -1 -1.0446 0.0000 494.2570 200.6566 1216.0000 1.7412 0.6799 0.5720 -2.2377 1.4677 3.4345 -1.5166 0.5344
Pedestrian -1 -1 1.4944 371.4803 800.6417 407.1640 887.5875 1.7436 0.6810 0.6746 -12.3348 5.5858 32.2463 1.1479 0.2807
Pedestrian -1 -1 3.2238 659.4677 813.4445 703.1463 910.4335 1.5793 0.6110 0.6912 -4.8608 4.8985 25.9906 3.0517 0.2518
Pedestrian -1 -1 1.7549 441.8313 807.8549 485.4663 888.5456 1.6517 0.7253 1.1579 -11.3156 5.8910 34.0330 1.4509 0.2392
Pedestrian -1 -1 2.0053 467.5704 816.1785 506.0235 888.5576 1.6369 0.6113 0.7939 -11.5971 6.3699 36.5663 1.7145 0.1611
Pedestrian -1 -1 1.2621 1359.5103 832.6249 1458.7346 986.4029 1.6928 0.7718 1.5765 5.7922 4.5026 19.4272 1.5367 0.1060
Cyclist -1 -1 -1.8869 1345.6992 841.3513 1447.3939 994.6079 1.6663 0.7652 1.7036 5.6721 4.6269 19.5849 -1.6196 0.5658
Cyclist -1 -1 1.3388 1204.5598 812.2560 1303.7915 984.5547 1.7023 0.7424 1.7687 3.4261 4.0252 17.6391 1.5196 0.3360
Cyclist -1 -1 1.7549 441.8313 807.8549 485.4663 888.5456 1.6517 0.7253 1.1579 -11.3156 5.8910 34.0330 1.4509 0.2541
Car -1 -1 1.9773 0.0000 751.2759 368.2634 1104.0652 1.4929 1.7629 4.1090 -5.5369 2.5100 9.9345 1.5145 0.9739
