Pedestrian -1 -1 -1.1954 0.0000 562.3887 268.0335 1216.0000 1.7815 0.6571 0.7491 -2.3482 1.6302 4.0158 -1.6361 0.8918
Pedestrian -1 -1 1.9948 654.5668 807.6158 708.2892 905.3480 1.5971 0.6590 0.8173 -4.9911 4.9180 26.7023 1.8226 0.3484
Pedestrian -1 -1 -1.7832 1342.2284 830.7625 1432.8304 984.3781 1.6996 0.7789 1.7658 5.6343 4.5580 19.8630 -1.5208 0.1968
Cyclist -1 -1 1.6882 499.3808 816.7889 536.9023 885.6821 1.6715 0.7949 1.7437 -12.5367 7.2238 42.3477 1.4155 0.5106
Cyclist -1 -1 -1.7832 1342.2284 830.7625 1432.8304 984.3781 1.6996 0.7789 1.7658 5.6343 4.5580 19.8630 -1.5208 0.4882
Cyclist -1 -1 -1.8258 1177.2953 810.8848 1282.1180 981.4902 1.7298 0.7652 2.0512 3.2897 4.1644 18.5198 -1.6593 0.2987
Cyclist -1 -1 1.8293 471.1082 815.2984 514.8813 887.2811 1.6244 0.7628 1.1468 -11.7096 6.4634 37.4224 1.5421 0.2092
Cyclist -1 -1 1.7558 451.3235 801.1035 494.6904 879.8068 1.6503 0.7273 1.2613 -11.4231 5.8549 35.0166 1.4570 0.1594
Cyclist -1 -1 1.6966 656.4020 807.6008 705.5469 907.5856 1.6011 0.7090 1.1667 -5.0015 4.9409 26.7372 1.5243 0.1428
Car -1 -1 1.9166 0.0000 749.1553 398.5814 1042.6680 1.4746 1.7377 3.8541 -5.6662 2.5704 11.1939 1.4870 0.9832
