Pedestrian -1 -1 -1.1463 57.2629 614.9831 357.2550 1208.3649 1.7546 0.6643 0.5417 -2.3453 1.7253 4.7032 -1.5391 0.8547
Pedestrian -1 -1 2.6964 657.4293 808.0597 710.8542 905.2530 1.6277 0.6551 0.7561 -5.0714 5.0385 27.3619 2.5257 0.4093
Pedestrian -1 -1 1.2309 1600.6331 818.9435 1679.3358 970.6906 1.5772 0.6080 0.6621 7.6086 3.8005 16.7849 1.6315 0.3609
Pedestrian -1 -1 1.9248 481.3479 814.5349 514.2198 878.2642 1.5410 0.6149 0.6547 -11.9534 6.4773 38.5790 1.6400 0.2144
Pedestrian -1 -1 1.7792 460.1171 800.3898 494.1644 874.6279 1.6916 0.6518 0.6600 -11.6902 5.9726 36.1234 1.4824 0.1668
Pedestrian -1 -1 0.3049 0.0000 751.2470 40.7420 879.2542 1.7475 0.6249 0.5713 -13.6772 3.5965 21.5151 -0.2325 0.1203
Cyclist -1 -1 1.6733 504.6021 817.9881 539.2784 883.4654 1.6487 0.7888 1.5468 -12.7313 7.3554 43.3695 1.4027 0.4781
Cyclist -1 -1 -1.9372 1320.8212 821.4062 1429.6030 972.7078 1.6779 0.7349 1.9905 5.5815 4.4793 20.2892 -1.6818 0.4654
Cyclist -1 -1 1.4001 1169.5331 797.7340 1259.4097 964.2222 1.7850 0.7779 2.1040 3.2336 4.1359 19.2844 1.5581 0.3312
Cyclist -1 -1 1.9118 654.8342 810.6794 714.2963 909.9843 1.6225 0.7193 1.1438 -5.0591 5.1035 27.3958 1.7417 0.1515
Car -1 -1 1.8988 52.4627 759.3480 450.8362 1014.2631 1.4503 1.7077 3.9660 -5.7494 2.7738 12.6872 1.5066 0.9901
Car -1 -1 1.0339 1702.8824 843.6033 1917.1187 955.7786 1.5799 1.9659 4.4038 18.0217 6.5911 32.0273 1.5324 0.2514
Car -1 -1 1.5365 844.8657 841.3473 936.7811 940.5602 1.3849 1.8217 3.8671 -1.5422 6.2459 31.5874 1.4946 0.2177
Car -1 -1 -2.6740 163.3637 800.1997 393.8607 891.3506 1.7896 1.8423 4.4968 -15.6810 5.9558 34.4835 -3.0804 0.1168
