Pedestrian -1 -1 1.4473 1414.3357 843.7841 1481.2924 993.1904 1.6331 0.6575 0.9274 5.9630 4.3960 18.3636 1.7436 0.6451
Pedestrian -1 -1 2.2005 177.1857 766.8551 252.1374 879.3649 1.6615 0.7455 0.7720 -11.8094 3.9511 23.6697 1.7620 0.5142
Pedestrian -1 -1 3.0077 658.4953 804.7543 703.1626 916.3168 1.6056 0.6178 0.6097 -4.3452 4.4369 23.1548 2.8353 0.4896
Pedestrian -1 -1 0.1613 142.1234 603.5650 374.6163 1126.7494 1.6760 0.6789 0.5925 -2.4064 1.6076 5.1851 -0.2134 0.2217
Pedestrian -1 -1 1.7068 473.6086 821.8287 513.3888 891.7324 1.5131 0.7540 1.2558 -11.5217 6.4567 36.8636 1.4200 0.1717
Pedestrian -1 -1 1.9617 507.9527 817.0635 545.3672 883.7600 1.6701 0.7072 0.8174 -11.7607 6.9299 40.4832 1.6941 0.1645
Pedestrian -1 -1 -1.0621 125.1150 756.8625 201.8124 853.9213 1.4462 0.7493 0.8623 -12.7638 3.5987 23.9453 -1.5277 0.1497
Pedestrian -1 -1 1.7651 432.2202 794.6252 479.0453 878.8324 1.6507 0.7393 1.1253 -10.9249 5.3892 32.3392 1.4565 0.1328
Cyclist -1 -1 1.3808 1408.2501 844.3783 1488.8162 995.1520 1.6086 0.7166 1.1534 5.9614 4.3910 18.3468 1.6773 0.2738
Cyclist -1 -1 1.7068 473.6086 821.8287 513.3888 891.7324 1.5131 0.7540 1.2558 -11.5217 6.4567 36.8636 1.4200 0.2717
Cyclist -1 -1 1.8826 388.6441 794.6860 451.5820 890.6352 1.6791 0.7150 1.5338 -10.7232 5.1364 29.6780 1.5544 0.2188
Cyclist -1 -1 1.7332 503.6596 818.9074 541.5803 886.7498 1.6233 0.7671 1.2805 -11.8231 6.9443 40.3371 1.4633 0.2132
Cyclist -1 -1 1.7760 432.2047 794.6718 478.0636 877.3309 1.6177 0.7058 1.1377 -10.9373 5.3579 32.3435 1.4670 0.1181
Cyclist -1 -1 1.8310 1264.6649 785.3095 1397.6644 1011.2640 1.7902 0.8045 1.8909 3.5722 3.4367 14.3259 2.0569 0.1158
