Pedestrian -1 -1 -0.6166 178.0113 762.1732 243.8907 871.1444 1.5904 0.6299 0.6878 -11.7494 3.7823 23.4242 -1.0574 0.6166
Pedestrian -1 -1 1.7509 347.9029 789.3912 390.6966 878.9327 1.6803 0.6730 0.6886 -11.8396 5.0156 29.9242 1.3936 0.5683
Pedestrian -1 -1 2.7471 648.7105 803.7653 710.4629 917.0153 1.5867 0.6156 0.7531 -4.3095 4.3777 22.8731 2.5739 0.5431
Pedestrian -1 -1 0.5893 468.4756 806.9269 521.3803 881.5014 1.6721 0.7467 0.9819 -11.3747 6.1747 36.4883 0.3030 0.1983
Pedestrian -1 -1 -0.2913 140.1592 599.9842 369.7154 1143.1604 1.6427 0.6533 0.5529 -2.3446 1.5673 4.9504 -0.6709 0.1800
Pedestrian -1 -1 3.1629 131.5316 763.4455 187.8260 856.5298 1.3644 0.7002 0.7591 -12.7624 3.6162 23.8267 2.6955 0.1454
Cyclist -1 -1 1.8907 466.5300 809.5587 519.5622 886.4933 1.6402 0.7677 1.5386 -11.3882 6.2334 36.4157 1.6036 0.4988
Cyclist -1 -1 1.1980 1392.7188 830.8340 1511.4917 993.8459 1.6454 0.7465 1.8310 6.0084 4.3107 18.4133 1.4958 0.4161
Cyclist -1 -1 1.7355 504.7927 818.1399 546.5129 889.0807 1.6436 0.8052 1.5331 -11.5917 6.8947 39.8325 1.4675 0.3772
Cyclist -1 -1 1.8342 422.3303 786.3683 477.4247 875.1014 1.6761 0.7210 1.5002 -10.8619 5.1929 31.8048 1.5222 0.3123
Cyclist -1 -1 1.7888 385.5416 792.6671 441.2750 889.3531 1.6802 0.7293 1.3158 -10.6461 5.0223 29.0954 1.4569 0.1762
Cyclist -1 -1 2.9112 652.3045 802.5408 715.0797 913.5109 1.5566 0.6222 0.8287 -4.2459 4.3255 22.8609 2.7405 0.1404
