Pedestrian -1 -1 1.1951 1864.0010 823.3435 1936.0000 1034.3583 1.5424 0.6123 0.8521 7.9319 3.2341 12.2801 1.7264 0.3552
Pedestrian -1 -1 -1.6075 1400.6741 840.8871 1461.4850 990.9194 1.6408 0.6701 1.1580 5.9097 4.4568 18.8533 -1.3202 0.3153
Pedestrian -1 -1 1.7461 411.6399 794.9780 456.0313 881.6734 1.6203 0.6669 1.0848 -10.8650 5.1933 30.8307 1.4252 0.2917
Pedestrian -1 -1 2.6920 656.6049 813.5332 719.8659 914.3498 1.4657 0.6005 0.8233 -4.3879 4.5581 24.0325 2.5241 0.2547
Pedestrian -1 -1 0.5162 471.5770 812.8721 530.1178 888.5958 1.7636 0.8371 1.1594 -11.7120 6.6154 38.0581 0.2335 0.1679
Pedestrian -1 -1 1.9015 360.2686 792.9167 398.0656 876.7122 1.6412 0.5731 0.5365 -11.9326 5.1173 30.6646 1.5494 0.1519
Pedestrian -1 -1 0.1994 246.5599 629.1456 458.5650 1081.4058 1.6938 0.6631 0.6407 -2.4076 1.7119 5.9797 -0.1358 0.1060
Pedestrian -1 -1 -2.1940 509.4990 824.5854 554.9171 893.7778 1.7282 0.8038 0.9674 -11.9152 7.3560 41.5297 -2.4582 0.1031
Cyclist -1 -1 1.7769 477.5692 818.3136 523.5820 893.2449 1.6623 0.8070 1.4891 -11.6761 6.6693 37.9404 1.4944 0.5295
Cyclist -1 -1 -1.7896 1385.5891 842.0695 1476.0648 991.9417 1.5786 0.7480 1.5389 5.8924 4.4302 18.8430 -1.5030 0.4553
Cyclist -1 -1 1.6742 513.3134 826.9918 549.5862 896.7849 1.6839 0.7976 1.4648 -11.8967 7.3884 41.4250 1.4098 0.2622
Cyclist -1 -1 1.7408 410.5815 794.5804 456.0957 881.7429 1.6255 0.6889 1.1131 -10.8764 5.1926 30.8354 1.4196 0.2036
Cyclist -1 -1 2.0541 434.6994 808.6761 493.3545 893.0922 1.6677 0.7076 1.2861 -11.0511 5.8418 33.2698 1.7506 0.2003
Cyclist -1 -1 1.3411 1872.8518 822.6050 1936.0000 1048.9281 1.6032 0.6185 1.0423 7.9435 3.2959 12.2136 1.8749 0.1808
Cyclist -1 -1 1.6533 1261.1941 782.1003 1357.1759 997.8182 1.8034 0.8130 2.0112 3.5534 3.5104 15.1576 1.8673 0.1396
Car -1 -1 0.5576 0.0000 798.3796 248.2846 908.8128 1.7511 1.8537 4.3677 -16.0249 5.1383 28.1316 0.0650 0.1131
