Pedestrian -1 -1 2.5931 610.1325 782.9571 683.1699 936.3600 1.6814 0.6073 0.6251 -3.7290 3.6006 17.7231 2.4010 0.6829
Pedestrian -1 -1 1.8346 391.7608 791.1689 446.8906 883.9910 1.6158 0.7305 1.0236 -10.3115 4.8419 28.4811 1.5060 0.4077
Pedestrian -1 -1 -0.5799 293.7921 772.8163 347.1170 875.4301 1.6731 0.6700 0.5886 -11.1675 4.2939 26.0635 -0.9635 0.4003
Pedestrian -1 -1 1.8864 313.3470 772.1229 379.6924 882.1993 1.6286 0.6676 1.0970 -9.9368 4.0670 24.2031 1.5182 0.3361
Pedestrian -1 -1 0.0227 293.2869 770.0122 329.4448 866.7772 1.6560 0.6472 0.5758 -11.8215 4.3360 27.2131 -0.3663 0.2746
Pedestrian -1 -1 1.8347 344.4139 773.2303 389.2078 865.1677 1.6480 0.6374 0.6232 -11.2228 4.4835 28.2457 1.4758 0.1170
Pedestrian -1 -1 1.5887 1206.0782 803.4958 1230.3486 862.5760 1.8081 0.7748 0.9373 8.5118 7.7861 49.5226 1.7596 0.1113
Cyclist -1 -1 1.6852 504.2606 827.6048 549.1348 909.2252 1.6404 0.8086 1.6473 -10.2390 6.5413 35.2800 1.4188 0.3375
Cyclist -1 -1 1.8803 445.3371 807.4110 504.7138 895.3755 1.6422 0.7564 1.5114 -10.3361 5.6203 31.8349 1.5836 0.2840
Cyclist -1 -1 2.5379 1417.2806 772.5305 1793.3114 1137.7211 1.7698 0.9171 1.7547 3.6073 2.6686 8.4429 2.8921 0.2155
Cyclist -1 -1 1.8864 313.3470 772.1229 379.6924 882.1993 1.6286 0.6676 1.0970 -9.9368 4.0670 24.2031 1.5182 0.1641
Cyclist -1 -1 1.8136 393.3344 791.4770 446.1596 884.4511 1.6196 0.7096 1.0082 -10.3081 4.8528 28.4927 1.4852 0.1541
Cyclist -1 -1 1.9258 230.2354 761.3611 313.4278 886.9746 1.6117 0.6021 1.4187 -9.8846 3.6382 21.4844 1.5188 0.1449
Cyclist -1 -1 0.6901 0.0000 724.9293 102.2844 884.9844 1.7802 0.7293 1.2887 -10.9972 2.9941 17.6812 0.1653 0.1118
Car -1 -1 1.0087 1837.9038 803.4863 1936.0000 892.8491 1.5557 1.8898 4.4641 24.0526 6.2634 37.1893 1.5713 0.1241
