Pedestrian -1 -1 1.7481 646.0685 803.3007 699.4443 917.8549 1.5368 0.6361 0.6674 -4.1296 4.1339 21.4360 1.5713 0.5674
Pedestrian -1 -1 -1.1303 403.8733 790.4058 461.1947 881.7903 1.6669 0.6751 1.0756 -10.5734 5.0432 29.9322 -1.4518 0.5439
Pedestrian -1 -1 -1.2496 334.9278 777.9031 380.2543 874.1973 1.7680 0.6414 0.6120 -11.6173 4.7464 28.7910 -1.6134 0.5138
Pedestrian -1 -1 2.5514 145.5974 760.6141 213.0393 882.2595 1.6618 0.6958 0.5917 -11.4076 3.6811 21.8202 2.0957 0.4857
Pedestrian -1 -1 -1.0102 452.4648 802.6406 503.2540 883.9215 1.7084 0.7346 0.9024 -11.0783 5.8471 34.2893 -1.3061 0.3639
Pedestrian -1 -1 1.7581 499.5275 819.7164 534.8192 891.5294 1.7020 0.7368 0.6556 -11.2045 6.6658 37.7444 1.4853 0.3442
Pedestrian -1 -1 -1.5140 372.4815 781.4800 412.0565 875.1246 1.5869 0.6192 0.7607 -10.3840 4.4935 27.3072 -1.8580 0.2314
Cyclist -1 -1 -1.9142 1419.3955 832.4156 1543.7091 1007.3818 1.6753 0.7343 1.9649 6.1065 4.2649 17.6681 -1.6009 0.4579
Cyclist -1 -1 1.6817 519.8487 829.9186 558.1035 898.5392 1.6249 0.8225 1.6172 -11.6840 7.4208 41.4154 1.4218 0.4422
Cyclist -1 -1 1.7954 453.9185 805.6775 502.6122 885.0552 1.6302 0.7919 1.2230 -11.0540 5.8485 34.2571 1.4999 0.3601
Cyclist -1 -1 -1.0301 401.0757 792.2463 460.3292 882.9279 1.6385 0.6311 1.0922 -10.5784 5.0453 29.8424 -1.3526 0.2186
Cyclist -1 -1 1.7780 362.1226 780.4474 413.7093 878.9468 1.6225 0.6439 1.0835 -10.3609 4.4966 27.0501 1.4318 0.1916
Cyclist -1 -1 2.6535 1242.2128 785.3649 1494.0775 1033.7109 1.7564 0.8188 1.7746 3.2459 3.1085 11.9859 2.8934 0.1529
