Pedestrian -1 -1 2.7367 628.5104 802.7448 704.6850 925.2111 1.4489 0.6103 0.8054 -3.8540 3.8311 19.5547 2.5560 0.5488
Pedestrian -1 -1 2.0901 68.2615 745.6208 143.6438 878.9712 1.6711 0.6264 0.6234 -11.2261 3.2826 19.6414 1.5994 0.2848
Pedestrian -1 -1 2.0206 422.3180 793.0361 479.4554 882.3349 1.7111 0.7598 1.0044 -10.6659 5.2895 31.2767 1.7095 0.2335
Pedestrian -1 -1 1.9143 352.8887 777.9164 422.8257 882.1966 1.6733 0.7206 1.3880 -10.2332 4.4796 26.7307 1.5684 0.2166
Pedestrian -1 -1 -1.7597 1783.6906 659.8719 1936.0000 1216.0000 1.7534 0.6779 0.5829 3.2187 1.8799 5.0343 -1.2882 0.1424
Pedestrian -1 -1 1.2937 1454.3529 857.7839 1565.7180 1030.9760 1.6401 0.7556 1.6396 6.3003 4.4576 17.2543 1.6226 0.1141
Cyclist -1 -1 1.8142 470.6921 805.9955 524.6491 888.5389 1.6534 0.7900 1.6546 -10.6786 5.9328 34.4956 1.5302 0.5035
Cyclist -1 -1 1.2937 1454.3529 857.7839 1565.7180 1030.9760 1.6401 0.7556 1.6396 6.3003 4.4576 17.2543 1.6226 0.4470
Cyclist -1 -1 1.6074 520.7612 829.8182 556.1809 905.2082 1.6325 0.7813 1.5369 -10.6663 6.9215 37.7621 1.3476 0.3094
Cyclist -1 -1 1.9013 353.5936 778.0022 421.2232 881.1722 1.6609 0.7184 1.3193 -10.2365 4.4641 26.7152 1.5551 0.1970
Cyclist -1 -1 1.5347 1353.3883 776.6270 1503.5504 1082.0693 1.6802 0.8423 1.6762 3.0922 2.7919 10.0445 1.8004 0.1456
Cyclist -1 -1 1.3561 634.6542 799.7039 698.3780 928.6012 1.5058 0.6463 0.9089 -3.8477 3.8476 19.4896 1.1752 0.1077
Cyclist -1 -1 2.0206 422.3180 793.0361 479.4554 882.3349 1.7111 0.7598 1.0044 -10.6659 5.2895 31.2767 1.7095 0.1015
Car -1 -1 0.3328 324.5701 819.5343 479.2886 880.9103 1.4534 1.7166 3.6863 -15.5937 7.0088 41.8122 -0.0072 0.2623
Car -1 -1 -2.7322 269.2616 820.2650 445.6076 890.7530 1.4460 1.7648 3.6399 -14.8872 6.4038 36.9863 -3.0962 0.1319
