Pedestrian -1 -1 2.9516 621.3204 789.9570 684.8617 938.6786 1.6873 0.6016 0.6653 -3.7667 3.7473 18.2619 2.7632 0.6741
Pedestrian -1 -1 1.8816 407.0092 793.7841 459.0329 889.2383 1.7667 0.7606 0.7578 -10.3843 5.1321 29.4165 1.5607 0.3773
Pedestrian -1 -1 2.1930 305.3989 775.8978 359.2498 877.6055 1.7051 0.6424 0.6128 -11.1662 4.4247 26.5596 1.8159 0.2259
Pedestrian -1 -1 1.8719 1.1748 734.7176 76.2630 873.3262 1.6110 0.6155 0.6187 -11.3020 2.9846 18.3357 1.3500 0.1512
Pedestrian -1 -1 1.8960 329.6147 781.6039 396.8098 892.2649 1.6824 0.7036 1.1105 -9.9483 4.3518 24.9078 1.5372 0.1182
Pedestrian -1 -1 -0.3848 1403.9613 783.9709 1708.9236 1083.7773 1.6455 0.7979 1.5334 3.5902 2.6616 9.1128 -0.0528 0.1061
Cyclist -1 -1 1.9040 453.2159 804.7900 513.3107 889.9765 1.6272 0.7763 1.5097 -10.4017 5.6400 32.5885 1.6118 0.3943
Cyclist -1 -1 1.5545 512.2234 824.7562 548.4323 902.9308 1.5966 0.8198 1.6276 -10.3781 6.5298 36.0174 1.2897 0.3201
Cyclist -1 -1 2.7527 1395.9958 772.1993 1714.2279 1089.5782 1.7401 0.8081 1.6018 3.5624 2.6775 9.0668 3.0835 0.2049
Cyclist -1 -1 1.9791 243.7000 761.2075 340.6167 891.2988 1.7052 0.6524 1.7325 -9.9479 3.8168 22.2961 1.5829 0.1303
Cyclist -1 -1 1.9475 332.0442 775.6494 400.4992 887.9625 1.7168 0.6710 1.1472 -9.9326 4.2952 24.9970 1.5901 0.1267
Cyclist -1 -1 1.7211 409.9141 792.0624 458.9542 886.2493 1.6881 0.7495 1.0029 -10.3269 5.0300 29.3395 1.4010 0.1174
