Pedestrian -1 -1 1.8683 641.3618 804.2400 697.2759 925.7581 1.5956 0.6127 0.6082 -4.0896 4.1514 20.9734 1.6895 0.5248
Pedestrian -1 -1 -1.0368 327.0889 778.1913 376.1635 874.9133 1.7478 0.6452 0.6023 -11.6086 4.7037 28.4857 -1.4038 0.4141
Pedestrian -1 -1 2.0467 387.8492 789.3019 451.6573 882.9979 1.6450 0.6970 1.1655 -10.5212 4.9117 29.0866 1.7182 0.3326
Pedestrian -1 -1 -1.6224 360.4532 786.9378 397.8975 880.9204 1.5477 0.5987 0.7257 -10.3696 4.4825 26.6337 -1.9737 0.3241
Pedestrian -1 -1 2.2112 309.1567 790.5966 355.1107 872.8264 1.5536 0.6137 0.6004 -12.6653 4.9311 30.1131 1.8329 0.2718
Pedestrian -1 -1 0.7428 438.7333 799.2562 503.1776 882.6678 1.7007 0.8024 1.1372 -11.0241 5.6925 33.6315 0.4428 0.1939
Pedestrian -1 -1 1.1962 421.5896 821.2455 455.7234 892.8926 1.7190 0.6347 0.6986 -13.6078 6.8932 38.9365 0.8772 0.1807
Pedestrian -1 -1 -0.5797 288.3780 783.0015 334.4556 867.6183 1.5570 0.6228 0.5940 -12.8235 4.7217 29.5123 -0.9695 0.1405
Cyclist -1 -1 1.7856 443.4976 807.0578 494.5931 888.6755 1.6020 0.7706 1.4720 -11.0268 5.7810 33.5409 1.4849 0.5864
Cyclist -1 -1 1.6789 494.3063 819.5794 536.1182 894.9514 1.6174 0.8139 1.4920 -11.0375 6.5442 37.0422 1.4052 0.5635
Cyclist -1 -1 -1.8240 1428.9740 851.6920 1538.9629 1029.2150 1.6804 0.7237 1.9697 6.1600 4.5218 17.7300 -1.5093 0.3600
Cyclist -1 -1 1.6386 524.1665 827.4350 559.8480 899.9606 1.6416 0.7744 1.9289 -11.3617 7.2743 40.5691 1.3807 0.3588
Cyclist -1 -1 1.9694 385.9549 793.6995 452.7053 888.9379 1.6493 0.7288 1.3701 -10.5379 5.0162 29.1195 1.6409 0.2655
Cyclist -1 -1 -1.4793 356.7781 785.6677 399.8584 882.8252 1.5617 0.5977 1.0807 -10.3681 4.4879 26.6196 -1.8307 0.1589
Cyclist -1 -1 1.7937 1320.0620 787.5390 1463.7881 1047.1965 1.7143 0.8081 1.5123 3.4227 3.0914 11.8046 2.0495 0.1442
