Pedestrian -1 -1 2.6284 150.5646 756.5213 219.1416 876.3948 1.6836 0.6423 0.6959 -11.6800 3.7053 22.5015 2.1749 0.7290
Pedestrian -1 -1 2.6104 648.1395 797.5491 708.2491 914.8295 1.5961 0.6226 0.6506 -4.1875 4.2015 22.1193 2.4364 0.5929
Pedestrian -1 -1 1.7608 333.0113 782.8052 376.5504 875.8184 1.7101 0.6610 0.6810 -11.8454 4.8372 29.2222 1.3954 0.3512
Pedestrian -1 -1 -1.3069 419.0959 791.4772 462.0888 879.7563 1.7082 0.6530 0.7530 -10.7235 5.1846 30.8158 -1.6241 0.3458
Pedestrian -1 -1 0.7137 95.2096 761.6707 187.8094 864.9645 1.4652 0.8564 0.9184 -12.6673 3.6283 23.1260 0.2379 0.2612
Pedestrian -1 -1 0.8222 500.8978 816.6291 547.1640 886.9488 1.6515 0.7991 0.8310 -11.3205 6.6881 38.7253 0.5531 0.2271
Pedestrian -1 -1 0.7395 462.8771 803.4141 518.3854 879.0884 1.6330 0.7709 1.0007 -11.1705 5.9384 35.5019 0.4507 0.1782
Pedestrian -1 -1 1.7726 375.7866 785.4907 424.9518 882.2685 1.6429 0.6170 1.2051 -10.5467 4.7342 28.1474 1.4333 0.1203
Cyclist -1 -1 1.9094 460.0939 804.9716 513.9862 882.2159 1.6078 0.7540 1.4605 -11.2006 5.9558 35.3608 1.6188 0.4346
Cyclist -1 -1 1.3516 1409.6029 847.0573 1507.7521 1014.1470 1.6474 0.7264 1.7803 5.9900 4.4725 18.0997 1.6529 0.4188
Cyclist -1 -1 1.7169 519.8336 821.8159 558.2713 890.5008 1.6757 0.7884 1.6942 -11.9750 7.3828 42.4547 1.4568 0.3407
Cyclist -1 -1 1.6569 503.6696 821.4068 542.5390 893.1733 1.6301 0.8343 1.3267 -11.3248 6.8090 38.6840 1.3876 0.3054
Cyclist -1 -1 1.8083 373.2167 784.1422 428.1484 879.6514 1.6054 0.6482 1.3479 -10.5528 4.6817 28.1860 1.4691 0.1983
Cyclist -1 -1 1.9499 413.3061 793.9841 464.5927 881.6550 1.6543 0.6622 0.9929 -10.7229 5.1865 30.7242 1.6320 0.1733
Car -1 -1 1.6229 765.6186 842.1741 853.6259 934.0748 1.3875 1.7383 3.8420 -3.3664 6.5767 33.7635 1.5328 0.6645
