Pedestrian -1 -1 1.6333 309.1231 773.1216 358.5715 892.7268 1.6977 0.6292 0.8822 -9.6510 4.0309 23.0236 1.2588 0.6922
Pedestrian -1 -1 2.0216 557.8749 781.6234 653.6051 963.8776 1.5958 0.6223 0.7370 -3.3826 3.1361 14.2665 1.8071 0.5923
Pedestrian -1 -1 -1.3454 260.5575 771.4922 319.7175 884.6970 1.6736 0.6919 0.7405 -10.5970 4.0317 23.6317 -1.7439 0.5354
Pedestrian -1 -1 1.7864 382.1578 803.9783 433.9776 901.1384 1.5401 0.6411 0.9663 -9.6571 4.7311 26.1301 1.4524 0.4182
Pedestrian -1 -1 -1.1132 329.7505 783.2031 377.5749 880.6161 1.6089 0.5821 0.5492 -10.5501 4.3904 25.9758 -1.4783 0.1755
Cyclist -1 -1 2.1268 0.0000 724.6947 148.4250 908.9617 1.6816 0.6893 1.9287 -9.4329 2.7940 15.6890 1.6191 0.3579
Cyclist -1 -1 -1.8239 1532.5023 872.3632 1671.8123 1088.2040 1.7770 0.7989 2.1671 6.8104 4.6129 16.0139 -1.4483 0.2473
Cyclist -1 -1 1.8146 451.5713 824.0798 515.4528 920.3185 1.6087 0.8105 1.5381 -9.2618 5.5819 29.0437 1.5241 0.1847
Cyclist -1 -1 1.7864 382.1578 803.9783 433.9776 901.1384 1.5401 0.6411 0.9663 -9.6571 4.7311 26.1301 1.4524 0.1419
Car -1 -1 -1.6257 767.2196 834.9109 882.1087 966.6149 1.4952 1.7939 4.1231 -2.4536 5.4584 26.0541 -1.7108 0.6162
