Pedestrian -1 -1 2.2871 593.4714 790.1227 675.0305 942.2399 1.5535 0.5975 0.6626 -3.6382 3.4418 16.6550 2.0881 0.5191
Pedestrian -1 -1 2.7115 252.3575 760.5688 308.5736 861.5285 1.6338 0.6589 0.6821 -11.8120 4.0308 25.9477 2.3059 0.3914
Pedestrian -1 -1 -1.3259 0.0000 735.1050 57.1328 902.7083 1.7781 0.6256 0.5258 -10.5004 3.0305 16.6530 -1.8548 0.2513
Pedestrian -1 -1 -0.4657 268.0619 775.9749 319.8149 884.0876 1.6931 0.6672 0.5596 -11.1781 4.2671 25.0494 -0.8630 0.2178
Cyclist -1 -1 1.8297 427.5556 811.2422 488.6570 904.0959 1.6076 0.7522 1.5971 -10.0704 5.4449 29.9799 1.5237 0.6345
Cyclist -1 -1 1.6454 496.0770 822.6672 538.9344 906.7339 1.5933 0.7696 1.6793 -9.9194 6.1387 33.4713 1.3737 0.4559
Cyclist -1 -1 1.7380 367.0772 783.5999 429.2618 891.5474 1.6984 0.7731 1.5008 -10.0385 4.6179 26.7043 1.3981 0.4353
Cyclist -1 -1 1.2614 1497.7456 860.7710 1630.4435 1055.7483 1.6888 0.7351 1.9916 6.5714 4.4373 16.4135 1.6179 0.2509
Cyclist -1 -1 2.0515 152.7531 746.1080 283.5417 897.8115 1.7438 0.7240 1.8609 -9.7246 3.4133 19.6500 1.6186 0.1666
Cyclist -1 -1 2.0478 258.0813 764.2723 354.0591 889.6442 1.6716 0.6710 1.5267 -9.8278 3.8408 22.4850 1.6588 0.1566
Car -1 -1 1.6486 938.4602 811.0107 1016.1483 891.8476 1.6471 1.8615 4.0390 0.5027 7.1641 42.2316 1.6655 0.1848
