Pedestrian -1 -1 1.8634 397.3447 805.7737 445.9828 899.3259 1.5730 0.6331 0.7234 -9.7209 4.8786 26.9572 1.5368 0.5930
Pedestrian -1 -1 2.0068 256.2922 790.3809 321.9917 897.4987 1.5899 0.6929 0.7479 -10.6791 4.2640 23.7784 1.6081 0.5780
Pedestrian -1 -1 2.2383 568.9224 785.4612 664.6149 960.4310 1.5738 0.6138 0.7000 -3.3868 3.2033 14.7266 2.0298 0.5765
Pedestrian -1 -1 1.9715 312.9555 778.4388 379.1139 894.4962 1.7187 0.6823 0.8499 -9.7560 4.2006 23.7364 1.6036 0.5631
Pedestrian -1 -1 1.2817 1749.5276 742.1487 1936.0000 1216.0000 1.7915 0.8134 0.6672 3.4858 2.2595 5.5666 1.7514 0.2607
Cyclist -1 -1 2.0742 18.5766 731.1995 176.7577 908.7297 1.7134 0.6681 1.8205 -9.4482 2.9474 16.4440 1.5848 0.2506
Cyclist -1 -1 -1.9021 1504.8939 878.3976 1654.2832 1091.0966 1.7666 0.7730 2.1775 6.6202 4.6899 16.1446 -1.5387 0.2455
Cyclist -1 -1 1.7206 471.5527 827.3074 524.4285 925.6478 1.6620 0.7323 1.7155 -9.2380 5.8267 29.8716 1.4384 0.2136
Cyclist -1 -1 1.9727 180.8764 770.3864 274.1656 906.5718 1.5788 0.5876 1.3322 -9.5220 3.5366 19.4498 1.5444 0.1584
Cyclist -1 -1 1.9404 308.7379 788.1628 383.2550 906.7510 1.7023 0.6963 1.1690 -9.7215 4.3497 23.6640 1.5729 0.1116
Car -1 -1 3.7184 0.0000 770.2284 118.1752 929.9950 1.7173 1.9053 4.8875 -13.6187 3.6460 18.8590 3.1272 0.2972
Car -1 -1 0.3525 283.2649 821.4816 459.0422 891.0683 1.4967 1.7347 3.7807 -14.9358 6.6043 37.9803 -0.0038 0.2221
Car -1 -1 1.8650 351.4862 792.0453 451.0335 858.2785 1.5771 1.8353 4.1499 -18.0556 7.2237 48.4042 1.5236 0.1624
