Pedestrian -1 -1 2.4202 586.5366 796.4727 672.2256 954.6671 1.5243 0.5940 0.6555 -3.5055 3.3883 15.8062 2.2186 0.6600
Pedestrian -1 -1 -1.1240 278.1480 780.1766 331.8566 877.2805 1.5202 0.6024 0.6133 -10.8636 4.1254 24.7672 -1.5154 0.4890
Pedestrian -1 -1 2.0018 341.6129 776.8627 411.3490 881.4883 1.6268 0.7028 1.0858 -9.9493 4.2732 25.4737 1.6498 0.4164
Pedestrian -1 -1 2.0315 408.5873 807.4414 467.6242 895.9920 1.5309 0.6994 0.9603 -9.9775 5.0793 28.5446 1.7139 0.3893
Pedestrian -1 -1 0.1025 1606.9951 804.1875 1865.6731 1216.0000 1.7399 0.7805 0.9960 3.5291 2.6278 6.8220 0.5113 0.2079
Pedestrian -1 -1 -2.1635 221.8140 773.5793 290.5613 874.4412 1.5496 0.7240 0.7987 -11.7964 4.0892 25.0245 -2.5812 0.1398
Cyclist -1 -1 1.9162 227.1525 761.2375 324.4893 895.4460 1.6705 0.7129 1.6144 -9.6537 3.6714 21.1203 1.5120 0.4359
Cyclist -1 -1 2.0693 102.2185 742.9178 244.4898 902.8785 1.6977 0.6712 1.8956 -9.5722 3.2140 18.2522 1.6150 0.2388
Cyclist -1 -1 2.2657 1557.1881 807.3455 1936.0000 1216.0000 1.7423 0.8797 1.7094 3.4308 2.5887 6.1710 2.6947 0.1939
Cyclist -1 -1 -1.9367 1485.4760 872.5280 1626.5211 1065.9232 1.6954 0.7733 1.9267 6.5400 4.5977 16.5589 -1.5846 0.1926
Cyclist -1 -1 2.0196 340.9788 773.4454 410.1801 881.7938 1.6847 0.6808 1.0747 -9.9271 4.2618 25.3768 1.6671 0.1533
Cyclist -1 -1 1.8908 410.1888 805.8615 465.6161 901.4097 1.6560 0.6750 1.0858 -9.9719 5.1733 28.5223 1.5733 0.1514
Car -1 -1 3.6647 0.0000 786.9061 202.5138 913.1506 1.7739 1.8684 4.4236 -15.0474 4.5150 24.3631 3.1393 0.1758
