Pedestrian -1 -1 1.9083 1425.0670 784.9069 1626.0768 1216.0000 1.6781 0.6626 0.6739 2.4736 2.4282 6.5425 2.2111 0.8652
Pedestrian -1 -1 -1.5190 969.4079 864.6523 1014.4474 990.3325 1.6081 0.5983 0.9924 0.4504 5.1581 21.6255 -1.4962 0.2518
Pedestrian -1 -1 1.4304 796.5203 846.4531 871.5902 1045.9600 1.6920 0.6178 0.6086 -1.1844 3.7986 13.8551 1.3530 0.2329
Pedestrian -1 -1 1.9452 981.5098 862.7596 1028.2052 975.8374 1.6446 0.5691 0.5729 0.6933 5.4749 23.7058 1.9765 0.2314
Pedestrian -1 -1 1.5482 1134.0416 842.2241 1176.2352 949.9325 1.6726 0.6784 0.5310 3.2016 5.3099 24.7292 1.6738 0.1812
Pedestrian -1 -1 2.4394 470.2085 828.7097 599.2316 1057.9249 1.4087 0.5943 0.6273 -2.9569 2.8816 10.3792 2.1883 0.1307
Pedestrian -1 -1 2.4173 602.8694 875.4921 695.6434 1074.5453 1.5539 0.5562 0.5684 -2.7240 3.8093 13.0641 2.2307 0.1269
Cyclist -1 -1 -1.5643 961.6758 862.8104 1009.3748 993.4904 1.6084 0.6726 1.4532 0.3603 5.1960 21.8163 -1.5454 0.1971
Car -1 -1 1.9724 176.1894 829.3126 349.5437 934.9333 1.4950 1.7414 4.0554 -14.3990 6.0223 31.0847 1.5610 0.8198
Car -1 -1 -1.5251 786.7872 847.3632 938.7250 1022.4903 1.5269 1.8445 4.2478 -1.2478 4.9062 20.5848 -1.5788 0.7497
