Pedestrian -1 -1 1.9343 1103.3643 764.2919 1303.2366 1201.6405 1.6871 0.6559 0.7541 1.0746 2.3446 6.5668 2.0643 0.8795
Pedestrian -1 -1 1.1640 1038.7920 864.0548 1093.3369 984.6536 1.6816 0.5822 0.7766 1.6173 5.4578 23.1503 1.2333 0.3652
Pedestrian -1 -1 -1.7780 971.4908 872.2861 1023.9072 997.3087 1.6088 0.5993 0.8173 0.5177 5.2416 21.5043 -1.7520 0.3279
Pedestrian -1 -1 1.8155 785.3304 833.9989 869.1946 1032.3206 1.6768 0.6388 0.5877 -1.2217 3.6413 13.7077 1.7346 0.2447
Pedestrian -1 -1 -0.2983 591.4084 878.5754 674.0046 1058.6017 1.3276 0.5898 0.5326 -2.7505 3.5138 12.5020 -0.4952 0.2031
Pedestrian -1 -1 -0.4956 459.6369 819.1853 582.8095 1050.0148 1.4124 0.5956 0.6101 -3.0293 2.8051 10.2936 -0.7547 0.1782
Pedestrian -1 -1 2.1369 615.6871 886.9606 701.7891 1081.7084 1.5385 0.5525 0.4996 -2.6367 3.8844 13.0516 1.9561 0.1453
Pedestrian -1 -1 1.2649 935.8773 833.0891 987.2100 938.3436 1.6714 0.6514 0.9693 -0.0015 5.4414 26.5208 1.2688 0.1425
Pedestrian -1 -1 -1.4091 661.1848 893.7206 740.0079 1104.1494 1.5898 0.5546 0.4808 -2.1132 3.8191 12.1592 -1.5644 0.1195
Pedestrian -1 -1 2.4611 698.5748 858.0668 785.0948 1062.8303 1.7344 0.6274 0.5260 -2.0550 3.9806 13.9997 2.3288 0.1137
Cyclist -1 -1 -1.7939 965.3216 868.6244 1027.9692 998.6187 1.6128 0.6637 1.1655 0.4998 5.2331 21.5773 -1.7688 0.1878
Cyclist -1 -1 -2.3774 1261.3896 823.1381 1470.2247 1076.0916 1.7467 0.7621 1.6003 3.3715 3.5316 12.5847 -2.1390 0.1135
Car -1 -1 -1.5327 788.8277 852.6993 938.3939 1029.7817 1.5083 1.8243 4.2622 -1.2250 4.9425 20.3999 -1.5858 0.7145
Car -1 -1 2.0776 0.0000 838.4983 183.8342 982.2448 1.4915 1.8866 4.1896 -14.4269 5.2003 23.8640 1.5637 0.3687
