Pedestrian -1 -1 -0.6173 1363.8684 765.3612 1628.8810 1204.8416 1.7076 0.6777 0.8608 2.3333 2.3676 6.5657 -0.3318 0.7453
Pedestrian -1 -1 1.7974 962.7920 862.8408 1019.4851 989.9286 1.6209 0.6175 0.9668 0.4400 5.1535 21.6574 1.8198 0.4074
Pedestrian -1 -1 -0.4699 593.9876 890.9498 687.7268 1078.7329 1.4047 0.6073 0.5767 -2.7411 3.7532 12.7843 -0.6616 0.2099
Pedestrian -1 -1 1.5676 794.8617 838.1308 863.4061 1040.6572 1.7481 0.6195 0.5541 -1.2214 3.7654 13.8456 1.4877 0.2057
Pedestrian -1 -1 2.1681 979.8036 857.5186 1032.8622 971.1738 1.6342 0.5774 0.6445 0.7156 5.3869 23.6949 2.2003 0.1742
Pedestrian -1 -1 1.7333 1131.1162 844.1843 1177.0323 954.0523 1.6914 0.6817 0.4967 3.1858 5.3614 24.6936 1.8585 0.1665
Pedestrian -1 -1 1.1093 1031.1028 862.3663 1084.8408 978.8848 1.6467 0.5894 0.6941 1.5054 5.4216 23.3380 1.1737 0.1562
Pedestrian -1 -1 2.3547 467.5983 827.0970 590.0259 1070.9015 1.5124 0.5929 0.5553 -2.9784 2.9593 10.3120 2.1007 0.1472
Pedestrian -1 -1 1.3289 940.5264 849.9077 983.5850 950.1926 1.6246 0.6103 0.7285 0.0098 5.6852 26.5623 1.3334 0.1183
Pedestrian -1 -1 1.6808 1237.1049 822.8583 1272.6090 916.5942 1.6425 0.5958 0.6109 5.5362 5.4242 28.1882 1.8699 0.1155
Cyclist -1 -1 -1.4474 960.4446 862.6100 1016.3394 989.6677 1.5914 0.6684 1.1940 0.4047 5.1517 21.7594 -1.4266 0.1850
Cyclist -1 -1 2.8275 1364.2996 768.8670 1628.4415 1197.8584 1.7130 0.6807 0.9054 2.3194 2.3788 6.5627 3.1114 0.1452
Car -1 -1 -1.5754 792.5817 851.8720 941.9652 1029.9076 1.5323 1.8349 4.1953 -1.2796 4.9697 20.4991 -1.6307 0.6444
Car -1 -1 2.0855 0.0000 843.3046 175.1141 985.5065 1.4667 1.8546 4.2361 -14.6844 5.2906 24.0615 1.5675 0.3402
