Pedestrian -1 -1 -0.2240 1148.7319 757.9151 1389.7419 1193.5355 1.7218 0.7042 0.8752 1.3168 2.3355 6.5210 -0.0625 0.7380
Pedestrian -1 -1 1.3173 1045.4064 862.7089 1092.3401 979.9116 1.6658 0.5789 0.6528 1.6610 5.4055 23.1437 1.3884 0.5521
Pedestrian -1 -1 1.6249 787.6685 841.1926 862.3709 1042.6644 1.7178 0.6465 0.6236 -1.2456 3.7543 13.7597 1.5429 0.3154
Pedestrian -1 -1 1.1525 966.3103 871.0924 1030.2549 998.2436 1.6103 0.6115 0.8903 0.5261 5.2388 21.5126 1.1788 0.3132
Pedestrian -1 -1 -0.2345 595.2695 873.2230 661.6182 1074.6533 1.5133 0.5985 0.4230 -2.7825 3.6462 12.4841 -0.4334 0.1307
Cyclist -1 -1 1.1951 958.5931 867.9232 1034.6387 999.7603 1.6061 0.6768 1.2766 0.4976 5.2281 21.5726 1.2201 0.1773
Cyclist -1 -1 -1.9357 929.5870 834.4531 997.0455 947.7477 1.7069 0.6799 1.5951 0.0222 5.5559 26.6017 -1.9308 0.1545
Cyclist -1 -1 -0.1741 1146.2273 763.0865 1404.3156 1185.3872 1.6788 0.6971 0.9758 1.3413 2.3148 6.5293 -0.0096 0.1495
Cyclist -1 -1 -2.2610 1265.2594 821.2114 1464.0068 1077.6028 1.7701 0.7576 1.5811 3.3470 3.5318 12.5434 -2.0236 0.1241
Car -1 -1 -1.5540 791.9587 848.3882 942.8483 1026.3539 1.5298 1.8439 4.2493 -1.2242 4.9050 20.4281 -1.6070 0.6331
