Pedestrian -1 -1 2.1537 1182.1465 761.0264 1420.5376 1206.7887 1.6745 0.6757 0.8291 1.4778 2.3125 6.4762 2.3366 0.8196
Pedestrian -1 -1 1.1609 1043.2588 859.1058 1095.9282 976.9427 1.6570 0.5774 0.7136 1.6747 5.3549 23.1796 1.2325 0.3300
Pedestrian -1 -1 1.5140 792.7522 834.6309 863.6002 1040.8030 1.7497 0.6196 0.6324 -1.2320 3.7309 13.7707 1.4330 0.2852
Pedestrian -1 -1 1.6612 986.7134 859.4875 1027.2058 972.7260 1.6192 0.5686 0.7482 0.7217 5.3651 23.4732 1.6938 0.2459
Pedestrian -1 -1 1.5574 1135.8934 839.1365 1177.0619 948.9297 1.7006 0.6649 0.5536 3.2192 5.2832 24.6953 1.6838 0.1291
Pedestrian -1 -1 -0.9367 468.4123 814.8219 589.6451 1050.5084 1.4645 0.5764 0.5591 -2.9564 2.8128 10.2499 -1.1908 0.1173
Cyclist -1 -1 -1.8293 984.0276 833.0044 1053.7778 947.7421 1.6297 0.6083 2.7901 1.0430 5.7037 27.8483 -1.7894 0.1261
Cyclist -1 -1 -1.7983 932.9225 840.6454 988.7527 952.4995 1.6913 0.6714 1.5205 -0.0202 5.6429 26.5749 -1.7949 0.1251
Cyclist -1 -1 0.3626 1166.6207 761.8491 1415.0316 1211.7875 1.7021 0.6897 0.8806 1.4375 2.3449 6.4972 0.5399 0.1060
Car -1 -1 1.9872 167.1960 832.2868 344.9385 940.3954 1.5208 1.7469 4.0668 -14.4404 6.0852 30.8786 1.5725 0.7955
Car -1 -1 -1.5987 797.5177 850.6775 947.8387 1030.2566 1.5368 1.8368 4.1796 -1.2521 4.9401 20.3833 -1.6531 0.5858
Car -1 -1 -1.4957 851.5498 825.8642 970.9253 950.1708 1.5485 1.8859 4.4410 -0.8575 5.6452 28.2192 -1.5204 0.1684
