Pedestrian -1 -1 -0.2611 1277.7976 783.4695 1479.9072 1208.8411 1.6969 0.6312 0.6912 1.8057 2.4252 6.5398 -0.0389 0.8991
Pedestrian -1 -1 1.3576 1040.9703 863.1616 1088.0736 981.2073 1.6677 0.5873 0.7223 1.5927 5.4184 23.1411 1.4259 0.3613
Pedestrian -1 -1 -1.6866 966.1699 864.4741 1017.5670 994.4691 1.6197 0.6087 1.1883 0.4310 5.1694 21.5379 -1.6645 0.2607
Pedestrian -1 -1 1.4296 1129.2385 835.0677 1175.6772 944.8459 1.7159 0.6908 0.5363 3.1535 5.2256 24.6988 1.5536 0.2218
Pedestrian -1 -1 1.4102 775.8019 847.9293 859.7313 1054.7732 1.7404 0.6863 0.5974 -1.3265 3.8488 13.7629 1.3231 0.1920
Pedestrian -1 -1 2.1936 977.9205 861.1654 1032.4751 975.3338 1.6296 0.5521 0.7090 0.6969 5.4377 23.6545 2.2251 0.1471
Pedestrian -1 -1 2.3643 461.1218 824.6912 585.2053 1057.2963 1.4330 0.5962 0.5639 -3.0095 2.8598 10.2855 2.1068 0.1321
Cyclist -1 -1 -1.6734 959.2482 854.7458 1015.8740 990.1233 1.6403 0.6651 1.6091 0.3680 5.1130 21.7655 -1.6542 0.2364
Cyclist -1 -1 -1.8792 930.7277 843.7067 993.6575 957.4371 1.7068 0.6778 1.5712 0.0027 5.7187 26.5684 -1.8749 0.1458
Car -1 -1 1.9595 170.6274 830.8260 343.3088 938.3827 1.5128 1.7443 4.0645 -14.4588 6.0578 30.9525 1.5451 0.8799
Car -1 -1 -1.5723 793.1086 852.4479 943.9839 1031.8423 1.5410 1.8420 4.1580 -1.2473 4.9639 20.3687 -1.6264 0.5912
Car -1 -1 -1.5151 853.4623 831.3743 969.3166 957.1019 1.5544 1.9038 4.5244 -0.8576 5.7784 28.3031 -1.5396 0.1226
