Pedestrian -1 -1 2.5480 940.6794 762.4195 1148.9883 1199.4711 1.6850 0.6263 0.6622 0.3559 2.3218 6.4836 2.5864 0.5730
Pedestrian -1 -1 1.2958 1045.9146 864.7399 1095.0916 983.1692 1.6663 0.5821 0.7305 1.6855 5.4449 23.1438 1.3679 0.3957
Pedestrian -1 -1 1.4334 789.9840 835.3466 867.2913 1040.1171 1.7279 0.6342 0.6045 -1.2236 3.7114 13.7307 1.3526 0.3732
Pedestrian -1 -1 -1.7181 959.4865 867.6108 1009.7513 989.9034 1.5631 0.5997 0.8951 0.3290 5.1330 21.5131 -1.7005 0.1911
Pedestrian -1 -1 -0.2288 591.0986 878.9233 664.7020 1070.3492 1.4314 0.5831 0.4914 -2.7960 3.6213 12.5245 -0.4282 0.1732
Pedestrian -1 -1 -0.2984 465.7663 824.1181 580.4286 1047.6844 1.3634 0.6029 0.6177 -3.0175 2.7896 10.2864 -0.5567 0.1691
Pedestrian -1 -1 -1.2740 623.8960 885.9403 701.0150 1076.2633 1.5378 0.5417 0.4722 -2.6085 3.8676 13.0806 -1.4526 0.1599
Pedestrian -1 -1 -1.5986 942.6449 826.8005 980.5053 932.3821 1.6798 0.6451 1.1279 -0.0017 5.3416 26.5507 -1.5947 0.1325
Cyclist -1 -1 -1.8264 952.6104 858.4949 1022.1469 991.5161 1.6171 0.6566 1.5126 0.3660 5.1561 21.8444 -1.8073 0.2820
Cyclist -1 -1 -1.6458 939.8272 824.0342 983.4926 933.2239 1.7004 0.6800 1.3553 -0.0026 5.3279 26.5420 -1.6420 0.1303
Car -1 -1 -1.5118 790.9077 855.8352 948.5730 1038.0768 1.5618 1.8430 4.2324 -1.1331 5.0292 20.3280 -1.5608 0.6464
Car -1 -1 2.0656 0.0000 841.0506 180.9048 985.4496 1.4865 1.8819 4.1726 -14.4169 5.2307 23.8001 1.5509 0.3620
Car -1 -1 1.6010 1057.8743 831.3032 1167.8516 962.4124 1.5209 1.7826 4.1755 2.7394 5.4695 26.4213 1.7030 0.1798
