Pedestrian -1 -1 2.3941 1026.8236 774.5698 1253.8625 1209.1719 1.6511 0.6361 0.7466 0.7754 2.3488 6.4915 2.4868 0.7682
Pedestrian -1 -1 1.5062 987.8250 863.4564 1024.7064 974.2110 1.6193 0.5428 0.5911 0.7029 5.4134 23.4797 1.5381 0.3966
Pedestrian -1 -1 1.1736 1038.1039 860.4677 1090.5468 975.8186 1.6195 0.5704 0.7424 1.5976 5.3517 23.2500 1.2419 0.2735
Pedestrian -1 -1 1.6445 787.4964 838.3525 862.6967 1037.6725 1.7109 0.6434 0.5550 -1.2420 3.7089 13.7172 1.5624 0.2628
Pedestrian -1 -1 1.3829 1132.3116 835.5004 1179.0110 950.9667 1.7934 0.6689 0.5543 3.1949 5.3011 24.6099 1.5088 0.2431
Pedestrian -1 -1 2.0527 615.4012 891.1297 700.1793 1081.8324 1.5115 0.5580 0.4912 -2.6452 3.8923 13.0560 1.8714 0.2369
Pedestrian -1 -1 -0.0867 591.6544 890.6174 664.4591 1069.4590 1.3158 0.6241 0.5536 -2.7909 3.6042 12.5015 -0.2861 0.1763
Pedestrian -1 -1 -0.6529 458.3947 816.4103 583.7595 1053.1993 1.4565 0.5827 0.5996 -3.0253 2.8270 10.2863 -0.9118 0.1421
Cyclist -1 -1 -1.7515 935.2147 824.8228 988.6733 936.5585 1.7008 0.6881 1.5288 -0.0005 5.3504 26.4862 -1.7475 0.1463
Car -1 -1 -1.5495 790.7335 855.9772 939.7836 1033.0817 1.5250 1.8261 4.1150 -1.2437 5.0006 20.4070 -1.6034 0.6979
Car -1 -1 2.0539 0.0000 838.1785 184.7832 981.1392 1.5014 1.8633 4.3060 -14.6628 5.2902 24.3865 1.5420 0.2635
