Pedestrian -1 -1 -0.2885 768.9287 742.4304 991.5379 1185.3212 1.6948 0.6957 0.7893 -0.3628 2.2362 6.4279 -0.3444 0.7709
Pedestrian -1 -1 1.4096 1044.6035 861.3699 1090.5742 980.3687 1.6886 0.6016 0.7168 1.6394 5.4072 23.1321 1.4798 0.4080
Pedestrian -1 -1 -1.8564 964.5425 871.6127 1024.0381 998.2260 1.6014 0.6174 0.9412 0.4679 5.2418 21.5317 -1.8327 0.3422
Pedestrian -1 -1 1.7072 984.9626 862.7130 1026.1655 976.0792 1.6289 0.5571 0.6909 0.7000 5.4273 23.4988 1.7390 0.3151
Pedestrian -1 -1 -0.6131 458.1056 817.0605 584.5483 1049.9294 1.4276 0.5914 0.6093 -3.0255 2.8044 10.2906 -0.8720 0.1778
Pedestrian -1 -1 2.3329 593.1323 883.0027 686.4159 1070.1002 1.3911 0.5676 0.5104 -2.6859 3.6125 12.5025 2.1408 0.1631
Pedestrian -1 -1 2.4912 750.6932 830.3331 845.6837 1038.7374 1.7294 0.6480 0.5975 -1.4972 3.6746 13.7193 2.3922 0.1089
Cyclist -1 -1 1.5404 965.6384 859.9340 1011.0010 988.6676 1.6001 0.6225 1.3826 0.3842 5.1383 21.8183 1.5603 0.1589
Car -1 -1 2.0771 0.0000 840.0815 184.2547 984.9041 1.5045 1.8938 4.1856 -14.4276 5.2421 23.8753 1.5634 0.2827
Car -1 -1 -1.5526 793.2537 844.2847 942.9659 1030.3055 1.6745 1.8522 4.2100 -1.2247 5.0148 20.6340 -1.6050 0.1610
