Pedestrian -1 -1 2.3781 730.6973 741.3239 953.9111 1187.5879 1.6967 0.6749 0.6746 -0.5081 2.2329 6.4109 2.3031 0.5971
Pedestrian -1 -1 1.7375 985.2914 860.7791 1027.7999 975.0959 1.6480 0.5660 0.6488 0.7144 5.4098 23.4754 1.7698 0.3938
Pedestrian -1 -1 1.2163 1043.5206 857.0479 1094.1591 974.3318 1.6541 0.5749 0.6987 1.6611 5.3129 23.1534 1.2874 0.3084
Pedestrian -1 -1 2.3212 465.6103 834.6218 591.0646 1064.6301 1.4155 0.6028 0.5730 -2.9830 2.9182 10.3197 2.0669 0.1680
Pedestrian -1 -1 -0.3830 588.1688 883.1536 666.6068 1074.2595 1.4258 0.5867 0.4637 -2.8020 3.6550 12.5364 -0.5825 0.1337
Pedestrian -1 -1 -1.8645 935.1440 834.0072 988.6050 941.4913 1.6972 0.6776 1.0481 0.0034 5.4926 26.5438 -1.8603 0.1204
Cyclist -1 -1 -1.7191 958.4075 859.9925 1018.6176 994.0676 1.6462 0.6744 1.4214 0.3826 5.1805 21.7336 -1.6992 0.1924
Cyclist -1 -1 -1.8402 934.0635 832.9435 990.8524 943.7867 1.7059 0.6741 1.3645 0.0102 5.5055 26.5654 -1.8358 0.1533
Cyclist -1 -1 -1.8637 985.6506 846.7122 1050.2593 957.7055 1.6436 0.5824 2.2663 1.0388 5.9688 27.9907 -1.8240 0.1402
Car -1 -1 1.9822 173.8055 834.2068 350.6227 941.9689 1.5144 1.7529 4.0971 -14.3805 6.1432 31.0226 1.5708 0.7027
Car -1 -1 -1.5409 790.7053 851.4846 940.4406 1032.2313 1.5803 1.8413 4.1990 -1.2250 5.0092 20.5104 -1.5936 0.2569
Car -1 -1 2.0404 0.0000 835.5891 186.2219 978.3268 1.5079 1.8757 4.3301 -14.6867 5.2699 24.5004 1.5296 0.1862
Car -1 -1 1.5639 1059.8092 840.1736 1168.6625 970.3521 1.5201 1.7628 3.9651 2.6714 5.6045 26.3178 1.6639 0.1445
