Pedestrian -1 -1 -0.3521 805.2893 750.5597 1033.3875 1200.8400 1.7283 0.6718 0.8004 -0.1934 2.3099 6.4595 -0.3854 0.5888
Pedestrian -1 -1 1.4619 1046.7025 865.6898 1089.8031 980.9381 1.6351 0.5900 0.7182 1.6499 5.4195 23.1335 1.5326 0.3900
Pedestrian -1 -1 1.3340 964.4433 868.2855 1023.2599 998.0118 1.6333 0.6242 1.0283 0.4605 5.2300 21.5307 1.3574 0.3395
Pedestrian -1 -1 1.4642 768.4086 849.8784 843.9963 1052.5088 1.7074 0.6360 0.6016 -1.4321 3.8305 13.7544 1.3700 0.2862
Pedestrian -1 -1 1.4767 1133.3789 834.0950 1178.6785 945.2788 1.7440 0.6966 0.5005 3.2130 5.2361 24.7021 1.6029 0.1899
Pedestrian -1 -1 -1.8575 937.1672 836.2650 984.1373 938.9068 1.6618 0.6505 0.7452 -0.0152 5.4718 26.5080 -1.8540 0.1559
Pedestrian -1 -1 -1.2365 614.7956 881.7983 697.3195 1070.1694 1.5063 0.5601 0.5263 -2.6648 3.8063 13.0862 -1.4189 0.1125
Pedestrian -1 -1 2.3647 465.7661 822.5523 588.8956 1055.3038 1.4360 0.5859 0.5660 -2.9813 2.8476 10.2874 2.1095 0.1064
Cyclist -1 -1 1.4866 962.0519 864.4205 1015.4290 994.3126 1.6135 0.6702 1.3218 0.3884 5.2092 21.7687 1.5067 0.1901
Car -1 -1 2.0053 162.0115 826.7864 346.2855 936.1018 1.5408 1.7813 4.1589 -14.4913 5.9974 30.9159 1.5896 0.7557
Car -1 -1 2.0420 0.0000 840.7789 179.4465 985.2765 1.4945 1.8761 4.1276 -14.4170 5.2409 23.8501 1.5282 0.2326
