Pedestrian -1 -1 -0.5435 806.2401 753.9578 1065.9167 1205.7983 1.6989 0.7077 0.8826 -0.1143 2.3030 6.4642 -0.5665 0.6782
Pedestrian -1 -1 1.3078 1046.7152 858.5154 1095.7380 975.7007 1.6601 0.5982 0.6879 1.6976 5.3384 23.1519 1.3803 0.6240
Pedestrian -1 -1 1.1066 964.4184 868.7562 1026.4135 995.8829 1.6332 0.6180 0.7582 0.4867 5.2178 21.5079 1.1312 0.4220
Pedestrian -1 -1 1.5027 791.2806 830.6278 864.1898 1037.4248 1.7586 0.6325 0.6049 -1.2342 3.6982 13.7526 1.4213 0.1781
Pedestrian -1 -1 2.6510 469.0833 826.3889 593.4711 1053.4924 1.3790 0.6036 0.6165 -2.9552 2.8216 10.2761 2.3976 0.1562
Pedestrian -1 -1 -1.2281 620.4852 883.9575 701.3687 1073.4949 1.5206 0.5538 0.4966 -2.6216 3.8368 13.0805 -1.4076 0.1416
Pedestrian -1 -1 1.1593 938.4424 828.6503 995.1625 939.3372 1.7440 0.6299 1.0710 0.0908 5.4315 26.4480 1.1666 0.1258
Cyclist -1 -1 -1.7868 959.1120 864.6345 1019.7419 992.1484 1.6040 0.6567 1.1292 0.3996 5.1900 21.7516 -1.7662 0.1770
Cyclist -1 -1 -2.9230 790.7246 755.4482 1045.7617 1201.0167 1.7223 0.7194 0.9731 -0.1643 2.3273 6.4860 -2.9524 0.1332
Cyclist -1 -1 1.1593 938.4424 828.6503 995.1625 939.3372 1.7440 0.6299 1.0710 0.0908 5.4315 26.4480 1.1666 0.1184
Car -1 -1 2.0617 0.0000 840.8401 180.8788 985.7675 1.5002 1.8747 4.1554 -14.4217 5.2450 23.8343 1.5475 0.3907
Car -1 -1 -1.5690 786.8728 857.0073 934.1859 1037.2440 1.5608 1.8100 4.1077 -1.3548 5.0636 20.4661 -1.6277 0.2180
