Pedestrian -1 -1 1.3182 1045.8707 858.3506 1094.1432 977.0020 1.6903 0.6028 0.6428 1.6777 5.3593 23.1324 1.3900 0.6530
Pedestrian -1 -1 -0.7902 862.8081 766.1397 1073.1212 1207.6339 1.6872 0.6260 0.6594 0.0300 2.3403 6.4603 -0.7943 0.6487
Pedestrian -1 -1 1.5276 988.5952 863.8813 1027.8044 976.2557 1.6434 0.5905 0.6022 0.7325 5.4423 23.4678 1.5607 0.5259
Pedestrian -1 -1 1.1907 968.0764 865.3209 1027.3448 997.2142 1.7006 0.6137 0.7532 0.5170 5.2179 21.4180 1.2166 0.2772
Pedestrian -1 -1 1.5083 778.7448 851.8934 852.5740 1054.9049 1.7233 0.6469 0.5831 -1.3481 3.8668 13.7846 1.4199 0.1826
Pedestrian -1 -1 -0.2378 461.1177 832.2634 574.4781 1051.1810 1.3273 0.6114 0.6334 -3.0537 2.8113 10.2826 -0.4990 0.1677
Pedestrian -1 -1 -0.4513 584.2346 876.7612 672.3810 1071.9131 1.4489 0.5898 0.5208 -2.7872 3.6216 12.5081 -0.6503 0.1275
Cyclist -1 -1 1.1107 967.0128 852.1880 1050.1497 986.6746 1.6408 0.6950 1.2805 0.6657 5.0081 21.4284 1.1430 0.1394
Cyclist -1 -1 -2.3366 1255.7831 817.6669 1471.1935 1070.9893 1.7423 0.7787 1.7005 3.3589 3.4907 12.6325 -2.0998 0.1188
Car -1 -1 2.0459 0.0000 836.7363 182.4397 982.0777 1.4928 1.8863 4.2644 -14.4063 5.1773 23.8436 1.5322 0.5051
Car -1 -1 -1.5217 788.3484 859.6335 943.2833 1037.8495 1.5393 1.8597 4.1033 -1.1946 5.0610 20.3819 -1.5733 0.2593
