Pedestrian -1 -1 -0.4481 993.1823 766.5439 1232.6763 1209.5743 1.6994 0.6696 0.8192 0.6453 2.3579 6.4919 -0.3721 0.7237
Pedestrian -1 -1 2.0054 980.7361 850.3254 1030.9980 964.5125 1.6325 0.5561 0.6744 0.7034 5.2376 23.4896 2.0372 0.3588
Pedestrian -1 -1 1.4787 1132.0598 848.4769 1177.1689 957.3409 1.6955 0.6919 0.5187 3.1859 5.4249 24.6740 1.6040 0.2308
Pedestrian -1 -1 2.5871 459.7294 823.6855 586.1586 1049.0952 1.3727 0.6038 0.6151 -3.0177 2.7988 10.2979 2.3290 0.2039
Pedestrian -1 -1 -0.2832 602.8306 899.8202 684.5936 1083.4094 1.3791 0.5844 0.5497 -2.7160 3.7980 12.7729 -0.4731 0.1379
Pedestrian -1 -1 1.4807 1032.9296 854.3094 1073.0999 966.2381 1.6032 0.5615 0.7443 1.4281 5.2448 23.3584 1.5419 0.1228
Cyclist -1 -1 -2.3461 1253.8578 812.1240 1481.7083 1071.5825 1.7776 0.7946 1.8199 3.3953 3.4851 12.6529 -2.1071 0.1438
Cyclist -1 -1 -1.8537 983.7180 833.3257 1053.2972 945.2084 1.6200 0.6071 2.5679 1.0400 5.6907 27.8879 -1.8140 0.1309
Cyclist -1 -1 0.1300 993.8148 768.5447 1223.1207 1192.2015 1.6404 0.6857 0.9245 0.6595 2.3074 6.5133 0.2075 0.1040
Car -1 -1 -1.5653 791.2540 856.6587 938.6374 1033.0103 1.5275 1.8210 4.1102 -1.2932 5.0400 20.5664 -1.6209 0.5498
Car -1 -1 2.0590 0.0000 839.1882 183.2945 983.9224 1.4990 1.8836 4.2035 -14.4302 5.2290 23.9052 1.5457 0.3786
