Pedestrian -1 -1 2.8675 536.7784 739.2504 741.0844 1181.8990 1.6538 0.6288 0.7009 -1.3560 2.1653 6.2513 2.6788 0.8839
Pedestrian -1 -1 1.1900 1042.9967 854.5421 1094.7969 973.0027 1.6735 0.5890 0.6792 1.6614 5.2907 23.1419 1.2611 0.4164
Pedestrian -1 -1 1.6926 985.8826 856.9308 1026.9830 971.3455 1.6581 0.5711 0.6321 0.7125 5.3553 23.4727 1.7249 0.4004
Pedestrian -1 -1 1.4697 790.7085 841.9880 864.7580 1041.2445 1.6831 0.6251 0.5915 -1.2324 3.7277 13.7369 1.3884 0.2249
Pedestrian -1 -1 -1.7029 971.5623 872.2669 1020.0949 993.5603 1.5582 0.5926 0.8498 0.4909 5.1928 21.5187 -1.6781 0.1952
Pedestrian -1 -1 -0.8527 462.1740 828.0109 588.6201 1056.9817 1.4118 0.6136 0.5687 -2.9990 2.8648 10.3065 -1.1089 0.1390
Cyclist -1 -1 -1.8000 963.2905 867.1711 1026.9886 996.1293 1.5883 0.6604 1.2216 0.4775 5.1928 21.5840 -1.7759 0.1809
Cyclist -1 -1 -1.7873 934.8311 835.4706 988.4703 946.5309 1.6908 0.6564 1.4690 -0.0049 5.5387 26.5398 -1.7834 0.1723
Car -1 -1 2.0197 157.9268 829.6042 348.3869 940.1011 1.5344 1.8129 4.2522 -14.5005 6.0599 30.9054 1.6037 0.7933
Car -1 -1 -1.5480 789.0737 849.6200 938.2045 1025.4083 1.5321 1.8356 4.1467 -1.2684 4.9297 20.5084 -1.6028 0.6768
Car -1 -1 2.0388 0.0000 833.2621 173.9985 974.8312 1.4635 1.8897 4.2854 -14.6677 5.1239 24.0840 1.5213 0.3453
Car -1 -1 -1.1743 0.0000 790.5145 167.5050 915.2455 1.6869 1.8343 4.4263 -17.0843 5.1148 28.6488 -1.6868 0.2881
