Pedestrian -1 -1 3.1972 619.8879 742.5123 810.2606 1172.1365 1.6624 0.6580 0.7494 -1.0216 2.1898 6.3446 3.0541 0.8739
Pedestrian -1 -1 1.3733 1047.3721 853.9303 1095.3514 972.6928 1.6944 0.6205 0.6699 1.6986 5.2949 23.1383 1.4460 0.6256
Pedestrian -1 -1 1.6081 987.6826 863.8878 1025.2227 977.3947 1.6474 0.5642 0.6434 0.7131 5.4541 23.4795 1.6404 0.4332
Pedestrian -1 -1 1.4184 773.8394 849.7675 858.6271 1059.9803 1.7678 0.6974 0.5987 -1.3394 3.8914 13.7494 1.3305 0.2941
Pedestrian -1 -1 2.2545 577.7983 876.7781 671.7009 1082.3684 1.5434 0.5516 0.5317 -2.8053 3.7069 12.4813 2.0541 0.1708
Pedestrian -1 -1 -0.3692 469.5183 818.1553 584.8273 1041.8943 1.3715 0.5877 0.5997 -2.9911 2.7555 10.2959 -0.6253 0.1518
Pedestrian -1 -1 -1.8769 935.2421 842.9797 987.8856 949.2125 1.6553 0.6368 1.0823 -0.0023 5.5977 26.4229 -1.8729 0.1039
Cyclist -1 -1 -1.8769 935.2421 842.9797 987.8856 949.2125 1.6553 0.6368 1.0823 -0.0023 5.5977 26.4229 -1.8729 0.1840
Cyclist -1 -1 1.6877 959.4467 864.9316 1015.0742 993.4959 1.5865 0.6599 1.2178 0.3844 5.1451 21.5226 1.7077 0.1306
Car -1 -1 -1.5813 796.8943 854.7385 945.5007 1032.9587 1.5175 1.8179 4.1841 -1.2347 4.9849 20.4146 -1.6348 0.6367
Car -1 -1 2.0636 0.0000 840.3692 182.2237 985.4399 1.4990 1.8821 4.1851 -14.4150 5.2380 23.8380 1.5497 0.3865
Car -1 -1 -1.5010 854.5054 838.4890 970.3855 962.6459 1.5311 1.8537 4.3408 -0.8403 5.8829 28.2586 -1.5249 0.1388
