Pedestrian -1 -1 3.0277 716.6133 749.8824 898.8278 1173.2521 1.6366 0.6292 0.7106 -0.6702 2.2025 6.3884 2.9311 0.7050
Pedestrian -1 -1 1.3034 1042.6635 855.8537 1092.7585 973.9656 1.6747 0.6135 0.6874 1.6434 5.3120 23.1544 1.3737 0.5527
Pedestrian -1 -1 1.6268 983.9509 862.5357 1022.8269 976.6222 1.6618 0.5756 0.6004 0.6642 5.4406 23.4562 1.6571 0.4313
Pedestrian -1 -1 -1.8107 965.0500 871.5869 1021.4559 996.9647 1.5852 0.6052 0.9445 0.4524 5.2195 21.5054 -1.7876 0.2924
Pedestrian -1 -1 2.3067 687.7369 863.3748 778.4672 1059.0959 1.6360 0.6488 0.5242 -2.1156 3.9119 13.8726 2.1692 0.1421
Pedestrian -1 -1 1.5644 1133.8213 836.1206 1176.2133 947.7635 1.7413 0.6874 0.4946 3.1964 5.2699 24.6955 1.6900 0.1173
Cyclist -1 -1 -1.6016 964.6184 861.1545 1010.0362 991.6889 1.6063 0.6198 1.4637 0.3688 5.1666 21.8004 -1.5823 0.1695
Cyclist -1 -1 -1.9246 981.8360 847.9424 1052.5953 958.1157 1.6298 0.5849 2.2415 1.0229 5.9725 27.9604 -1.8855 0.1343
Cyclist -1 -1 -1.8628 935.9896 853.7570 985.5927 957.5234 1.6178 0.6140 1.0117 -0.0151 5.7474 26.4123 -1.8592 0.1219
Cyclist -1 -1 -1.3142 1035.6078 861.3113 1091.4794 980.9292 1.6200 0.6145 1.0740 1.5983 5.3930 23.2596 -1.2459 0.1002
Car -1 -1 1.9983 161.5635 825.8466 345.3402 934.2780 1.5248 1.7828 4.1800 -14.5038 5.9609 30.9133 1.5821 0.8434
Car -1 -1 -1.5394 791.4949 855.2947 939.9336 1032.4324 1.5290 1.8208 4.1424 -1.2162 4.9994 20.4353 -1.5919 0.5908
Car -1 -1 2.0578 0.0000 842.1332 173.9369 983.4882 1.4543 1.8437 4.2199 -14.6660 5.2641 24.0901 1.5408 0.2022
