Pedestrian -1 -1 0.2647 19.1394 694.5447 309.8632 1174.3940 1.6572 0.7631 0.7752 -3.0095 1.9443 5.7283 -0.1549 0.6379
Pedestrian -1 -1 1.4182 1048.7526 857.3642 1094.7472 974.4070 1.6679 0.6111 0.6954 1.7056 5.3249 23.1549 1.4911 0.6093
Pedestrian -1 -1 1.6911 786.5667 845.6025 865.8945 1046.9822 1.7153 0.6542 0.5933 -1.2319 3.7866 13.7252 1.6098 0.3456
Pedestrian -1 -1 -0.6666 0.0000 686.6230 153.0465 1216.0000 1.5957 0.6886 0.7523 -3.0051 1.8009 4.4905 -1.1658 0.1697
Pedestrian -1 -1 1.5124 1132.1118 841.4050 1176.4183 953.5059 1.7405 0.6922 0.5537 3.1798 5.3560 24.6738 1.6375 0.1404
Pedestrian -1 -1 -1.2932 740.9647 838.3136 839.7753 1052.8832 1.6938 0.6803 0.7149 -1.4798 3.6125 13.0339 -1.3960 0.1328
Cyclist -1 -1 -2.4933 0.0000 643.6486 147.6118 1216.0000 1.7204 0.7747 1.2845 -3.2243 1.7807 4.3602 -3.0322 0.1567
Cyclist -1 -1 0.3732 0.0000 687.4742 325.6192 1184.0613 1.7006 0.7707 1.1186 -3.1126 1.9544 5.6470 -0.0632 0.1241
Cyclist -1 -1 -1.4753 1042.6764 862.7743 1088.7765 981.2827 1.6095 0.6143 1.0811 1.6305 5.3987 23.2378 -1.4056 0.1122
Car -1 -1 -1.6061 798.7723 853.4248 949.4568 1034.8025 1.5529 1.8444 4.1703 -1.2503 5.0009 20.4040 -1.6603 0.5270
Car -1 -1 -1.4945 867.2231 829.8679 987.6130 955.7119 1.5830 1.9223 4.4053 -0.5574 5.7886 28.4255 -1.5088 0.2469
Car -1 -1 2.0245 0.0000 834.0833 190.6629 967.8900 1.4121 1.7589 4.3173 -14.7144 5.1985 24.8673 1.5187 0.1604
Car -1 -1 0.4189 80.3280 809.2980 241.3677 871.6758 1.5793 1.7727 3.8533 -23.8574 7.2093 44.6730 -0.0520 0.1279
