Pedestrian -1 -1 1.3834 1046.8971 855.2825 1094.4177 972.6931 1.6737 0.6173 0.6825 1.6893 5.2996 23.1618 1.4556 0.6038
Pedestrian -1 -1 2.5321 97.0952 666.3526 350.3722 1155.7544 1.7421 0.7073 0.6081 -2.8768 1.9165 5.8449 2.1344 0.5562
Pedestrian -1 -1 1.5364 974.7140 871.9587 1017.2123 996.8951 1.6211 0.5836 0.8394 0.4928 5.2424 21.4972 1.5613 0.3326
Pedestrian -1 -1 1.6216 788.6184 839.2900 862.0297 1036.2321 1.6814 0.6376 0.5959 -1.2420 3.6961 13.7455 1.5397 0.2460
Pedestrian -1 -1 2.7723 465.0244 820.8052 579.7318 1059.2235 1.4656 0.5918 0.5928 -3.0213 2.8672 10.2859 2.5139 0.1561
Pedestrian -1 -1 2.1478 705.4086 867.7659 791.5062 1061.5511 1.6563 0.6318 0.4953 -1.9962 3.9958 14.0451 2.0197 0.1409
Pedestrian -1 -1 1.5165 1133.1786 837.5452 1177.6863 945.8647 1.6886 0.7006 0.5153 3.2030 5.2413 24.7027 1.6423 0.1288
Cyclist -1 -1 -1.5865 965.6242 861.8820 1012.6571 990.2935 1.6123 0.6639 1.2603 0.3964 5.1577 21.7406 -1.5660 0.1822
Cyclist -1 -1 1.7310 1040.0952 860.5974 1090.0477 980.3576 1.6262 0.6097 1.0861 1.6221 5.3865 23.2598 1.8002 0.1003
Car -1 -1 -1.5353 788.7448 852.2383 938.8861 1029.0262 1.5180 1.8330 4.1813 -1.2272 4.9343 20.3656 -1.5885 0.7619
Car -1 -1 1.9888 171.7903 832.3181 349.0418 941.7292 1.5619 1.7582 4.0977 -14.4959 6.1727 31.1894 1.5763 0.4967
