Pedestrian -1 -1 1.3058 1042.9331 849.3707 1094.4323 968.0858 1.6933 0.6452 0.6612 1.6603 5.2307 23.1796 1.3767 0.6673
Pedestrian -1 -1 2.9934 308.8403 715.8523 510.6135 1190.5206 1.6994 0.6994 0.6909 -2.2234 2.0926 5.9990 2.6848 0.5933
Pedestrian -1 -1 1.5474 986.2584 862.8306 1024.5771 977.4819 1.6842 0.5882 0.5668 0.6882 5.4589 23.4391 1.5787 0.4855
Pedestrian -1 -1 1.7629 784.6909 844.8657 865.4556 1042.8092 1.6785 0.6338 0.5909 -1.2443 3.7478 13.7396 1.6808 0.2595
Pedestrian -1 -1 1.4602 1134.1244 833.4807 1179.8729 945.1892 1.7537 0.6963 0.5046 3.2286 5.2346 24.6984 1.5870 0.1675
Cyclist -1 -1 -1.8508 931.0199 848.0660 990.5780 960.5218 1.6891 0.6672 1.5244 -0.0212 5.7755 26.5587 -1.8474 0.2097
Cyclist -1 -1 -1.6157 962.8122 862.0020 1012.4647 993.2555 1.6326 0.6644 1.3423 0.3722 5.1865 21.7357 -1.5962 0.1617
Cyclist -1 -1 -1.4750 1040.6276 857.3881 1087.5344 976.6225 1.6383 0.6334 1.0213 1.6069 5.3424 23.2704 -1.4064 0.1039
Car -1 -1 -1.5361 789.3858 851.1893 940.9016 1028.4413 1.5272 1.8501 4.1799 -1.2115 4.9280 20.3686 -1.5887 0.7554
Car -1 -1 -1.5116 870.5715 838.4922 987.4222 964.7725 1.5631 1.9154 4.3414 -0.5258 5.9079 28.2072 -1.5250 0.2771
