Pedestrian -1 -1 1.9083 145.1147 706.2930 381.9324 1162.1764 1.6513 0.6315 0.6803 -2.7224 1.9913 5.8945 1.5325 0.8701
Pedestrian -1 -1 1.2049 1041.8341 855.6848 1093.1965 973.0553 1.6601 0.5953 0.6611 1.6400 5.2933 23.1397 1.2751 0.4882
Pedestrian -1 -1 1.5432 987.4366 862.5510 1025.3087 977.2524 1.6875 0.5794 0.5620 0.7037 5.4594 23.4529 1.5752 0.4826
Pedestrian -1 -1 1.5006 789.8976 835.0292 863.8618 1037.8799 1.7171 0.6396 0.5987 -1.2388 3.6928 13.7164 1.4188 0.3228
Pedestrian -1 -1 1.2950 971.8685 872.1332 1025.9313 995.9654 1.5893 0.5802 0.8074 0.5353 5.2210 21.5041 1.3217 0.2539
Pedestrian -1 -1 2.0666 613.7505 884.9321 700.5692 1078.8967 1.5345 0.5576 0.5240 -2.6522 3.8647 13.0655 1.8850 0.1316
Pedestrian -1 -1 -1.8235 936.2596 839.4225 987.3428 946.4268 1.6770 0.6542 1.1031 0.0016 5.5695 26.5195 -1.8194 0.1124
Cyclist -1 -1 -1.7386 938.6859 838.1554 988.8492 949.0298 1.6889 0.6610 1.4492 0.0331 5.5781 26.5046 -1.7333 0.1849
Cyclist -1 -1 -1.6816 961.5755 861.5405 1016.4033 990.8426 1.6100 0.6607 1.2990 0.3923 5.1627 21.7745 -1.6613 0.1768
Cyclist -1 -1 -1.9165 981.0121 837.8239 1054.6313 949.7958 1.6501 0.5926 2.4354 1.0341 5.8212 28.0444 -1.8772 0.1177
Car -1 -1 -1.5408 791.4823 853.9331 940.6016 1030.6007 1.5199 1.8253 4.1568 -1.2127 4.9664 20.4050 -1.5932 0.6992
Car -1 -1 2.0335 0.0000 838.1021 184.1260 982.4152 1.5133 1.8863 4.3225 -14.6625 5.3064 24.4008 1.5219 0.1204
