Pedestrian -1 -1 1.8926 191.6635 712.5168 431.6366 1154.6647 1.6205 0.6770 0.6739 -2.5637 1.9904 5.9661 1.5395 0.8035
Pedestrian -1 -1 1.3299 1046.4974 854.9108 1094.9419 972.0378 1.6662 0.6044 0.6745 1.6905 5.2876 23.1617 1.4022 0.6021
Pedestrian -1 -1 1.5903 988.5919 865.4240 1025.5703 977.9926 1.6341 0.5663 0.6378 0.7226 5.4621 23.4667 1.6230 0.4691
Pedestrian -1 -1 1.3665 771.1431 854.3546 856.5797 1059.5356 1.7110 0.6740 0.6202 -1.3608 3.8808 13.7471 1.2771 0.3053
Cyclist -1 -1 -2.3064 1258.7645 813.5876 1458.9844 1068.0146 1.7852 0.7590 1.5793 3.3332 3.4936 12.6654 -2.0719 0.1833
Cyclist -1 -1 1.6311 963.1811 864.4830 1013.6085 991.6119 1.5750 0.6510 1.2076 0.4001 5.1238 21.5231 1.6518 0.1295
Cyclist -1 -1 -1.3454 1037.4059 860.9705 1091.0826 980.2706 1.6193 0.6121 1.0540 1.6076 5.3814 23.2389 -1.2767 0.1074
Car -1 -1 -1.5361 788.4055 852.5856 940.0861 1029.9717 1.5166 1.8517 4.2302 -1.2236 4.9456 20.3900 -1.5891 0.7733
Car -1 -1 2.0462 0.0000 841.2496 182.0068 987.7888 1.5021 1.8928 4.2473 -14.4228 5.2664 23.8611 1.5326 0.2466
Car -1 -1 -1.4811 852.8738 836.0541 976.3540 963.1059 1.5481 1.8935 4.4960 -0.7898 5.8551 28.1964 -1.5034 0.1784
