Pedestrian -1 -1 -0.3902 168.8158 657.8201 513.5079 1216.0000 1.7271 0.7157 0.8216 -1.9654 1.8434 4.7409 -0.7235 0.7641
Pedestrian -1 -1 -1.5599 991.5347 866.5803 1035.6974 993.2802 1.5927 0.6175 1.0760 0.7575 5.1497 21.4574 -1.5235 0.5879
Pedestrian -1 -1 1.2955 1059.9260 849.5270 1109.4287 972.0702 1.7514 0.6178 0.6072 1.8974 5.2661 23.0414 1.3765 0.5050
Pedestrian -1 -1 1.6695 801.8958 852.2708 880.0544 1055.5344 1.7303 0.6550 0.6005 -1.0968 3.8648 13.7300 1.5974 0.2183
Pedestrian -1 -1 -0.7348 493.0081 829.4203 621.6848 1066.6779 1.4358 0.6223 0.5803 -2.7469 2.8848 10.1803 -0.9729 0.1928
Pedestrian -1 -1 1.3023 958.0658 830.2361 1005.7060 933.5272 1.6652 0.6519 0.8179 0.3600 5.3673 26.4842 1.3191 0.1840
Pedestrian -1 -1 -1.4571 788.8839 799.3369 869.9027 1037.8271 1.9431 0.6344 0.5300 -1.1275 3.4757 12.8633 -1.5368 0.1818
Cyclist -1 -1 -1.6594 983.8605 866.6366 1037.2571 999.3288 1.5837 0.6340 1.6443 0.7022 5.2336 21.7412 -1.6257 0.3605
Car -1 -1 -1.5169 813.7446 849.4708 969.6116 1030.5376 1.5904 1.8435 4.0001 -0.8346 4.9198 20.1541 -1.5526 0.5718
Car -1 -1 -1.4923 882.6184 827.1729 1002.2305 951.8232 1.5587 1.8938 4.4191 -0.2720 5.7009 28.3509 -1.4972 0.3294
