Pedestrian -1 -1 -1.1082 0.0000 625.7317 373.9966 1216.0000 1.7525 0.7052 0.8689 -2.3609 1.7553 4.6343 -1.5072 0.5275
Pedestrian -1 -1 2.2243 0.0000 651.6506 148.8175 1182.6724 1.7010 0.6857 0.9640 -3.5589 1.8065 5.3703 1.7170 0.4397
Pedestrian -1 -1 1.5121 798.2272 847.1057 870.0276 1047.5631 1.6930 0.6269 0.6109 -1.1745 3.7859 13.7404 1.4348 0.2802
Pedestrian -1 -1 1.2416 940.8228 825.8102 990.5148 927.2385 1.6389 0.6760 0.7452 0.0737 5.2542 26.4494 1.2481 0.2092
Pedestrian -1 -1 2.7822 491.2675 832.3341 615.9575 1046.8979 1.2868 0.5950 0.6653 -2.7938 2.7673 10.2402 2.5410 0.1038
Cyclist -1 -1 -1.6551 975.1894 859.1814 1029.9203 993.2633 1.5832 0.6492 1.6919 0.5794 5.0921 21.5353 -1.6266 0.2771
Cyclist -1 -1 0.8403 0.0000 635.6654 52.6139 1174.1062 1.6780 0.7701 1.5523 -4.1467 1.7199 5.2537 0.2582 0.1381
Cyclist -1 -1 -2.3285 0.0000 629.6794 394.0130 1216.0000 1.7591 0.7481 1.1602 -2.4702 1.7756 4.5995 -2.7454 0.1283
Cyclist -1 -1 -1.8913 984.2071 839.1862 1056.7933 952.6865 1.6443 0.6242 2.3615 1.0635 5.7593 27.4967 -1.8503 0.1275
Car -1 -1 -1.4922 1054.0276 837.3985 1174.3341 973.8472 1.5989 1.7881 3.9808 2.7557 5.6294 26.2445 -1.3889 0.1399
Car -1 -1 2.2025 18.6260 829.4900 297.8959 968.6661 1.4779 1.8663 4.1945 -13.0579 5.1547 24.6497 1.7424 0.1120
