Pedestrian -1 -1 -0.2953 492.1223 687.5924 795.8702 1216.0000 1.7050 0.7216 0.8394 -1.0825 1.9379 5.0421 -0.4798 0.8718
Pedestrian -1 -1 1.4333 1290.5653 825.6878 1329.6958 920.5924 1.6544 0.6326 0.5412 6.4391 5.4026 27.6197 1.6558 0.4721
Pedestrian -1 -1 1.4927 1326.3783 825.8723 1366.5344 921.5140 1.6462 0.6670 0.6451 7.1250 5.4166 27.6821 1.7372 0.3945
Pedestrian -1 -1 1.2031 1099.2568 851.7010 1150.8380 975.1517 1.7404 0.6022 0.6110 2.4961 5.2588 22.8264 1.3092 0.3337
Pedestrian -1 -1 1.6030 1044.9688 858.2984 1084.3036 973.9354 1.6542 0.5900 0.7244 1.6188 5.3605 23.3573 1.6719 0.2358
Pedestrian -1 -1 1.5126 1252.4761 823.4476 1287.4207 918.5678 1.6618 0.6011 0.6014 5.7515 5.4090 27.8838 1.7107 0.1992
Pedestrian -1 -1 1.5042 1027.4067 860.5309 1072.7216 989.9273 1.6569 0.5834 0.8758 1.2517 5.0655 21.1925 1.5627 0.1841
Pedestrian -1 -1 1.5456 851.1755 854.4843 924.0781 1055.1243 1.6795 0.6464 0.5958 -0.6739 3.8119 13.5699 1.5008 0.1388
Cyclist -1 -1 -1.7910 1018.3364 848.8116 1085.2474 981.7676 1.6159 0.6744 1.3333 1.2749 4.9096 21.2857 -1.7317 0.1357
Car -1 -1 -1.6067 862.0585 855.7070 1017.4891 1040.3699 1.5528 1.8816 4.2899 -0.3642 5.0140 20.2366 -1.6205 0.6595
