Pedestrian -1 -1 -0.0097 780.7186 699.9519 1054.0370 1216.0000 1.7475 0.7498 0.8942 -0.1589 2.0318 5.2687 -0.0457 0.8535
Pedestrian -1 -1 2.0467 1089.0040 863.9104 1141.9229 985.9079 1.7053 0.5890 0.6242 2.3712 5.4458 22.9809 2.1472 0.5096
Pedestrian -1 -1 -1.4228 629.3206 820.5406 655.7509 881.6365 1.6546 0.6631 0.4963 -9.0468 7.2437 42.4573 -1.6202 0.3757
Pedestrian -1 -1 1.2846 1148.8240 851.5837 1200.5027 981.5051 1.8056 0.5994 0.6803 3.2047 5.2731 22.4942 1.4213 0.2451
Pedestrian -1 -1 1.0498 1062.5935 863.9127 1139.6331 1000.6931 1.6713 0.6378 1.0508 1.9565 5.1281 21.0178 1.1400 0.2123
Pedestrian -1 -1 0.9852 1221.1044 842.9055 1290.7252 963.2197 1.7362 0.7772 0.8086 4.7235 5.3113 24.0004 1.1727 0.1285
Pedestrian -1 -1 2.1526 705.6807 862.7300 809.0230 1071.9678 1.5964 0.6295 0.6331 -1.7398 3.6986 12.7953 2.0300 0.1230
Pedestrian -1 -1 2.8933 583.6578 873.2941 693.1283 1096.6887 1.2996 0.5952 0.5948 -2.1592 3.0226 9.9768 2.7012 0.1086
Pedestrian -1 -1 1.3848 1124.5907 867.1429 1174.4375 991.2505 1.6624 0.6035 0.6744 2.7360 5.2477 21.7775 1.5056 0.1048
Pedestrian -1 -1 1.1939 1042.0881 843.2647 1089.0605 945.7791 1.6239 0.5885 0.7247 1.8075 5.4800 25.9737 1.2637 0.1032
Cyclist -1 -1 -1.8373 1071.4292 820.3873 1151.0901 940.8111 1.6327 0.6095 3.2260 2.6916 5.4089 27.2459 -1.7396 0.1318
Cyclist -1 -1 1.0099 1056.7230 859.7719 1145.0669 1000.3443 1.6970 0.6894 1.2339 1.9602 5.1250 21.1200 1.0999 0.1162
