Pedestrian -1 -1 -0.2630 651.3038 661.3096 888.1218 1216.0000 1.8010 0.7236 0.6492 -0.6778 1.9377 5.1588 -0.3816 0.7637
Pedestrian -1 -1 1.3315 1119.2765 858.6283 1168.4569 977.7678 1.6734 0.6083 0.6291 2.7700 5.2796 22.7240 1.4493 0.4920
Pedestrian -1 -1 1.2529 858.1686 848.0540 950.8988 1056.9783 1.7048 0.6782 0.6138 -0.5165 3.7759 13.4736 1.2184 0.4820
Pedestrian -1 -1 1.4678 1317.4536 826.7918 1353.1357 919.1261 1.5814 0.5723 0.5942 6.8490 5.3255 27.4006 1.7055 0.4305
Pedestrian -1 -1 1.6098 1348.7906 824.7429 1385.6256 918.6859 1.5996 0.6359 0.6537 7.4928 5.3412 27.5935 1.8669 0.2917
Pedestrian -1 -1 -1.6272 1051.2189 866.8094 1095.5116 996.7109 1.6532 0.5738 0.8617 1.5744 5.1354 21.0905 -1.5541 0.1547
Pedestrian -1 -1 -1.5695 824.8021 817.6262 906.4808 1047.7356 1.8396 0.6819 0.6010 -0.8165 3.5317 12.8099 -1.6276 0.1338
Cyclist -1 -1 -1.7697 1031.5680 858.3329 1093.9004 992.0922 1.6178 0.6294 1.3435 1.4297 5.0475 21.2644 -1.7035 0.1667
Cyclist -1 -1 1.1015 991.7164 843.6321 1078.5281 964.5243 1.7266 0.7097 1.9552 1.2696 5.7031 26.1496 1.1516 0.1596
Car -1 -1 -1.6137 871.6367 859.8122 1025.4136 1044.4688 1.5470 1.8509 4.1599 -0.2587 5.0321 20.0608 -1.6227 0.7596
