Pedestrian -1 -1 -0.3198 1164.2994 703.6224 1436.0597 1216.0000 1.7817 0.7211 0.7730 1.2286 2.0952 5.5412 -0.1488 0.8310
Pedestrian -1 -1 1.4631 935.6121 834.9772 1016.6364 1038.6271 1.6661 0.6553 0.6407 0.1244 3.5852 13.3103 1.4717 0.3436
Pedestrian -1 -1 -1.5940 665.8754 818.6614 688.7338 878.4663 1.6082 0.6326 0.4966 -8.0720 7.1548 42.5026 -1.7699 0.2799
Pedestrian -1 -1 0.8675 1244.7812 847.3659 1319.2354 967.7615 1.6953 0.7945 0.8448 5.0771 5.3035 23.6934 1.0707 0.1924
Pedestrian -1 -1 1.5311 1391.9473 819.1323 1426.2078 916.9127 1.6562 0.5662 0.5574 8.0849 5.2087 27.0130 1.8126 0.1331
Pedestrian -1 -1 -0.2068 750.9233 902.4297 824.8585 1100.6309 1.4720 0.5667 0.5097 -1.4456 3.8430 12.4282 -0.3115 0.1202
Pedestrian -1 -1 -1.2074 1832.8545 759.9760 1936.0000 1047.6664 1.6652 0.6823 0.5859 6.0396 2.5664 9.5277 -0.6956 0.1025
Cyclist -1 -1 1.5478 1110.4648 866.8719 1163.5533 1004.9418 1.6338 0.6999 1.3777 2.4466 5.1362 20.9280 1.6601 0.1024
Car -1 -1 -1.6443 938.3264 859.2448 1097.7324 1040.5502 1.5445 1.8233 3.9557 0.6540 4.9869 19.9551 -1.6107 0.2379
Car -1 -1 -0.8729 0.0000 620.3343 152.6570 1216.0000 1.5248 1.7991 4.2074 -4.5690 1.5172 4.6253 -1.5513 0.1732
