Pedestrian -1 -1 -0.6301 1319.5128 751.4330 1608.4523 1216.0000 1.6885 0.6818 0.7741 1.8755 2.2037 5.6303 -0.3705 0.9045
Pedestrian -1 -1 1.4944 938.7037 845.7823 1014.4508 1048.2870 1.6543 0.6259 0.6490 0.1286 3.6718 13.3140 1.5033 0.4709
Pedestrian -1 -1 -1.5267 667.0893 821.9813 690.3714 880.9741 1.5927 0.6245 0.4766 -8.0282 7.2307 42.5037 -1.7016 0.1978
Pedestrian -1 -1 1.0045 1185.4545 855.4819 1250.7982 982.3034 1.6934 0.6337 0.7821 3.8098 5.1928 22.2118 1.1679 0.1952
Pedestrian -1 -1 1.2453 1383.8350 817.5670 1427.0969 916.3034 1.6939 0.6098 0.5270 8.0206 5.2101 27.0151 1.5247 0.1892
Pedestrian -1 -1 1.4275 1423.5868 816.7897 1465.5507 911.5229 1.6003 0.6366 0.6043 8.7284 5.1126 27.0236 1.7298 0.1785
Pedestrian -1 -1 1.1909 1071.3077 838.0433 1121.5847 942.0050 1.6481 0.6606 0.6785 2.3325 5.3919 25.8475 1.2801 0.1443
Pedestrian -1 -1 0.9736 1107.2228 858.2424 1179.9750 988.4362 1.6024 0.6111 0.8896 2.5373 4.9412 20.8620 1.0902 0.1173
Pedestrian -1 -1 -1.1992 1833.1691 752.5994 1936.0000 1038.2686 1.6536 0.6795 0.6211 6.0485 2.5064 9.5269 -0.6864 0.1026
Cyclist -1 -1 0.9348 1084.7456 865.5015 1189.2484 1005.2151 1.6153 0.6797 1.5238 2.4478 5.1237 20.9769 1.0469 0.1904
Cyclist -1 -1 -2.9562 1191.5026 842.5569 1345.8788 976.4391 1.8191 0.9076 2.2946 4.9177 5.4246 23.9239 -2.7608 0.1549
Car -1 -1 -1.6453 927.1573 862.8079 1090.0598 1044.6005 1.5096 1.8423 3.9585 0.5191 4.9693 19.7267 -1.6178 0.5061
Car -1 -1 -0.8549 0.0000 626.5324 147.7278 1216.0000 1.5235 1.8021 4.2366 -4.5846 1.5308 4.5630 -1.5402 0.1860
Car -1 -1 2.0214 247.1373 837.1769 479.4512 977.6099 1.5060 1.8244 4.3363 -9.8675 5.3850 25.0790 1.6693 0.1041
