Pedestrian -1 -1 -0.8815 1386.2512 731.1405 1655.4226 1216.0000 1.7152 0.6722 0.6995 2.1095 2.1509 5.6580 -0.5909 0.8761
Pedestrian -1 -1 1.5467 942.7057 848.6622 1015.4399 1046.8942 1.6285 0.6327 0.6399 0.1511 3.6733 13.3417 1.5571 0.5935
Pedestrian -1 -1 1.2272 1177.9961 858.2587 1241.7837 988.4808 1.7236 0.6489 0.9457 3.6818 5.2694 22.1982 1.3853 0.3181
Pedestrian -1 -1 -1.5960 667.7559 823.3542 690.9363 882.7225 1.5923 0.6406 0.5029 -8.0121 7.2725 42.4924 -1.7705 0.1472
Pedestrian -1 -1 1.4366 829.1464 863.8791 907.8218 1068.3989 1.7000 0.6457 0.5478 -0.8451 3.9152 13.5321 1.3803 0.1343
Pedestrian -1 -1 1.0324 1107.9255 856.8110 1178.0635 989.1765 1.6393 0.6135 0.8630 2.5285 4.9547 20.8595 1.1486 0.1322
Pedestrian -1 -1 1.0367 1068.6869 838.8705 1127.6016 947.8091 1.6922 0.6660 0.8661 2.3621 5.4689 25.8615 1.1270 0.1152
Pedestrian -1 -1 -1.2673 1835.0122 760.0054 1936.0000 1047.1940 1.6560 0.6852 0.6291 6.0494 2.5587 9.5259 -0.7546 0.1136
Pedestrian -1 -1 -1.5479 905.0886 812.7883 985.6300 1046.2382 1.8455 0.6620 0.5652 -0.1271 3.4611 12.5713 -1.5575 0.1133
Cyclist -1 -1 -2.1830 1082.3385 862.7976 1191.9449 1007.2646 1.6551 0.7034 1.6442 2.4440 5.1301 20.9544 -2.0710 0.2444
Cyclist -1 -1 1.2641 1175.8298 858.2487 1244.4255 989.3784 1.6999 0.6829 1.1532 3.6850 5.2633 22.2162 1.4222 0.1288
Cyclist -1 -1 -2.6168 1184.0171 837.5645 1324.3914 973.5863 1.7982 0.9511 1.9967 4.6769 5.3475 23.9460 -2.4307 0.1193
Car -1 -1 -1.6669 921.1692 862.1143 1091.4326 1044.4272 1.5078 1.8593 3.9864 0.4857 4.9690 19.7661 -1.6411 0.4831
Car -1 -1 -0.8719 0.0000 631.3501 148.9228 1216.0000 1.5242 1.8108 4.2353 -4.5821 1.5533 4.5995 -1.5535 0.2328
