Pedestrian -1 -1 1.6148 1129.0764 868.3378 1171.2587 986.7869 1.6594 0.6128 0.6242 2.8812 5.4263 22.7818 1.7369 0.5688
Pedestrian -1 -1 1.6029 1184.9720 865.1248 1228.0286 989.8553 1.6821 0.6137 0.7851 3.6644 5.3384 22.3180 1.7596 0.5302
Pedestrian -1 -1 -1.6646 1635.2056 735.3277 1882.6139 1216.0000 1.7120 0.6718 0.8364 2.9257 2.1597 5.5628 -1.2627 0.4913
Pedestrian -1 -1 1.5442 945.8779 839.4630 1018.6357 1043.7052 1.6853 0.6300 0.6103 0.1793 3.6379 13.2998 1.5566 0.3793
Pedestrian -1 -1 -1.5080 666.9698 821.6478 689.1670 878.4813 1.5376 0.5877 0.4520 -8.0467 7.1632 42.5009 -1.6833 0.1656
Pedestrian -1 -1 0.9731 1107.3831 858.5534 1179.7841 989.7078 1.6179 0.6142 0.8769 2.5382 4.9616 20.8697 1.0898 0.1378
Pedestrian -1 -1 -0.5696 744.3839 924.7389 834.8846 1138.2096 1.5630 0.5562 0.5323 -1.4258 4.1280 12.4096 -0.6723 0.1289
Pedestrian -1 -1 2.4315 836.9250 858.7158 924.5322 1063.0925 1.6889 0.6120 0.5307 -0.7384 3.8925 13.6889 2.3829 0.1120
Cyclist -1 -1 0.9152 1082.8552 866.3733 1193.1416 1010.1063 1.6516 0.6985 1.6033 2.4586 5.1765 20.9630 1.0279 0.2116
Cyclist -1 -1 -3.0637 1609.9688 707.9573 1936.0000 1216.0000 1.7861 0.8008 1.5886 3.2457 2.1264 5.3797 -2.6114 0.1364
Cyclist -1 -1 -2.7278 1201.2189 831.0363 1337.1687 963.3336 1.7795 0.9494 1.9153 4.9289 5.2132 23.9733 -2.5323 0.1243
Cyclist -1 -1 1.2396 1177.3016 858.3145 1238.5234 987.4206 1.7339 0.6556 0.8490 3.6665 5.2850 22.2764 1.3966 0.1100
Car -1 -1 -1.6415 926.4628 866.6516 1089.8123 1049.2987 1.5061 1.8610 3.9747 0.5118 5.0217 19.7210 -1.6143 0.3970
Car -1 -1 -2.8860 407.8572 787.2116 709.5329 887.6355 1.5029 1.8786 4.8280 -7.0340 4.4809 26.4710 -3.1303 0.1217
