Pedestrian -1 -1 -1.2174 1516.7223 719.3382 1778.9486 1216.0000 1.7575 0.7122 0.7888 2.6043 2.1485 5.6598 -0.8614 0.7927
Pedestrian -1 -1 1.3788 946.2579 843.6190 1029.2704 1048.3503 1.6585 0.6244 0.6465 0.2280 3.6559 13.2842 1.3946 0.4048
Pedestrian -1 -1 1.2787 1178.7292 858.6337 1239.5428 987.8613 1.7261 0.6597 0.8843 3.6718 5.2715 22.2018 1.4364 0.3021
Pedestrian -1 -1 1.0226 1109.2762 856.1174 1179.2131 986.4863 1.6150 0.6085 0.8596 2.5485 4.9234 20.8797 1.1397 0.1656
Pedestrian -1 -1 1.9190 826.6957 861.8106 915.6911 1067.8135 1.7092 0.6682 0.5111 -0.8109 3.9075 13.5348 1.8650 0.1464
Cyclist -1 -1 0.9401 1084.4922 862.9233 1191.6893 1005.2835 1.6422 0.6954 1.5709 2.4603 5.1148 20.9629 1.0528 0.2066
Cyclist -1 -1 1.2787 1178.7292 858.6337 1239.5428 987.8613 1.7261 0.6597 0.8843 3.6718 5.2715 22.2018 1.4364 0.1444
Cyclist -1 -1 -2.6265 1182.6740 831.8276 1323.9193 968.7902 1.8189 0.9863 1.9930 4.6662 5.2754 23.9602 -2.4409 0.1112
Car -1 -1 -1.6409 941.9835 852.2833 1100.8885 1030.4407 1.5117 1.8193 3.9996 0.6961 4.8463 19.9010 -1.6053 0.4417
Car -1 -1 1.9908 286.2573 822.9964 464.9645 931.8766 1.5559 1.8745 4.1889 -12.1629 5.9964 31.3664 1.6409 0.1393
Car -1 -1 -0.8695 0.0000 627.7258 153.4315 1216.0000 1.5257 1.8007 4.2113 -4.5747 1.5385 4.6289 -1.5480 0.1325
