Pedestrian -1 -1 1.7716 1127.4797 861.2993 1175.5029 981.2938 1.6737 0.6171 0.6166 2.9017 5.3378 22.7881 1.8944 0.5629
Pedestrian -1 -1 1.7655 1184.3149 860.6390 1232.6987 984.1953 1.6783 0.5946 0.6946 3.7032 5.2735 22.3777 1.9233 0.4432
Pedestrian -1 -1 1.4377 945.1470 853.3795 1025.6764 1056.8773 1.6518 0.6359 0.6298 0.2069 3.7336 13.2755 1.4520 0.4196
Pedestrian -1 -1 0.9916 1108.5958 852.8964 1178.9886 984.7999 1.6403 0.6192 0.8319 2.5419 4.9003 20.8719 1.1083 0.2052
Pedestrian -1 -1 1.3067 1075.2751 843.4962 1122.6632 948.0392 1.6493 0.6355 0.7722 2.3747 5.4911 25.8470 1.3975 0.1628
Pedestrian -1 -1 -0.6351 739.0938 918.1755 835.1171 1134.1990 1.5749 0.5598 0.5703 -1.4428 4.0819 12.3847 -0.7394 0.1431
Pedestrian -1 -1 -1.2708 1834.0232 711.1825 1936.0000 1012.8516 1.7864 0.6975 0.5122 6.0327 2.3611 9.5307 -0.7589 0.1191
Cyclist -1 -1 2.5984 1492.2700 608.5395 1936.0000 1216.0000 1.8436 0.8114 2.0012 2.5846 1.8046 4.0564 3.0476 0.4105
Cyclist -1 -1 1.0622 1090.2168 859.7879 1186.2910 1001.1113 1.6436 0.6910 1.4959 2.4618 5.0640 20.9530 1.1750 0.2517
Car -1 -1 -1.6754 936.7210 855.8511 1105.7402 1037.2227 1.5250 1.8236 4.0583 0.6902 4.9327 19.9779 -1.6402 0.3882
Car -1 -1 -0.8683 0.0000 625.8250 157.6830 1216.0000 1.5082 1.7937 4.1731 -4.5683 1.5124 4.6654 -1.5433 0.2191
Car -1 -1 2.0176 0.0000 747.0420 332.5942 930.6286 1.6774 2.0685 5.0623 -10.3116 3.4848 19.5867 1.5610 0.1139
