Pedestrian -1 -1 1.7921 1127.6063 865.4244 1178.6753 986.1158 1.6495 0.6174 0.7851 2.9299 5.3931 22.8014 1.9160 0.3123
Pedestrian -1 -1 1.3814 943.1083 852.2304 1023.8306 1053.4520 1.6278 0.6077 0.6359 0.1903 3.7040 13.2917 1.3946 0.2264
Pedestrian -1 -1 1.0678 1111.2883 854.2683 1180.2827 986.7465 1.6458 0.6108 0.8694 2.5706 4.9291 20.8887 1.1858 0.2213
Pedestrian -1 -1 1.9434 1181.1100 869.4055 1236.7518 990.9387 1.6203 0.5767 0.7902 3.7104 5.3596 22.3833 2.1015 0.1692
Pedestrian -1 -1 1.5277 1823.5181 712.2140 1936.0000 1216.0000 1.7103 0.6461 1.0811 3.5152 2.0602 5.3660 2.0142 0.1238
Pedestrian -1 -1 -1.3641 731.0878 824.8997 754.0021 880.4800 1.7161 0.6206 0.6308 -7.1553 8.3060 48.9367 -1.4989 0.1033
Cyclist -1 -1 2.7371 1414.3303 657.6272 1936.0000 1216.0000 1.7547 0.8461 1.7237 2.2281 1.8535 4.0792 3.1271 0.3615
Cyclist -1 -1 1.3186 1796.4930 720.8860 1936.0000 1216.0000 1.7417 0.7102 1.5720 3.5040 2.1268 5.1516 1.8171 0.1633
Cyclist -1 -1 1.1220 1094.3062 859.7995 1181.5863 1000.3973 1.6621 0.6936 1.3461 2.4580 5.0682 20.9344 1.2348 0.1431
Cyclist -1 -1 -2.5749 1204.6122 834.3528 1336.6141 968.1460 1.7804 0.9617 1.8418 4.9446 5.2749 23.9656 -2.3787 0.1375
Car -1 -1 -1.6984 918.4305 864.3671 1100.3507 1050.6963 1.5211 1.8813 4.0414 0.5180 5.0162 19.7221 -1.6709 0.4125
Car -1 -1 -0.8672 0.0000 622.1202 151.9766 1216.0000 1.5298 1.7994 4.2086 -4.5744 1.5252 4.6159 -1.5469 0.1539
