Pedestrian -1 -1 -0.5528 1407.3530 724.7773 1723.4067 1216.0000 1.7583 0.7352 0.8333 2.2531 2.1658 5.6447 -0.2424 0.8191
Pedestrian -1 -1 1.3100 1180.9048 859.4026 1238.1945 987.2215 1.7216 0.6459 0.8168 3.6774 5.2707 22.1937 1.4680 0.4328
Pedestrian -1 -1 1.4972 945.5779 842.2874 1020.8126 1045.4502 1.6516 0.6187 0.6812 0.1866 3.6347 13.2834 1.5101 0.4079
Pedestrian -1 -1 0.9843 1109.0900 861.0390 1179.5680 990.8265 1.6038 0.5995 0.8600 2.5510 4.9841 20.8877 1.1014 0.1415
Pedestrian -1 -1 2.4267 836.4187 857.1434 922.7701 1050.0454 1.5920 0.6337 0.4975 -0.7503 3.7832 13.7082 2.3773 0.1262
Cyclist -1 -1 0.9732 1086.8191 866.6890 1188.1176 1008.0248 1.6371 0.6780 1.5022 2.4522 5.1587 20.9585 1.0856 0.1803
Cyclist -1 -1 1.3100 1180.9048 859.4026 1238.1945 987.2215 1.7216 0.6459 0.8168 3.6774 5.2707 22.1937 1.4680 0.1022
Car -1 -1 -1.6580 925.8258 866.5258 1093.2903 1049.6544 1.5134 1.8544 3.9411 0.5295 5.0259 19.7168 -1.6300 0.4107
Car -1 -1 -0.8790 0.0000 629.3920 164.8909 1216.0000 1.5175 1.8060 4.1705 -4.5661 1.5380 4.7270 -1.5484 0.2826
Car -1 -1 1.9454 299.9516 822.9348 468.1030 930.4148 1.5533 1.8152 4.2829 -12.1423 6.0468 31.7651 1.6001 0.2577
Car -1 -1 2.0357 0.0000 752.2446 293.6638 938.7424 1.6838 2.0469 4.9447 -10.7537 3.5458 19.3806 1.5583 0.1160
