Pedestrian -1 -1 -1.8563 1585.8607 730.1358 1871.1525 1216.0000 1.7135 0.6923 0.8360 2.8246 2.1385 5.5895 -1.4686 0.8597
Pedestrian -1 -1 1.2146 1178.4758 854.7414 1238.0405 983.2718 1.7404 0.6472 0.7582 3.6676 5.2262 22.2438 1.3718 0.5441
Pedestrian -1 -1 1.4058 941.5668 846.0740 1024.2327 1050.3500 1.6602 0.6386 0.6357 0.1850 3.6811 13.3016 1.4186 0.5412
Pedestrian -1 -1 1.1279 1069.0074 836.6376 1124.3750 943.5627 1.6772 0.6871 0.7746 2.3363 5.4056 25.8502 1.2173 0.1850
Pedestrian -1 -1 2.0000 835.4645 857.3193 918.1511 1066.8901 1.7615 0.6001 0.4997 -0.7690 3.9400 13.6740 1.9495 0.1698
Pedestrian -1 -1 1.0584 1107.9950 854.6370 1178.8658 988.5267 1.6563 0.6182 0.8985 2.5346 4.9438 20.8655 1.1748 0.1367
Cyclist -1 -1 0.9720 1083.6986 862.1423 1190.8707 1006.1121 1.6553 0.7057 1.6025 2.4457 5.1166 20.9450 1.0842 0.2224
Cyclist -1 -1 -1.8563 1585.8607 730.1358 1871.1525 1216.0000 1.7135 0.6923 0.8360 2.8246 2.1385 5.5895 -1.4686 0.1234
Car -1 -1 -1.6701 921.0497 863.4633 1091.9624 1047.1536 1.5190 1.8534 3.9671 0.4875 4.9925 19.7274 -1.6441 0.4491
Car -1 -1 -0.8408 0.0000 612.4454 157.4293 1216.0000 1.4693 1.7806 4.2127 -4.5933 1.4485 4.6381 -1.5215 0.4111
