Pedestrian -1 -1 1.7475 1133.0841 866.7936 1179.6421 987.8387 1.6901 0.6092 0.5948 2.9711 5.4309 22.7521 1.8733 0.4906
Pedestrian -1 -1 1.6124 1190.3954 864.3932 1231.9496 987.4196 1.6765 0.5880 0.7027 3.7390 5.3207 22.3516 1.7719 0.4144
Pedestrian -1 -1 0.9951 1112.0803 862.4428 1182.5100 994.8826 1.6360 0.5993 0.8636 2.5884 5.0315 20.8568 1.1140 0.3034
Pedestrian -1 -1 1.3691 942.3579 845.8147 1024.5632 1049.0623 1.6537 0.6191 0.6240 0.1909 3.6759 13.3244 1.3823 0.2700
Pedestrian -1 -1 2.1165 671.3373 826.4717 697.1503 883.2802 1.5188 0.5756 0.4400 -7.8706 7.2882 42.4923 1.9451 0.1329
Cyclist -1 -1 -0.1125 1233.5620 640.3914 1936.0000 1216.0000 1.7603 0.8566 1.8798 1.6960 1.8084 4.0471 0.1889 0.4771
Cyclist -1 -1 1.0165 1089.7852 864.1942 1189.3491 1007.2727 1.6610 0.7041 1.4825 2.4776 5.1408 20.9264 1.1302 0.2089
Car -1 -1 -1.6759 938.5640 858.7085 1109.6981 1042.9298 1.5371 1.8367 4.0676 0.7231 4.9722 19.8792 -1.6390 0.3664
Car -1 -1 -0.8714 0.0000 629.0335 160.6688 1216.0000 1.5236 1.8035 4.1759 -4.5670 1.5424 4.6815 -1.5447 0.2323
Car -1 -1 2.0119 0.0000 747.8190 333.8960 932.5955 1.6786 2.0710 5.1148 -10.2912 3.4996 19.5810 1.5560 0.1118
