Pedestrian -1 -1 -1.3756 676.4611 832.5646 699.6780 889.1977 1.5347 0.5678 0.4525 -7.7577 7.4653 42.4739 -1.5445 0.2073
Pedestrian -1 -1 1.4070 943.3467 861.3884 1024.6213 1068.1000 1.6762 0.6296 0.6089 0.1946 3.8300 13.2712 1.4207 0.1657
Pedestrian -1 -1 -2.2822 1107.5881 858.0852 1189.5409 991.1413 1.6200 0.6131 1.0263 2.6101 4.9715 20.8967 -2.1626 0.1645
Pedestrian -1 -1 1.0688 1184.4591 864.3790 1242.5583 988.4472 1.6764 0.5739 0.7285 3.7636 5.3246 22.3422 1.2294 0.1319
Pedestrian -1 -1 -1.1389 1841.0221 772.8721 1936.0000 1058.5619 1.6420 0.6638 0.5610 6.0589 2.6227 9.4773 -0.6239 0.1284
Pedestrian -1 -1 -0.8272 738.6625 919.0374 830.1025 1135.0631 1.5562 0.5588 0.4791 -1.4315 4.0085 12.1092 -0.9330 0.1090
Cyclist -1 -1 -0.0456 994.3174 636.4825 1783.6122 1216.0000 1.7455 0.8098 1.8598 1.0607 1.7809 4.0313 0.1409 0.4658
Cyclist -1 -1 1.1744 1105.2079 853.4540 1191.9410 991.1201 1.5934 0.6449 1.5634 2.6033 4.9221 20.9393 1.2935 0.1869
Cyclist -1 -1 1.0708 1171.2369 862.2618 1250.3695 991.7579 1.6570 0.6506 1.2317 3.7171 5.3142 22.3519 1.2294 0.1396
Cyclist -1 -1 -1.8016 1082.2137 849.0126 1144.0747 967.7786 1.7173 0.6881 1.7207 2.6146 5.7349 25.9105 -1.7023 0.1272
Car -1 -1 -1.6103 961.2182 854.3246 1118.7849 1037.3479 1.5350 1.8835 4.2391 0.9585 4.9300 20.0026 -1.5626 0.5951
Car -1 -1 -0.8829 0.0000 641.9850 170.9602 1216.0000 1.5199 1.8127 4.2141 -4.5701 1.5986 4.7601 -1.5493 0.1724
Car -1 -1 1.9702 266.5296 828.7094 494.4621 970.1710 1.5377 1.8850 4.4826 -9.6004 5.2775 25.1492 1.6277 0.1090
