Pedestrian -1 -1 1.2403 1220.2390 857.1805 1279.3342 981.1014 1.6702 0.6386 0.7820 4.2793 5.1883 22.2160 1.4229 0.6628
Pedestrian -1 -1 1.3536 1166.7684 863.0112 1217.7598 983.8183 1.6874 0.6282 0.6879 3.4996 5.3587 22.6924 1.5012 0.3579
Pedestrian -1 -1 1.2394 978.2731 860.5897 1066.8492 1066.4302 1.6499 0.6276 0.5700 0.5349 3.7850 13.1835 1.2764 0.3312
Pedestrian -1 -1 -1.0992 1835.9952 780.4954 1936.0000 1062.0704 1.6209 0.6541 0.5745 6.0532 2.6560 9.5170 -0.5863 0.1400
Pedestrian -1 -1 1.3844 1120.4175 850.8711 1162.8738 953.6893 1.6373 0.6136 0.6413 3.0900 5.5654 25.6544 1.5020 0.1397
Pedestrian -1 -1 -1.3403 898.4292 908.9903 981.3380 1146.6422 1.6610 0.5359 0.4977 -0.1590 3.8976 11.4723 -1.3531 0.1193
Cyclist -1 -1 -2.9977 429.8864 588.9280 1202.5874 1216.0000 1.8015 0.7715 1.8735 -0.3402 1.7164 3.9829 -3.0806 0.3688
Cyclist -1 -1 -1.8853 1130.7164 863.7390 1214.0662 1008.0991 1.6412 0.6418 1.7268 2.9298 5.1255 20.9097 -1.7516 0.2305
Cyclist -1 -1 -2.6483 1249.2607 838.7668 1379.5597 973.1497 1.7759 0.9156 1.7851 5.5760 5.2923 23.6575 -2.4258 0.1371
Cyclist -1 -1 -2.1336 1153.3536 850.8296 1247.3079 967.3961 1.6674 0.5811 2.1866 4.2638 5.8925 26.8472 -1.9799 0.1126
Car -1 -1 -1.6659 969.4102 859.0181 1139.5538 1041.8080 1.5019 1.8326 4.1120 1.1151 4.9186 19.7336 -1.6103 0.7045
