Pedestrian -1 -1 1.4753 1118.8860 860.0739 1158.1798 963.0378 1.6314 0.6049 0.6820 3.0329 5.7159 25.6261 1.5909 0.2040
Pedestrian -1 -1 1.2207 1133.9379 865.1345 1210.2653 1004.0059 1.6313 0.6296 1.3103 2.9067 5.0737 20.7217 1.3544 0.1649
Pedestrian -1 -1 1.3229 1305.3561 842.0758 1359.4141 948.6406 1.5711 0.6979 0.6006 5.8506 5.0424 23.5976 1.5565 0.1635
Pedestrian -1 -1 1.0331 1198.2926 861.9882 1267.1532 989.9434 1.6863 0.6241 0.9144 4.0301 5.2980 22.2426 1.2053 0.1532
Pedestrian -1 -1 -1.1071 1830.7032 773.5091 1936.0000 1060.8328 1.6583 0.6691 0.5846 6.0349 2.6490 9.5284 -0.5959 0.1244
Pedestrian -1 -1 -0.6703 333.2472 783.7631 376.0054 854.8956 1.6542 0.7121 0.7037 -15.1795 5.6813 37.4239 -1.0381 0.1066
Pedestrian -1 -1 -3.4009 1398.4846 857.6699 1448.6790 980.7298 1.7076 0.5609 0.5799 6.8365 5.1971 22.1301 -3.1147 0.1060
Cyclist -1 -1 0.1460 528.3345 621.6006 1255.8599 1216.0000 1.7351 0.7894 1.7913 -0.1510 1.7273 4.0393 0.1004 0.3680
Cyclist -1 -1 1.3183 1132.1598 858.3373 1208.9528 998.4526 1.6113 0.6663 1.6318 2.9021 5.0031 20.8790 1.4510 0.3032
Cyclist -1 -1 1.0214 1199.9866 859.8460 1288.3376 995.2354 1.7034 0.6656 1.3689 4.1855 5.3115 22.2068 1.2002 0.1129
Car -1 -1 -1.6674 968.7061 862.0818 1139.9733 1046.2876 1.5103 1.8409 4.0953 1.1117 4.9671 19.7114 -1.6119 0.6597
