Pedestrian -1 -1 1.6044 1132.8828 865.3544 1174.7917 983.7930 1.6645 0.6152 0.6048 2.9358 5.3819 22.7727 1.7287 0.6400
Pedestrian -1 -1 1.5742 1189.2444 861.4698 1231.2850 985.1957 1.7001 0.6113 0.6667 3.7235 5.2993 22.3735 1.7330 0.6348
Pedestrian -1 -1 1.0159 1112.8540 856.2926 1181.2423 990.4787 1.6717 0.6065 0.8132 2.5834 4.9733 20.8405 1.1346 0.3571
Pedestrian -1 -1 1.4092 947.4858 859.6721 1028.3359 1062.1707 1.6399 0.6251 0.6226 0.2295 3.7808 13.2838 1.4252 0.2040
Pedestrian -1 -1 0.5624 1257.3231 848.8048 1334.4866 969.3260 1.6842 0.7704 0.9282 5.3079 5.3265 23.7266 0.7742 0.1119
Cyclist -1 -1 -0.2358 1328.2949 638.0254 1936.0000 1216.0000 1.7943 0.8629 1.9616 2.0490 1.8347 4.0539 0.1260 0.3807
Cyclist -1 -1 1.0885 1094.5023 865.6977 1183.7610 1006.2432 1.6540 0.6908 1.3459 2.4742 5.1453 20.9296 1.2020 0.1742
Car -1 -1 -1.6831 934.4395 857.1956 1106.8148 1039.8628 1.5241 1.8310 4.0774 0.6780 4.9470 19.9316 -1.6484 0.3644
Car -1 -1 -0.8664 0.0000 624.2150 151.4272 1216.0000 1.5216 1.8005 4.1770 -4.5917 1.5204 4.6528 -1.5449 0.1872
Car -1 -1 2.0267 0.0000 762.0095 321.6141 948.2980 1.6803 2.0862 4.9484 -10.4816 3.7067 19.6209 1.5648 0.1322
Car -1 -1 2.1391 0.0000 722.2800 156.3982 977.4017 1.7261 1.9748 5.1380 -10.2501 2.8479 14.6541 1.5674 0.1257
