Pedestrian -1 -1 1.4265 1121.1085 859.8210 1174.7133 992.7446 1.6604 0.6102 0.9137 2.5861 4.9987 20.7863 1.5456 0.2308
Pedestrian -1 -1 1.3620 937.8981 855.9854 1021.3604 1061.6835 1.6596 0.6226 0.6304 0.1559 3.7670 13.2676 1.3729 0.2130
Pedestrian -1 -1 -1.1369 1838.3861 772.4079 1936.0000 1065.0742 1.6951 0.6662 0.5318 6.0593 2.6757 9.5162 -0.6236 0.1212
Cyclist -1 -1 -0.0658 1098.5713 650.9991 1936.0000 1216.0000 1.7497 0.8138 1.9471 1.3814 1.8304 4.0494 0.1791 0.4399
Cyclist -1 -1 -2.0314 1095.2241 864.8698 1187.8932 1009.1877 1.6748 0.6946 1.4768 2.4980 5.1540 20.8691 -1.9166 0.2204
Cyclist -1 -1 -3.0278 1184.3405 846.7749 1340.2079 980.0362 1.8212 0.8993 2.3520 4.7994 5.4722 23.8253 -2.8362 0.1320
Car -1 -1 -1.6959 933.9367 858.2625 1111.6249 1042.4822 1.5323 1.8449 4.0279 0.7008 4.9507 19.8175 -1.6600 0.2478
Car -1 -1 2.2689 0.0000 629.7729 161.2999 1216.0000 1.5082 1.8118 4.2476 -4.5837 1.5305 4.6820 1.5938 0.2250
Car -1 -1 2.0043 0.0000 743.5954 332.7333 926.7513 1.6917 2.0879 5.0182 -10.3008 3.4504 19.6258 1.5487 0.1413
Car -1 -1 2.7153 1522.6184 821.8057 1834.9536 949.9211 1.6408 1.8067 3.9029 10.8630 4.7669 22.8374 3.1411 0.1112
