Pedestrian -1 -1 1.4620 977.2474 848.2847 1066.5059 1062.3724 1.7362 0.7193 0.6411 0.5260 3.7588 13.1948 1.4984 0.4409
Pedestrian -1 -1 1.6058 1130.3040 850.3781 1169.0933 956.3134 1.6688 0.6367 0.6810 3.2278 5.5852 25.5886 1.7287 0.2663
Pedestrian -1 -1 0.7340 0.0000 520.3651 391.8627 1216.0000 1.7868 0.8034 1.6863 -2.4929 1.5521 3.9674 0.2660 0.1450
Pedestrian -1 -1 -0.4606 1419.9050 843.4426 1485.8948 946.1285 1.3767 0.5984 0.7247 7.1944 4.6286 21.9004 -0.1572 0.1033
Cyclist -1 -1 -2.6397 0.0000 576.6545 419.8777 1216.0000 1.7889 0.7964 1.8390 -2.5059 1.6744 3.9795 -3.1073 0.3376
Cyclist -1 -1 -1.7967 1125.5349 852.8632 1183.0886 963.0965 1.6519 0.7260 1.2010 3.3023 5.6611 25.6662 -1.6714 0.1690
Cyclist -1 -1 -2.6013 1249.0405 835.4772 1384.0325 970.2903 1.7670 0.9256 1.8639 5.6015 5.2335 23.6384 -2.3776 0.1292
Cyclist -1 -1 -2.0674 1157.5955 825.6754 1254.7559 946.6826 1.7251 0.6391 2.3857 4.3289 5.4665 26.6359 -1.9102 0.1114
Cyclist -1 -1 1.1135 1151.5255 857.7101 1239.7755 998.4216 1.6440 0.6700 1.3555 3.2272 4.9819 20.6935 1.2616 0.1039
Car -1 -1 -1.6796 988.4130 858.1576 1161.2036 1040.0116 1.5040 1.8117 4.0302 1.3798 4.8932 19.6781 -1.6113 0.3490
Car -1 -1 1.0434 0.0000 707.8158 225.8875 1216.0000 1.5279 1.7297 4.0213 -5.3038 1.9715 6.3805 0.4267 0.1510
