Pedestrian -1 -1 1.3532 976.5353 845.1483 1069.2670 1063.0925 1.7493 0.6854 0.6773 0.5354 3.7509 13.1959 1.3902 0.2963
Pedestrian -1 -1 -1.4418 718.8881 812.5397 740.7568 870.3137 1.5811 0.5584 0.4578 -6.6025 6.9645 42.6716 -1.5848 0.1872
Pedestrian -1 -1 1.3272 1230.9056 867.9750 1285.7140 994.5933 1.6998 0.6098 0.8256 4.3928 5.3703 22.1526 1.5149 0.1684
Pedestrian -1 -1 1.4410 1129.7626 850.1701 1172.3118 956.0195 1.6660 0.6243 0.7890 3.2456 5.5853 25.6216 1.5644 0.1151
Cyclist -1 -1 0.5757 0.0000 576.7842 207.1476 1216.0000 1.7420 0.7707 1.6971 -2.9126 1.6356 3.7102 0.0230 0.3219
Cyclist -1 -1 -2.6490 1249.5096 839.4455 1380.2756 972.9478 1.7583 0.9491 1.7757 5.5849 5.2877 23.6600 -2.4261 0.1271
Cyclist -1 -1 -1.5113 1129.0455 849.7997 1176.5618 963.1570 1.6597 0.7299 1.4196 3.3008 5.6388 25.6943 -1.3863 0.1260
Cyclist -1 -1 1.0869 1150.5410 850.6950 1243.3881 993.7887 1.6583 0.6535 1.4625 3.2361 4.8964 20.6479 1.2357 0.1182
Cyclist -1 -1 1.2837 1220.6832 865.3335 1291.9381 997.2017 1.6712 0.6785 1.3328 4.3633 5.3514 22.1925 1.4700 0.1109
Car -1 -1 -1.6496 992.7193 853.9457 1157.6002 1036.0377 1.5063 1.8135 4.1421 1.3854 4.8399 19.6847 -1.5811 0.5383
