Pedestrian -1 -1 1.4625 982.0408 850.0191 1071.7227 1065.5392 1.7541 0.7260 0.6191 0.5707 3.7919 13.2026 1.5020 0.3804
Pedestrian -1 -1 1.2190 1230.0546 867.3416 1288.8740 995.6445 1.7170 0.6122 0.7962 4.4056 5.3762 22.1284 1.4075 0.2414
Pedestrian -1 -1 0.9431 1298.9531 853.9006 1363.0901 959.3415 1.4846 0.6902 0.7139 5.8127 5.1581 23.5268 1.1758 0.1351
Pedestrian -1 -1 1.5622 1135.2039 849.2983 1172.0870 951.5392 1.6076 0.6182 0.7173 3.2920 5.5119 25.6274 1.6872 0.1054
Pedestrian -1 -1 1.0393 1152.5010 860.7835 1236.7053 999.8387 1.6524 0.6347 1.1833 3.2181 5.0233 20.7031 1.1870 0.1038
Cyclist -1 -1 3.4251 0.0000 568.2740 796.7859 1216.0000 1.7658 0.7830 1.9100 -1.4308 1.6313 3.9514 3.1353 0.4483
Cyclist -1 -1 -2.5973 1255.5973 837.6810 1374.9093 969.4805 1.7543 0.9296 1.5829 5.5879 5.2442 23.6436 -2.3741 0.1558
Cyclist -1 -1 1.0921 1151.1758 857.9062 1243.7683 999.9664 1.6368 0.6593 1.4525 3.2403 4.9748 20.6292 1.2412 0.1284
Cyclist -1 -1 1.1674 1219.2570 865.2149 1296.8917 997.4467 1.6750 0.6737 1.2773 4.3855 5.3493 22.1689 1.3547 0.1213
Car -1 -1 -1.6951 981.3969 860.2092 1158.0052 1042.8198 1.5122 1.8148 4.0188 1.3168 4.9443 19.7520 -1.6300 0.2898
