Pedestrian -1 -1 1.4726 977.5244 847.4786 1060.4573 1064.8632 1.7557 0.6645 0.6709 0.4993 3.7678 13.1628 1.5073 0.3449
Pedestrian -1 -1 1.2955 1228.4869 864.9947 1283.8021 991.1080 1.7014 0.6135 0.7670 4.3595 5.3221 22.1427 1.4819 0.3143
Pedestrian -1 -1 1.5758 1129.9272 841.6971 1166.3318 945.2574 1.6519 0.6115 0.6067 3.2009 5.4146 25.6153 1.6976 0.2507
Pedestrian -1 -1 1.7163 1172.4171 861.6334 1221.2383 986.2405 1.6914 0.6195 0.8412 3.5750 5.3573 22.6645 1.8672 0.2351
Pedestrian -1 -1 -0.8711 1837.4515 779.7917 1936.0000 1064.5701 1.6479 0.6528 0.5651 6.0651 2.6736 9.4983 -0.3567 0.1270
Pedestrian -1 -1 0.8424 1309.8295 845.1934 1388.0219 966.4954 1.6855 0.7919 0.8945 6.0777 5.2280 23.4675 1.0858 0.1152
Cyclist -1 -1 -2.9161 202.5497 574.3134 967.3805 1216.0000 1.7784 0.7584 1.8309 -0.9098 1.6579 3.9700 -3.1087 0.3883
Cyclist -1 -1 1.1410 1134.6096 860.8795 1233.2285 1008.3032 1.6612 0.6889 1.7194 3.0617 5.0772 20.7257 1.2816 0.2456
Cyclist -1 -1 -2.9549 1230.7137 844.3406 1344.4830 974.1492 1.7934 0.8284 1.6416 5.1777 5.3758 23.7161 -2.7480 0.1098
Car -1 -1 -1.6690 968.1519 863.0709 1141.5896 1049.4441 1.5313 1.8591 4.0695 1.1147 4.9919 19.6565 -1.6132 0.4904
