Pedestrian -1 -1 1.3133 1230.9131 865.4113 1285.4801 992.0375 1.7249 0.6319 0.6962 4.3907 5.3457 22.1439 1.5011 0.4273
Pedestrian -1 -1 1.4223 981.5518 850.4290 1074.7612 1070.5276 1.7664 0.7217 0.7145 0.5807 3.8171 13.2039 1.4626 0.3824
Pedestrian -1 -1 1.0744 1154.8806 856.1855 1232.1654 993.3481 1.6618 0.6395 1.0319 3.2077 4.9578 20.7169 1.2215 0.1774
Pedestrian -1 -1 1.7322 1213.5377 859.4775 1266.0276 987.1682 1.6590 0.6399 0.7155 4.0087 5.1016 21.5032 1.9087 0.1761
Pedestrian -1 -1 1.6330 1134.0637 848.3394 1172.3334 954.8466 1.6728 0.6085 0.7199 3.2918 5.5621 25.6201 1.7581 0.1207
Cyclist -1 -1 3.4657 0.0000 583.2504 700.7524 1216.0000 1.7631 0.7728 1.8820 -1.6914 1.6645 3.9371 3.1292 0.4143
Cyclist -1 -1 -2.8000 1244.2444 840.0494 1388.5304 975.5023 1.7874 0.9267 2.0274 5.6055 5.3225 23.6367 -2.5762 0.1293
Cyclist -1 -1 1.1117 1154.4222 853.3979 1239.5154 992.8909 1.6442 0.6538 1.2850 3.2431 4.9112 20.6698 1.2607 0.1130
Cyclist -1 -1 -1.4621 1130.6721 851.3119 1179.2235 960.7865 1.6208 0.6984 1.2443 3.3325 5.6107 25.6664 -1.3358 0.1115
Car -1 -1 -1.6713 985.7812 859.2796 1157.2195 1042.3795 1.5028 1.8198 4.1112 1.3360 4.9172 19.6995 -1.6052 0.4749
Car -1 -1 3.7828 0.0000 696.1284 216.4207 1216.0000 1.6206 1.8410 4.4086 -5.5483 1.9438 5.7841 3.1051 0.1150
