Pedestrian -1 -1 1.5170 982.3826 846.8976 1068.8752 1064.2168 1.7674 0.7243 0.6477 0.5573 3.7705 13.1642 1.5557 0.5830
Pedestrian -1 -1 1.3694 1126.5944 848.0383 1173.7990 956.0755 1.6790 0.6383 0.8710 3.2273 5.5671 25.5977 1.4923 0.2519
Pedestrian -1 -1 -1.4449 923.6019 827.8217 1012.4354 1059.3816 1.7811 0.6658 0.6729 0.0652 3.5339 12.5403 -1.4406 0.1381
Pedestrian -1 -1 0.9578 1156.7809 858.7783 1228.9845 993.7805 1.6630 0.6079 0.8508 3.2045 4.9857 20.7286 1.1047 0.1317
Pedestrian -1 -1 1.1162 1296.7969 852.9230 1366.4242 970.3224 1.6536 0.7445 0.8946 5.8348 5.3303 23.5948 1.3492 0.1169
Cyclist -1 -1 -1.6531 1129.6100 848.3115 1177.5237 958.5874 1.6595 0.7140 1.2179 3.2889 5.5854 25.6551 -1.5283 0.1540
Cyclist -1 -1 -2.6173 1253.9213 842.4289 1377.7638 977.2035 1.7835 0.9344 1.6583 5.5916 5.3515 23.6222 -2.3938 0.1263
Cyclist -1 -1 1.0557 1139.2418 863.2615 1230.8644 1006.3408 1.6755 0.6818 1.3359 3.0891 5.1011 20.7453 1.1974 0.1116
Car -1 -1 -1.6552 987.4505 857.1501 1153.1710 1039.6099 1.5228 1.8196 4.0774 1.3295 4.9124 19.7697 -1.5896 0.3878
Car -1 -1 -0.8016 0.0000 558.8259 177.4991 1216.0000 1.6257 1.8702 4.2697 -4.5969 1.5201 4.5980 -1.4852 0.2488
