Pedestrian -1 -1 1.4493 981.7553 848.8252 1068.9948 1064.0609 1.7366 0.6893 0.6803 0.5567 3.7679 13.1980 1.4878 0.3374
Pedestrian -1 -1 1.0997 1615.0709 376.5911 1936.0000 1216.0000 1.7066 0.6422 0.7631 1.4322 1.4221 2.1194 1.4906 0.1305
Pedestrian -1 -1 1.3404 1127.2451 842.7730 1172.6011 948.9078 1.6799 0.6270 0.6941 3.2251 5.4652 25.6033 1.4631 0.1305
Pedestrian -1 -1 1.7974 1180.2264 861.4408 1229.8142 986.4861 1.7199 0.5998 0.7194 3.7037 5.3811 22.7007 1.9533 0.1226
Pedestrian -1 -1 1.2913 1231.3820 866.9732 1287.3008 990.9998 1.6605 0.6037 0.8247 4.4116 5.3201 22.1698 1.4797 0.1156
Pedestrian -1 -1 0.9602 1156.6558 857.7372 1237.4801 997.3064 1.6790 0.5945 1.0651 3.2439 4.9863 20.6326 1.1095 0.1091
Cyclist -1 -1 1.1124 1607.1104 272.7448 1936.0000 1216.0000 1.6644 0.6927 1.2539 1.4825 1.3521 1.9653 1.5350 0.1838
Cyclist -1 -1 1.1165 1215.7832 863.0118 1300.5580 994.6469 1.6451 0.6818 1.4012 4.3958 5.3058 22.2251 1.3038 0.1542
Cyclist -1 -1 0.9602 1156.6558 857.7372 1237.4801 997.3064 1.6790 0.5945 1.0651 3.2439 4.9863 20.6326 1.1095 0.1182
Car -1 -1 -1.6605 988.6547 855.0229 1158.3499 1037.1749 1.5185 1.8400 4.0242 1.3604 4.8523 19.6330 -1.5930 0.5680
Car -1 -1 -0.7998 0.0000 605.5252 178.9906 1216.0000 1.6136 1.8494 4.2112 -4.5991 1.5817 4.6496 -1.4786 0.1918
