Pedestrian -1 -1 1.3977 975.2041 840.0089 1064.0137 1057.3695 1.7553 0.6751 0.6812 0.5071 3.7121 13.2200 1.4327 0.3271
Pedestrian -1 -1 1.1731 1484.1095 355.2510 1936.0000 1216.0000 1.6282 0.6577 0.9695 1.1840 1.3748 1.9066 1.5173 0.3136
Pedestrian -1 -1 1.3468 1125.5707 854.4080 1175.5449 964.2439 1.6817 0.6434 0.9877 3.2339 5.6925 25.6100 1.4698 0.1845
Pedestrian -1 -1 1.6891 1182.7245 861.4255 1228.6600 986.1499 1.7189 0.6094 0.7363 3.7151 5.3792 22.7050 1.8455 0.1755
Pedestrian -1 -1 -1.4446 719.0854 813.3862 740.3475 870.3454 1.5601 0.5446 0.4404 -6.6057 6.9669 42.6723 -1.5877 0.1390
Pedestrian -1 -1 0.8429 1150.3820 861.7065 1235.9030 998.3862 1.6443 0.6345 1.0441 3.2046 5.0215 20.7168 0.9899 0.1282
Pedestrian -1 -1 1.3399 1231.5383 865.2659 1286.6564 991.1113 1.6926 0.6235 0.8242 4.4064 5.3231 22.1625 1.5281 0.1139
Cyclist -1 -1 1.1963 1444.2203 313.5548 1936.0000 1216.0000 1.6423 0.6820 1.2602 1.1826 1.3751 1.9244 1.5383 0.2212
Cyclist -1 -1 -2.6905 1245.8983 845.3771 1382.2524 982.3116 1.7984 0.9107 1.8888 5.5636 5.4213 23.6282 -2.4682 0.1970
Cyclist -1 -1 1.2313 1217.7886 861.3093 1296.8015 994.7768 1.6716 0.6991 1.4508 4.3825 5.3074 22.2286 1.4181 0.1670
Cyclist -1 -1 -1.4794 1129.8142 852.4263 1177.2571 964.3442 1.6555 0.6966 1.2800 3.3086 5.6671 25.6670 -1.3539 0.1642
Cyclist -1 -1 -2.0299 1156.0914 832.2571 1254.8059 955.7276 1.7252 0.6672 2.5384 4.3080 5.5966 26.6096 -1.8734 0.1003
Car -1 -1 -1.6611 987.8348 858.9094 1156.2004 1042.9425 1.5265 1.8256 4.1010 1.3480 4.9402 19.7442 -1.5945 0.3601
Car -1 -1 -0.1888 1285.8147 805.9855 1462.8956 887.4917 1.7994 1.9611 4.1728 10.7580 6.6824 39.1900 0.0751 0.2030
Car -1 -1 -0.8274 0.0000 599.6741 187.0562 1216.0000 1.6095 1.8474 4.1740 -4.6014 1.5650 4.7919 -1.4948 0.1751
