Pedestrian -1 -1 1.4875 1002.0769 844.6259 1078.1755 1053.9529 1.6996 0.6151 0.6343 0.6861 3.6813 13.1589 1.5350 0.4164
Pedestrian -1 -1 1.3807 1231.4304 866.9145 1285.3254 993.1609 1.6965 0.6278 0.8502 4.3939 5.3509 22.1550 1.5685 0.1606
Pedestrian -1 -1 0.9468 1157.3590 858.1026 1235.5614 998.3369 1.7032 0.6147 0.9649 3.2364 5.0086 20.6268 1.0958 0.1600
Pedestrian -1 -1 -1.5647 715.0835 813.1100 735.5530 869.2693 1.5282 0.5693 0.4270 -6.7240 6.9247 42.6275 -1.7106 0.1371
Cyclist -1 -1 1.2370 1244.4346 252.8050 1936.0000 1216.0000 1.7900 0.7532 1.6065 0.9548 1.4985 1.9982 1.5039 0.2505
Cyclist -1 -1 -1.5014 1131.3882 861.6190 1176.2882 970.6116 1.5990 0.6795 1.2741 3.3089 5.7657 25.6318 -1.3757 0.2131
Cyclist -1 -1 1.2431 1216.8353 862.8149 1295.9690 997.7268 1.6833 0.7011 1.4901 4.3672 5.3438 22.2216 1.4293 0.1634
Cyclist -1 -1 0.9566 1137.0565 865.2814 1232.6332 1006.8156 1.6555 0.6682 1.3194 3.0872 5.1087 20.7433 1.0982 0.1091
Car -1 -1 -0.8138 0.0000 567.7097 175.3274 1216.0000 1.5642 1.8439 4.2106 -4.6035 1.4687 4.6705 -1.4925 0.3947
Car -1 -1 -1.6586 986.3874 859.2897 1153.9797 1044.4476 1.5444 1.8291 4.0874 1.3259 4.9653 19.7620 -1.5931 0.2489
