Pedestrian -1 -1 1.4452 1001.2093 839.4722 1081.3004 1051.0582 1.7134 0.6251 0.6380 0.6952 3.6488 13.1463 1.4934 0.3293
Pedestrian -1 -1 1.1381 1230.2592 854.9989 1292.2412 982.8506 1.7233 0.6428 0.7505 4.4449 5.2054 22.1887 1.3278 0.3078
Pedestrian -1 -1 1.5415 1130.0837 847.4897 1170.9807 955.7798 1.6636 0.6644 0.9886 3.2388 5.5591 25.6483 1.6645 0.2341
Pedestrian -1 -1 0.9607 1160.1281 864.1905 1233.8846 1000.8328 1.6628 0.5796 0.9204 3.2457 5.0512 20.6347 1.1101 0.1823
Pedestrian -1 -1 2.2755 1446.3496 820.7759 1501.3080 927.4561 1.5582 0.5675 0.6073 8.1265 4.7169 23.7150 2.5927 0.1057
Cyclist -1 -1 -1.5400 1130.8195 848.3271 1175.1527 959.3049 1.6495 0.7196 1.2890 3.3044 5.5941 25.7091 -1.4148 0.1547
Cyclist -1 -1 -2.6782 1250.5785 845.1334 1376.3043 977.5345 1.7488 0.9210 1.7018 5.5559 5.3599 23.6252 -2.4561 0.1507
Cyclist -1 -1 0.9520 1135.8413 863.7798 1233.8964 1007.6931 1.6831 0.6976 1.3305 3.0860 5.1152 20.7344 1.0936 0.1208
Cyclist -1 -1 -1.9867 1159.9796 824.1534 1251.4867 944.0042 1.6909 0.6527 2.4789 4.3210 5.4115 26.6420 -1.8298 0.1121
Car -1 -1 -1.6576 992.0892 854.4604 1158.8346 1036.7544 1.5091 1.8072 4.1098 1.3881 4.8461 19.6672 -1.5890 0.5642
Car -1 -1 -0.8155 0.0000 559.8207 174.5540 1216.0000 1.5761 1.8575 4.2432 -4.6109 1.4685 4.6573 -1.4962 0.3259
