Pedestrian -1 -1 1.3120 1178.1570 863.1306 1229.1492 984.4283 1.7010 0.6170 0.6455 3.6761 5.3753 22.7116 1.4667 0.6270
Pedestrian -1 -1 0.8323 1155.5143 855.4180 1230.3055 988.7528 1.6456 0.6545 0.8035 3.2114 4.9249 20.7575 0.9794 0.2948
Pedestrian -1 -1 1.5406 1000.3920 848.1343 1076.2594 1059.6735 1.7298 0.6465 0.5885 0.6705 3.7390 13.1603 1.5871 0.2497
Pedestrian -1 -1 1.2088 1229.0215 862.5833 1286.5294 989.1569 1.7066 0.6061 0.7493 4.3892 5.2970 22.1682 1.3963 0.2098
Pedestrian -1 -1 -1.5043 717.8625 819.0224 738.8893 878.3135 1.6173 0.5597 0.4392 -6.6337 7.1793 42.6071 -1.6481 0.1309
Pedestrian -1 -1 1.6471 981.3543 442.2865 1654.2578 1216.0000 1.7831 0.7182 1.0770 0.4774 1.5912 2.1681 1.7610 0.1202
Cyclist -1 -1 1.4166 992.3260 445.7640 1871.5784 1216.0000 1.7821 0.7624 1.4981 0.4730 1.6117 2.1869 1.5287 0.2164
Cyclist -1 -1 1.0642 1135.7551 869.1244 1219.0410 1004.2507 1.6116 0.6559 1.1870 3.0136 5.1404 20.9362 1.2015 0.1315
Cyclist -1 -1 1.1285 1218.6985 860.1788 1295.5356 990.5671 1.6727 0.6689 1.1896 4.3844 5.2735 22.2267 1.3153 0.1118
Car -1 -1 1.9016 359.2670 833.3074 514.7870 940.9247 1.5395 1.7756 4.1332 -10.9467 6.2237 31.5310 1.5864 0.4521
Car -1 -1 -0.8185 0.0000 609.6957 183.0719 1216.0000 1.6015 1.8329 4.1227 -4.6009 1.5746 4.7773 -1.4869 0.1591
Car -1 -1 -3.5885 1576.7844 822.0317 1936.0000 986.8392 2.0061 2.0401 4.4013 11.5966 5.0222 21.8156 -3.1211 0.1021
