Pedestrian -1 -1 1.4353 979.9848 844.6821 1070.0128 1059.9417 1.7372 0.7066 0.6713 0.5530 3.7298 13.1897 1.4736 0.4029
Pedestrian -1 -1 2.0093 0.0000 266.2655 400.6302 1216.0000 1.7911 0.7308 0.8310 -1.3082 1.3935 2.0820 1.5948 0.2871
Pedestrian -1 -1 1.5697 1185.2428 865.4600 1226.5806 988.1562 1.7034 0.6110 0.7253 3.7195 5.4293 22.7569 1.7259 0.2742
Pedestrian -1 -1 1.3546 1408.3876 826.5743 1449.9995 925.3398 1.6610 0.5956 0.5760 8.3583 5.3072 26.7267 1.6476 0.1717
Pedestrian -1 -1 1.3553 1231.1233 864.1810 1283.5111 991.6372 1.7324 0.6082 0.7620 4.3841 5.3436 22.1790 1.5425 0.1604
Pedestrian -1 -1 -1.4815 718.0361 821.1054 738.9083 879.9978 1.6087 0.5475 0.4279 -6.6302 7.2282 42.6017 -1.6252 0.1472
Pedestrian -1 -1 0.8638 1156.5935 861.2917 1236.1401 998.4442 1.6616 0.6107 0.9506 3.2367 5.0120 20.6298 1.0128 0.1225
Pedestrian -1 -1 1.3209 1445.3840 827.7761 1490.1288 928.3369 1.6827 0.6209 0.6001 9.0153 5.3392 26.6332 1.6362 0.1184
Cyclist -1 -1 -2.5896 1246.6660 840.4474 1384.6094 976.3868 1.7685 0.9426 1.9101 5.5882 5.3218 23.6475 -2.3665 0.1288
Cyclist -1 -1 1.2933 1220.7672 861.0709 1289.7930 992.8348 1.6893 0.6717 1.2892 4.3617 5.3106 22.2575 1.4790 0.1226
Cyclist -1 -1 -1.3737 1126.3527 851.4735 1181.3000 965.0929 1.6764 0.6993 1.2880 3.3138 5.6743 25.6654 -1.2480 0.1038
Cyclist -1 -1 1.9559 0.0000 226.2030 414.1251 1216.0000 1.7456 0.7200 1.1161 -1.2970 1.3532 2.0410 1.5389 0.1009
Car -1 -1 -1.6667 987.8337 858.9661 1156.8533 1041.2035 1.5033 1.8074 4.0507 1.3469 4.9006 19.6550 -1.5999 0.4622
Car -1 -1 2.0814 0.0000 734.6408 257.3848 878.3600 1.6487 2.0961 5.1441 -13.4568 3.5786 23.7063 1.5903 0.2411
Car -1 -1 2.1688 0.0000 735.0990 30.1941 928.1780 1.7286 1.9329 4.8737 -14.0598 3.2825 18.6363 1.5564 0.1311
