Pedestrian -1 -1 1.2306 972.5933 854.6890 1069.0787 1068.3395 1.7015 0.6797 0.6184 0.5179 3.7847 13.1603 1.2666 0.2854
Pedestrian -1 -1 1.8055 1179.6903 864.6735 1229.7283 987.6483 1.6906 0.6036 0.7207 3.7078 5.4109 22.7549 1.9612 0.2712
Pedestrian -1 -1 1.3076 1124.7744 852.2162 1176.3884 961.4587 1.6694 0.6374 0.9996 3.2376 5.6484 25.6371 1.4306 0.1968
Pedestrian -1 -1 0.9809 1153.3049 856.1014 1234.3665 993.0128 1.6548 0.6393 1.0337 3.2130 4.9513 20.7185 1.1283 0.1767
Pedestrian -1 -1 1.0547 1299.9554 858.6871 1363.3589 966.8686 1.5267 0.6945 0.7286 5.8104 5.2675 23.4818 1.2877 0.1371
Cyclist -1 -1 1.6157 189.8280 366.1026 1122.5092 1216.0000 1.7463 0.7394 1.9405 -0.3129 1.5436 2.1682 1.4913 0.3746
Cyclist -1 -1 -2.7296 1244.8580 841.1520 1383.5958 976.1429 1.7761 0.9187 1.9282 5.5687 5.3300 23.6343 -2.5072 0.2368
Cyclist -1 -1 -1.5495 1132.2079 847.6573 1174.7952 958.8367 1.6540 0.7019 1.2952 3.3135 5.5872 25.7127 -1.4241 0.1501
Cyclist -1 -1 1.2991 1221.6510 867.4438 1289.8684 997.4632 1.6674 0.6763 1.2548 4.3724 5.3859 22.2730 1.4851 0.1309
Cyclist -1 -1 1.0591 1150.9471 853.7806 1238.5394 993.5222 1.6541 0.6680 1.2459 3.2180 4.9296 20.6996 1.2068 0.1041
Car -1 -1 -1.6537 989.0078 855.3727 1154.1489 1039.0677 1.5186 1.8051 4.1774 1.3419 4.8858 19.7447 -1.5875 0.5392
Car -1 -1 -0.7207 0.0000 0.0000 1936.0000 1216.0000 2.0203 2.0006 4.4355 -1.4425 1.3153 0.3987 -1.5155 0.2676
Car -1 -1 2.3211 0.0000 580.3840 184.0395 1216.0000 1.5562 1.8563 4.3060 -4.5983 1.4828 4.6837 1.6441 0.2243
Car -1 -1 1.0946 0.0000 0.0000 1756.8141 1216.0000 2.0298 2.1084 4.8456 0.8378 1.2346 0.6568 1.4853 0.1661
