Pedestrian -1 -1 1.5170 1001.5922 839.3515 1078.6862 1049.4146 1.7093 0.6400 0.6268 0.6843 3.6372 13.1283 1.5644 0.2759
Pedestrian -1 -1 -1.5350 713.8572 809.1777 736.3284 867.3593 1.5832 0.6120 0.4703 -6.7345 6.8724 42.6551 -1.6811 0.2178
Pedestrian -1 -1 1.6661 1179.7196 860.5232 1226.6354 986.7481 1.7121 0.6251 0.9069 3.6824 5.3748 22.7298 1.8209 0.1637
Pedestrian -1 -1 1.3948 1129.1375 843.4614 1173.1481 946.8475 1.6425 0.6375 0.6773 3.2474 5.4380 25.6147 1.5182 0.1554
Pedestrian -1 -1 0.9629 1156.5502 860.6195 1237.1992 997.3828 1.6432 0.6135 1.0372 3.2428 4.9912 20.6397 1.1121 0.1266
Pedestrian -1 -1 0.3761 1216.9708 861.5428 1295.2028 991.6221 1.7059 0.6986 0.9494 4.3691 5.2989 22.1569 0.5628 0.1252
Cyclist -1 -1 1.8943 0.0000 330.6233 660.2331 1216.0000 1.7132 0.7225 1.8930 -0.9834 1.4801 2.1322 1.5735 0.3505
Cyclist -1 -1 1.2815 1218.2981 860.8386 1292.3198 994.4185 1.6836 0.6901 1.4326 4.3561 5.3105 22.2401 1.4671 0.1313
Cyclist -1 -1 1.0389 1137.3236 862.6614 1232.7678 1006.7261 1.6828 0.7120 1.3633 3.0910 5.1056 20.7623 1.1806 0.1199
Car -1 -1 -1.6851 985.1830 858.4736 1159.5188 1039.6654 1.4930 1.8090 4.0007 1.3438 4.8772 19.6259 -1.6185 0.3997
Car -1 -1 2.4827 0.0000 630.1550 173.1473 1216.0000 1.6085 1.8706 4.2332 -4.8640 1.6332 4.7667 1.7875 0.2168
Car -1 -1 -0.5088 0.0000 0.0000 1936.0000 1216.0000 1.9958 1.9858 4.4846 -2.0868 1.3387 0.2854 -1.5058 0.1264
