Pedestrian -1 -1 1.6893 1181.5321 863.1884 1226.8500 985.3260 1.6869 0.6038 0.7092 3.6959 5.3759 22.7285 1.8447 0.4285
Pedestrian -1 -1 1.3513 1127.1595 845.7226 1173.8120 952.3650 1.6560 0.6141 0.8804 3.2361 5.5092 25.6269 1.4743 0.3556
Pedestrian -1 -1 1.2943 995.5630 856.2899 1084.5112 1065.1497 1.6683 0.6333 0.6213 0.6857 3.7608 13.1492 1.3419 0.2617
Pedestrian -1 -1 1.3223 1229.3667 864.9858 1285.3159 992.2825 1.7162 0.6293 0.8083 4.3837 5.3448 22.1789 1.5095 0.2404
Pedestrian -1 -1 0.9751 1157.1832 857.0762 1235.1874 995.2184 1.6733 0.6102 0.9889 3.2330 4.9665 20.6339 1.1239 0.1331
Pedestrian -1 -1 1.1944 1325.4729 857.3506 1384.4034 967.9844 1.5829 0.6778 0.7037 6.1640 5.2872 23.4387 1.4413 0.1088
Cyclist -1 -1 1.4033 621.9425 362.4279 1553.0518 1216.0000 1.7863 0.7793 1.9491 -0.0873 1.5908 2.1507 1.3465 0.3393
Cyclist -1 -1 -1.4333 1128.7834 845.5602 1178.0875 954.2321 1.6229 0.6862 1.1883 3.3089 5.5113 25.6889 -1.3079 0.1892
Cyclist -1 -1 1.2433 1218.8003 862.8444 1292.9507 994.1207 1.6706 0.6899 1.3073 4.3681 5.3213 22.2487 1.4293 0.1672
Cyclist -1 -1 -2.5019 1258.9325 843.9838 1370.0173 975.2318 1.7516 0.8943 1.4621 5.5710 5.3373 23.6292 -2.2793 0.1305
Cyclist -1 -1 0.9363 1133.0853 860.8268 1237.5540 1006.8766 1.6922 0.7003 1.4574 3.0911 5.0922 20.7438 1.0781 0.1181
Car -1 -1 -1.6558 989.0842 853.7512 1155.2800 1037.2383 1.5244 1.8097 4.1294 1.3470 4.8570 19.6961 -1.5892 0.6400
Car -1 -1 -0.8175 0.0000 573.9189 174.5702 1216.0000 1.5579 1.8326 4.1647 -4.5987 1.4710 4.6948 -1.4937 0.2065
