Pedestrian -1 -1 1.0165 1160.1975 862.8666 1234.1844 999.7913 1.6626 0.5988 0.9408 3.2454 5.0317 20.6219 1.1659 0.1904
Pedestrian -1 -1 -1.5738 714.2903 816.2676 734.0984 871.7632 1.5143 0.5548 0.3836 -6.7569 6.9994 42.6317 -1.7203 0.1393
Pedestrian -1 -1 0.2925 1219.5974 863.4831 1295.6958 993.5484 1.7130 0.6831 0.9514 4.3890 5.3279 22.1359 0.4802 0.1181
Pedestrian -1 -1 1.8716 1178.2704 864.8091 1232.5957 989.7387 1.6937 0.5997 0.8268 3.7123 5.4179 22.7110 2.0278 0.1014
Cyclist -1 -1 1.4502 788.7061 467.3843 1651.1207 1216.0000 1.7526 0.7916 1.9453 0.1382 1.6161 2.3057 1.4619 0.3640
Cyclist -1 -1 -1.5690 1132.0779 848.0294 1175.7788 961.2062 1.6602 0.7238 1.4364 3.3075 5.6057 25.6849 -1.4437 0.1361
Cyclist -1 -1 1.3782 1224.1324 862.8332 1290.1892 997.6356 1.7035 0.6867 1.4390 4.3700 5.3452 22.1670 1.5649 0.1257
Car -1 -1 -1.6603 992.2398 861.7429 1158.7614 1042.6163 1.4784 1.7958 4.0644 1.3884 4.9143 19.6438 -1.5916 0.5604
Car -1 -1 -0.8000 0.0000 552.9609 179.0213 1216.0000 1.6233 1.8700 4.2789 -4.5982 1.5083 4.6033 -1.4834 0.2869
Car -1 -1 1.9443 350.4266 831.8776 516.5078 941.9496 1.5706 1.8343 4.1573 -10.9930 6.2201 31.4657 1.6273 0.2543
Car -1 -1 -3.4406 1365.7336 846.4272 1543.8243 919.2677 1.5152 1.7640 3.8925 12.3285 7.2078 37.5224 -3.1295 0.1067
