Pedestrian -1 -1 1.3193 999.4943 844.2193 1084.3766 1054.5717 1.6865 0.6026 0.6374 0.7016 3.6682 13.1401 1.3679 0.3203
Pedestrian -1 -1 1.3821 1173.1443 862.3328 1232.8120 994.0842 1.6211 0.6371 0.9791 3.3371 4.9881 20.7059 1.5351 0.3089
Pedestrian -1 -1 1.8541 1189.8516 864.2796 1241.4275 985.2104 1.6533 0.5923 0.7437 3.8719 5.3679 22.7425 2.0165 0.3077
Pedestrian -1 -1 1.3193 1457.3179 819.2375 1502.9377 921.0822 1.6944 0.6281 0.5957 9.1612 5.1691 26.4188 1.6417 0.1869
Pedestrian -1 -1 1.0889 1235.8789 857.1230 1299.5375 987.4850 1.7368 0.6133 0.8068 4.5195 5.2403 22.0870 1.2824 0.1849
Pedestrian -1 -1 1.4860 904.7846 875.5131 983.9108 1075.2396 1.6491 0.6663 0.5439 -0.1581 3.9470 13.4092 1.4757 0.1476
Pedestrian -1 -1 1.5419 1417.8561 824.4902 1452.8263 917.3972 1.5544 0.5765 0.5222 8.4786 5.1695 26.7582 1.8386 0.1340
Pedestrian -1 -1 1.6118 566.3250 742.2928 670.0693 1022.5433 1.8629 0.6796 0.6347 -2.4230 2.7253 10.6176 1.4078 0.1334
Cyclist -1 -1 1.3821 1173.1443 862.3328 1232.8120 994.0842 1.6211 0.6371 0.9791 3.3371 4.9881 20.7059 1.5351 0.1524
Cyclist -1 -1 1.0471 1232.9243 856.5067 1315.3809 992.7236 1.7342 0.6453 1.2548 4.6122 5.2665 22.1094 1.2442 0.1518
Cyclist -1 -1 0.2613 1263.8876 850.7213 1392.4539 984.0605 1.7796 0.8698 1.8032 5.7662 5.4521 23.5106 0.4923 0.1057
Car -1 -1 -1.7220 982.8875 856.1290 1173.6722 1044.3629 1.5345 1.8581 4.1616 1.4077 4.9007 19.6215 -1.6522 0.5573
