Pedestrian -1 -1 1.4930 983.0163 849.7570 1067.9003 1064.9470 1.7464 0.6966 0.6482 0.5569 3.7789 13.1799 1.5316 0.3652
Pedestrian -1 -1 1.7335 1176.9009 863.7346 1226.6094 987.1832 1.6742 0.6165 0.8923 3.6741 5.4008 22.8139 1.8875 0.2658
Pedestrian -1 -1 1.5604 1235.7891 864.9714 1278.2948 992.2886 1.7047 0.6034 0.8099 4.3800 5.3376 22.1785 1.7474 0.1977
Pedestrian -1 -1 2.0808 0.0000 302.1547 194.8715 1216.0000 1.6174 0.6477 1.0756 -1.6054 1.3106 1.9607 1.5738 0.1374
Pedestrian -1 -1 1.1533 1150.3083 865.4178 1219.4447 1003.1174 1.6917 0.6245 0.9222 3.0940 5.1137 20.7480 1.2952 0.1267
Pedestrian -1 -1 0.8371 1307.6232 853.1952 1384.0791 976.0438 1.7055 0.7742 0.8725 6.0222 5.3701 23.4378 1.0785 0.1128
Pedestrian -1 -1 -2.0416 1123.1936 853.1058 1175.8479 962.5538 1.6954 0.6064 0.7766 3.2163 5.6715 25.5872 -1.9192 0.1084
Cyclist -1 -1 1.1081 1130.4581 863.5358 1221.8127 1006.4793 1.6674 0.6870 1.4361 2.9815 5.1243 20.8728 1.2443 0.1481
Cyclist -1 -1 -1.4031 1124.0470 847.7786 1179.1901 961.4831 1.6596 0.7158 1.4132 3.2772 5.6008 25.6641 -1.2787 0.1472
Cyclist -1 -1 1.4359 1226.0454 862.5541 1284.5024 993.1288 1.6687 0.6719 1.3169 4.3596 5.3107 22.2425 1.6216 0.1439
Cyclist -1 -1 -2.0888 1238.4512 845.2666 1341.8022 977.1121 1.7610 0.9241 1.6265 5.2447 5.4251 23.9498 -1.8812 0.1190
Cyclist -1 -1 2.0168 0.0000 297.6960 362.7299 1216.0000 1.5984 0.6450 1.2386 -1.3784 1.2933 2.0147 1.5741 0.1080
Car -1 -1 -1.6873 982.1759 859.2405 1155.7521 1041.5554 1.5141 1.8039 4.0105 1.3078 4.9281 19.7370 -1.6226 0.4078
