Pedestrian -1 -1 1.7785 1202.3823 859.4320 1251.9946 982.0524 1.6784 0.6032 0.7512 4.0387 5.3092 22.6908 1.9480 0.2911
Pedestrian -1 -1 1.2775 1010.5594 849.3669 1099.6603 1061.1522 1.6906 0.6227 0.6273 0.8161 3.7161 13.1166 1.3342 0.2241
Pedestrian -1 -1 1.1636 1165.6564 864.8782 1243.8812 1001.1281 1.6260 0.6630 1.1522 3.3654 5.0579 20.7453 1.3175 0.1833
Pedestrian -1 -1 1.4320 1469.6537 820.1698 1509.7159 921.8325 1.6750 0.5806 0.6122 9.3093 5.1634 26.3598 1.7599 0.1628
Pedestrian -1 -1 1.1561 1249.1096 860.1406 1311.7135 992.7460 1.7682 0.6224 0.8162 4.6997 5.3107 22.0552 1.3572 0.1185
Cyclist -1 -1 1.1464 1160.7034 863.1155 1252.5094 1004.5789 1.6332 0.7152 1.4474 3.3821 5.0615 20.7286 1.3012 0.2281
Cyclist -1 -1 1.1521 1237.8243 856.8911 1323.2565 995.1187 1.7164 0.6688 1.5065 4.6968 5.2684 22.0886 1.3528 0.1750
Cyclist -1 -1 -1.6230 1152.0992 843.9007 1198.0721 961.4149 1.6846 0.6845 1.7194 3.6502 5.5671 25.6258 -1.4849 0.1496
Car -1 -1 -1.7525 980.4853 859.9841 1179.5608 1048.4421 1.5305 1.8616 4.0675 1.4262 4.9406 19.5686 -1.6817 0.5197
Car -1 -1 0.6579 1535.9810 776.2172 1936.0000 1166.2584 1.6222 1.8639 4.3624 6.3627 2.9178 10.4321 1.1571 0.1258
Car -1 -1 1.8633 361.7422 832.1036 511.5882 939.4440 1.5735 1.8638 3.9037 -10.9553 6.2130 31.5115 1.5477 0.1070
Car -1 -1 2.8520 1265.0255 838.6552 1449.0808 915.2634 1.6531 1.9011 4.2757 10.2755 7.3786 39.0291 3.1054 0.1045
