Pedestrian -1 -1 1.3632 1127.0524 854.7615 1172.9380 960.5805 1.6425 0.6154 0.8530 3.2275 5.6504 25.6236 1.4859 0.3432
Pedestrian -1 -1 1.7183 1177.1224 864.7060 1226.5667 988.5490 1.6847 0.6286 0.8629 3.6740 5.4229 22.8060 1.8724 0.2991
Pedestrian -1 -1 1.5287 984.2870 850.4750 1065.5372 1066.3872 1.7625 0.6872 0.6293 0.5525 3.7987 13.1834 1.5670 0.2510
Pedestrian -1 -1 0.9592 1138.6956 860.2943 1226.5061 999.1782 1.6588 0.6666 1.1435 3.0622 5.0308 20.7617 1.0996 0.1768
Pedestrian -1 -1 1.0076 1300.9055 851.0766 1362.1565 960.3557 1.5597 0.6860 0.6621 5.8204 5.1819 23.5251 1.2407 0.1089
Cyclist -1 -1 -1.3737 1125.8335 851.2046 1180.4845 961.9200 1.6431 0.7106 1.2081 3.3037 5.6332 25.6816 -1.2485 0.1827
Cyclist -1 -1 1.0093 1134.0411 858.2607 1233.7123 1001.8091 1.6704 0.7268 1.4044 3.0735 5.0329 20.7582 1.1503 0.1790
Cyclist -1 -1 0.3540 1260.3661 847.3648 1383.1549 977.6734 1.7298 0.9156 1.6697 5.6770 5.3603 23.5639 0.5812 0.1223
Car -1 -1 -1.6618 988.6872 855.6810 1154.8984 1037.0999 1.5150 1.8009 4.0626 1.3490 4.8818 19.7638 -1.5952 0.5231
Car -1 -1 2.7787 1441.7942 832.3201 1622.4006 908.2620 1.6583 1.7932 3.9676 14.6555 7.1293 38.5347 3.1349 0.1554
Car -1 -1 -0.9437 0.0000 603.3076 155.9164 1216.0000 1.5010 1.7974 3.9385 -4.2572 1.4667 4.3794 -1.6105 0.1272
