Pedestrian -1 -1 1.4053 981.3838 845.0370 1074.3445 1063.9396 1.7689 0.7193 0.6537 0.5790 3.7659 13.1967 1.4454 0.3170
Pedestrian -1 -1 1.8512 1173.3710 864.5883 1230.6561 991.0273 1.7019 0.6333 0.9293 3.6738 5.4431 22.7873 2.0053 0.1849
Pedestrian -1 -1 1.3111 1166.8813 863.0353 1227.9485 997.4583 1.6458 0.6006 0.9574 3.2471 5.0105 20.6211 1.4606 0.1790
Pedestrian -1 -1 -1.1557 0.0000 714.9357 44.8306 808.0161 1.7575 0.5871 0.5634 -18.3220 3.5324 29.1637 -1.6944 0.1247
Cyclist -1 -1 1.3024 1221.2834 867.9629 1292.6160 999.8289 1.6566 0.6785 1.4165 4.3781 5.3883 22.2254 1.4890 0.1829
Cyclist -1 -1 -1.8187 1158.6282 864.1996 1229.2865 1001.4668 1.6139 0.6435 1.3846 3.2237 5.0607 20.8185 -1.6715 0.1779
Cyclist -1 -1 -1.8673 1119.7084 851.1707 1185.8824 966.8135 1.6449 0.6499 1.7179 3.2743 5.6705 25.7036 -1.7432 0.1442
Cyclist -1 -1 0.3725 1257.8521 844.3737 1389.5182 976.7748 1.7462 0.8979 1.8129 5.6965 5.3293 23.5319 0.6007 0.1350
Car -1 -1 -1.7049 977.2729 854.0611 1161.0677 1040.9659 1.5362 1.8459 4.2107 1.3009 4.8967 19.7646 -1.6407 0.5848
Car -1 -1 2.3142 0.0000 603.3243 181.1469 1216.0000 1.5702 1.8577 4.2242 -4.6166 1.5330 4.7472 1.6412 0.2312
