Pedestrian -1 -1 1.0507 1320.4270 845.5716 1383.3140 959.1920 1.6346 0.7381 0.6303 6.1297 5.1596 23.4848 1.2959 0.3242
Pedestrian -1 -1 1.3354 975.9547 850.2826 1067.6780 1069.7441 1.7502 0.6618 0.6888 0.5243 3.7938 13.1568 1.3718 0.2461
Pedestrian -1 -1 0.3134 1217.2841 860.1738 1292.1947 993.5034 1.7608 0.7065 0.9188 4.3490 5.3290 22.1502 0.4994 0.1614
Pedestrian -1 -1 1.3812 1156.2025 871.6985 1212.5120 1005.4445 1.6669 0.6152 0.8671 3.0857 5.1633 20.7382 1.5228 0.1605
Pedestrian -1 -1 1.6882 713.2750 810.0055 736.1419 866.8724 1.5575 0.5945 0.4222 -6.7382 6.8586 42.6072 1.5419 0.1478
Pedestrian -1 -1 1.8348 1175.5479 861.2918 1230.3663 985.8150 1.6905 0.6269 0.8549 3.6874 5.3744 22.7866 1.9895 0.1309
Pedestrian -1 -1 -1.0366 781.8854 892.7150 878.5411 1119.0664 1.6397 0.5529 0.5972 -1.0597 3.8846 12.1454 -1.1151 0.1185
Pedestrian -1 -1 -1.6499 743.9968 915.1680 824.7609 1142.5770 1.6199 0.5931 0.3823 -1.3656 3.9018 11.5140 -1.7560 0.1126
Pedestrian -1 -1 1.2201 1129.4762 857.2680 1176.9363 964.7888 1.6818 0.5975 0.7066 3.2786 5.7204 25.5800 1.3449 0.1078
Cyclist -1 -1 1.1793 1136.7109 863.9341 1218.8538 1002.3448 1.6267 0.6602 1.3572 3.0059 5.0810 20.8710 1.3166 0.1559
Cyclist -1 -1 1.2581 1218.0052 863.3154 1290.6816 997.0151 1.6996 0.6743 1.3295 4.3391 5.3537 22.2178 1.4431 0.1371
Cyclist -1 -1 -3.1616 1234.2275 848.9957 1340.2327 974.6785 1.7785 0.8299 1.6142 5.1494 5.4143 23.7055 -2.9557 0.1108
Cyclist -1 -1 -1.4057 1127.5428 849.7256 1181.8588 964.0058 1.6883 0.7245 1.2917 3.3282 5.6546 25.6593 -1.2794 0.1102
Car -1 -1 -1.6843 978.0436 857.6044 1151.9563 1041.6544 1.5305 1.8207 4.1084 1.2596 4.9443 19.8400 -1.6221 0.5944
Car -1 -1 2.3396 0.0000 618.1229 192.3005 1216.0000 1.6109 1.8674 4.2505 -4.6161 1.5993 4.7460 1.6674 0.2923
