Pedestrian -1 -1 1.4707 980.7224 842.4497 1066.4622 1057.6404 1.7466 0.6913 0.6502 0.5407 3.7149 13.1838 1.5081 0.3682
Pedestrian -1 -1 2.0167 0.0000 233.9720 351.8024 1216.0000 1.6592 0.6619 0.9973 -1.3427 1.2733 1.9771 1.5783 0.3129
Pedestrian -1 -1 1.0119 1159.8693 856.3003 1235.4052 994.5233 1.6844 0.6204 0.9442 3.2550 4.9649 20.6438 1.1616 0.2082
Pedestrian -1 -1 1.2071 1125.6467 846.7667 1175.0747 954.6120 1.6883 0.6177 0.7343 3.2337 5.5520 25.6121 1.3301 0.1385
Pedestrian -1 -1 0.2765 1219.6136 864.6930 1298.5142 995.6092 1.7173 0.7097 0.9925 4.4099 5.3528 22.1333 0.4651 0.1123
Pedestrian -1 -1 1.9241 1173.0514 860.9008 1231.7480 987.9973 1.7180 0.6099 0.9079 3.6785 5.3996 22.7838 2.0784 0.1104
Cyclist -1 -1 1.3105 1219.3464 863.1359 1295.0919 999.5802 1.6821 0.6938 1.6362 4.3766 5.3555 22.2168 1.4971 0.1870
Cyclist -1 -1 1.0553 1150.5747 850.9379 1240.7167 992.5534 1.6757 0.6993 1.2518 3.2257 4.9073 20.6704 1.2035 0.1312
Cyclist -1 -1 -2.2791 1251.0852 837.0946 1366.5516 968.8155 1.7572 0.9902 1.6007 5.5397 5.2840 23.9156 -2.0600 0.1051
Cyclist -1 -1 2.0021 0.0000 240.1891 309.6992 1216.0000 1.6540 0.6560 0.8201 -1.3429 1.2647 1.9278 1.5572 0.1006
Car -1 -1 -1.6769 985.2087 857.0689 1157.0826 1038.2708 1.5039 1.8135 4.0099 1.3327 4.8757 19.6783 -1.6108 0.4365
Car -1 -1 0.9177 0.0000 667.1696 293.2983 1175.2953 1.5147 1.7677 4.1448 -5.0952 1.7303 6.1644 0.3037 0.1453
Car -1 -1 -0.3229 1374.4032 847.2246 1552.6348 921.3526 1.5499 1.7591 3.8771 12.5469 7.2596 37.5130 -0.0066 0.1064
Car -1 -1 -0.4407 0.0000 0.0000 1936.0000 1216.0000 2.0548 2.0201 4.7822 -2.4172 1.3002 0.3193 -1.4900 0.1028
