Pedestrian -1 -1 1.3638 981.8105 850.9592 1076.7308 1070.6792 1.7575 0.7095 0.6660 0.5892 3.8033 13.1459 1.4047 0.3636
Pedestrian -1 -1 1.9409 1184.6389 863.0740 1240.4559 984.8314 1.6613 0.6090 0.7542 3.8273 5.3625 22.7594 2.1014 0.3003
Pedestrian -1 -1 1.3251 1168.4341 865.3638 1229.9901 996.0301 1.5747 0.5911 1.0651 3.2728 4.9824 20.6348 1.4756 0.1685
Pedestrian -1 -1 -1.4059 559.9212 732.9984 671.3802 997.1674 1.7826 0.6726 0.6198 -2.4562 2.5780 10.6798 -1.6121 0.1618
Pedestrian -1 -1 1.1073 1324.4384 849.5964 1386.3038 964.2682 1.6419 0.7007 0.6880 6.1705 5.2250 23.4355 1.3545 0.1126
Cyclist -1 -1 1.2127 1163.8292 856.7012 1252.5807 999.3267 1.6401 0.7282 1.4620 3.3745 4.9481 20.5519 1.3683 0.2535
Cyclist -1 -1 1.3724 1225.5883 864.7953 1289.0863 996.9890 1.6978 0.6737 1.2966 4.3865 5.3679 22.2262 1.5593 0.1409
Cyclist -1 -1 -2.8634 1259.2177 847.0392 1392.3069 978.9896 1.7487 0.9076 1.8599 5.7315 5.3694 23.5259 -2.6338 0.1345
Car -1 -1 -1.6949 979.9951 854.4382 1162.7373 1041.7913 1.5380 1.8635 4.1925 1.3246 4.8889 19.6845 -1.6293 0.6047
Car -1 -1 2.8911 1256.0927 841.1755 1434.6113 915.9021 1.6277 1.8902 4.1727 9.9733 7.4132 39.0500 3.1374 0.1440
Car -1 -1 -0.8288 0.0000 600.5079 187.7508 1216.0000 1.6177 1.8330 4.1170 -4.5886 1.5738 4.8142 -1.4930 0.1189
