Pedestrian -1 -1 1.3324 1003.0565 850.0972 1093.5654 1060.7152 1.6780 0.6560 0.6386 0.7542 3.7056 13.0897 1.3848 0.4490
Pedestrian -1 -1 1.6247 567.7758 734.8701 673.4804 1009.2883 1.8221 0.6831 0.7023 -2.4111 2.6343 10.6467 1.4218 0.2878
Pedestrian -1 -1 1.4087 1167.3739 854.1790 1226.9349 987.1134 1.6232 0.6396 1.0960 3.2568 4.8841 20.7167 1.5581 0.2755
Pedestrian -1 -1 2.1178 1182.3988 862.5579 1246.3170 983.8496 1.6375 0.6074 0.8506 3.8528 5.3357 22.7503 2.2794 0.1588
Pedestrian -1 -1 1.0373 1230.8199 853.1346 1296.9480 983.7402 1.7382 0.6196 0.8301 4.4712 5.1908 22.1273 1.2284 0.1525
Pedestrian -1 -1 1.2033 895.0490 867.4738 986.4255 1080.4178 1.7365 0.6664 0.5569 -0.1888 3.9798 13.4476 1.1911 0.1172
Pedestrian -1 -1 -0.8376 1423.9899 833.5682 1481.7803 936.2015 1.4868 0.6289 0.6091 7.8282 4.8699 23.8199 -0.5326 0.1048
Pedestrian -1 -1 1.4105 1452.5637 825.4656 1495.7421 928.2924 1.6929 0.6192 0.6574 9.0662 5.2906 26.4512 1.7294 0.1021
Cyclist -1 -1 1.2116 1165.5814 854.9515 1251.7422 995.2180 1.6275 0.7188 1.3889 3.3858 4.9081 20.5730 1.3676 0.2786
Cyclist -1 -1 1.4418 1229.0350 865.5438 1288.2777 997.4893 1.6631 0.6756 1.4211 4.4078 5.3590 22.2383 1.6295 0.1876
Cyclist -1 -1 -2.9831 1262.6005 847.5539 1398.3638 979.8851 1.7741 0.9119 1.9592 5.8086 5.3941 23.5187 -2.7506 0.1335
Car -1 -1 -1.6856 982.9898 857.8585 1161.4795 1044.9423 1.5280 1.8472 4.2352 1.3421 4.9415 19.7529 -1.6193 0.4969
Car -1 -1 2.3288 0.0000 616.7324 201.7104 1216.0000 1.6478 1.8666 4.1827 -4.5876 1.6334 4.8189 1.6658 0.1584
Car -1 -1 2.1446 0.0000 709.3024 209.2346 956.6752 1.7600 2.0340 5.1355 -9.9076 2.7533 15.0041 1.5975 0.1025
