Pedestrian -1 -1 1.6787 1283.8864 865.8373 1332.1166 990.7524 1.6539 0.6177 0.8649 5.1686 5.3240 22.2708 1.8970 0.2759
Pedestrian -1 -1 1.6706 1456.1517 844.4877 1516.1859 967.0991 1.6659 0.7940 1.0277 8.1536 5.1672 23.2128 1.9943 0.1671
Pedestrian -1 -1 1.7134 1329.2661 865.2292 1377.9882 996.8052 1.7294 0.5956 0.7232 5.7067 5.2947 21.7376 1.9585 0.1557
Pedestrian -1 -1 1.3879 1091.3031 850.9095 1179.7953 1071.6318 1.7328 0.6341 0.6980 1.4910 3.7351 12.8760 1.4927 0.1555
Pedestrian -1 -1 1.1665 1261.5364 874.7993 1328.4762 1009.8668 1.6277 0.5925 0.8489 4.5110 5.0908 20.2497 1.3749 0.1250
Cyclist -1 -1 1.0957 1247.0577 863.9648 1342.8693 1008.0704 1.6331 0.6769 1.4389 4.5168 5.0082 20.3295 1.3037 0.1801
Cyclist -1 -1 1.1637 1321.2548 847.6669 1408.5072 985.9111 1.7136 0.7138 1.3982 5.8348 5.0555 21.6879 1.4147 0.1585
Car -1 -1 2.0011 0.0000 722.1733 122.0137 841.2026 1.6398 1.9671 4.7490 -17.3087 3.5641 27.1118 1.4567 0.2770
Car -1 -1 -1.7142 1080.3921 854.9311 1270.8665 1048.5116 1.6123 1.8352 4.1321 2.6605 4.9274 19.4733 -1.5845 0.2756
Car -1 -1 0.5941 1622.2418 772.0228 1936.0000 1177.6466 1.6415 1.8199 4.3014 6.8753 2.8627 10.0794 1.1403 0.1314
