Pedestrian -1 -1 1.3085 1201.4839 835.8101 1301.7784 1065.3175 1.7606 0.6566 0.7054 2.4263 3.5846 12.5520 1.4818 0.2916
Pedestrian -1 -1 1.4662 1385.0367 796.8450 1404.6896 855.4683 1.8614 0.5737 0.5205 14.3752 7.5982 49.5873 1.7462 0.2313
Pedestrian -1 -1 0.8450 1343.3280 865.4109 1427.2083 1008.1469 1.6636 0.6181 0.9082 5.6087 4.9370 19.8089 1.1067 0.1808
Pedestrian -1 -1 -0.5224 1807.6542 809.7294 1936.0000 1084.2775 1.7495 0.7305 0.5611 6.3782 3.0809 10.4009 -0.0216 0.1581
Pedestrian -1 -1 1.8650 1374.6670 858.7401 1432.7015 988.8201 1.6897 0.6004 0.8454 6.4545 5.1803 21.8051 2.1397 0.1413
Cyclist -1 -1 1.0330 1409.4542 843.6132 1524.3770 991.6721 1.7293 0.7429 1.7197 7.1092 4.9517 21.1115 1.3424 0.1634
Cyclist -1 -1 0.9685 1338.4160 873.8130 1444.8239 1023.9393 1.6530 0.6897 1.3579 5.6572 5.0616 19.7240 1.2332 0.1576
Cyclist -1 -1 -2.2321 1436.2478 846.0659 1562.8770 986.3227 1.7488 0.9314 1.7223 8.1278 5.2427 22.6585 -1.9027 0.1430
Cyclist -1 -1 2.0897 205.6349 691.9467 280.8044 782.1605 1.8178 0.7713 1.5515 -15.4135 3.2950 32.1399 1.6600 0.1161
Car -1 -1 -1.7564 1171.2856 861.4413 1382.4166 1056.2328 1.5479 1.8253 4.1552 3.8669 4.8858 19.0210 -1.5664 0.2839
Car -1 -1 0.7310 0.0000 677.8874 357.1911 1190.4186 1.5067 1.8188 4.4475 -4.9111 1.7520 5.7783 0.1087 0.2808
Car -1 -1 2.1080 0.0000 734.6158 242.4376 916.3010 1.6923 1.9268 4.7957 -11.4463 3.2854 19.2871 1.6021 0.1712
Car -1 -1 2.0450 0.0000 717.7047 228.1319 827.0733 1.5891 1.9049 4.3887 -15.5738 3.4446 27.6888 1.5544 0.1477
