Pedestrian -1 -1 1.9858 1228.6154 863.8821 1293.0049 989.9952 1.6750 0.6388 0.9227 4.5210 5.3683 22.5502 2.1758 0.2658
Pedestrian -1 -1 1.3829 1218.2421 866.6533 1281.8611 1004.5792 1.6311 0.6268 1.2213 3.9353 5.0355 20.4463 1.5643 0.1847
Pedestrian -1 -1 -1.4223 1009.2712 801.7539 1099.7191 1052.7424 1.9057 0.6554 0.6537 0.7736 3.4045 12.2866 -1.3660 0.1351
Pedestrian -1 -1 1.6590 1405.1057 844.4669 1461.8470 969.4572 1.7571 0.7868 0.8763 7.4314 5.2915 23.5195 1.9525 0.1290
Pedestrian -1 -1 -1.7360 612.2860 725.9509 718.3300 1004.5283 1.8482 0.6504 0.6556 -2.1134 2.5956 10.6431 -1.9149 0.1090
Pedestrian -1 -1 1.4001 1041.6378 840.8857 1129.6202 1063.4615 1.7512 0.6375 0.7361 1.0656 3.6765 12.9333 1.4748 0.1003
Cyclist -1 -1 1.3573 1209.2638 862.1082 1281.4907 1001.1828 1.6119 0.6738 1.4410 3.8890 4.9893 20.5609 1.5357 0.2365
Cyclist -1 -1 1.2882 1287.4257 857.2474 1364.2032 990.4339 1.6583 0.7231 1.3551 5.2840 5.1451 21.7456 1.5160 0.1679
Cyclist -1 -1 -1.4539 1187.5524 856.5005 1240.0830 974.0383 1.6644 0.7074 1.5743 4.3005 5.7300 25.3974 -1.2910 0.1287
Car -1 -1 -1.6965 1037.1127 841.2831 1220.2598 1022.0338 1.5143 1.8385 4.0586 2.0592 4.6314 19.4914 -1.5954 0.6347
Car -1 -1 2.0177 0.0000 723.6039 81.4110 853.5873 1.8033 1.9932 4.7144 -18.0082 3.7435 26.9379 1.4532 0.3388
Car -1 -1 1.7705 414.2843 834.4235 540.5838 938.3318 1.5127 1.7589 3.8876 -10.2429 6.2679 31.9225 1.4780 0.2756
Car -1 -1 -1.2291 0.0000 683.9183 308.2624 1216.0000 1.5651 1.8155 4.0616 -4.4639 1.9194 6.8207 -1.7442 0.1590
Car -1 -1 0.6577 1538.0084 768.5873 1936.0000 1146.2297 1.6375 1.8828 4.4122 6.5115 2.8968 10.7080 1.1571 0.1252
Car -1 -1 2.6125 1659.1229 826.7419 1936.0000 979.6828 1.7754 1.8729 4.2595 12.3287 4.7316 20.9231 3.1216 0.1220
Car -1 -1 0.1596 526.1568 789.1003 814.0517 890.7591 1.5355 1.9350 4.8102 -5.1311 4.5946 26.8521 -0.0169 0.1100
