Pedestrian -1 -1 1.5055 1406.1759 875.5416 1457.3273 1014.7125 1.6294 0.5764 0.7573 6.1280 4.9706 19.5019 1.7938 0.3456
Pedestrian -1 -1 -1.5972 1867.6794 809.2253 1936.0000 1094.5487 1.7887 0.6971 0.5523 6.6730 3.1102 10.3124 -1.0739 0.3258
Pedestrian -1 -1 1.2696 1211.4838 841.2815 1323.1056 1076.3414 1.7911 0.7272 0.7172 2.5522 3.6618 12.5292 1.4520 0.3183
Pedestrian -1 -1 1.4732 1417.4377 809.0016 1437.5419 864.7064 1.7441 0.5832 0.5028 15.3179 7.8313 49.1412 1.7726 0.1338
Pedestrian -1 -1 2.0029 1648.6918 813.2419 1700.5317 923.0342 1.7044 0.6184 0.5383 11.9394 4.9088 25.0324 2.4318 0.1075
Cyclist -1 -1 1.0417 1363.1180 860.6394 1457.9169 1003.5440 1.6180 0.6577 1.2425 5.9530 4.8583 19.8714 1.3178 0.1574
Cyclist -1 -1 0.4331 1490.5601 844.9644 1633.0432 988.9727 1.7657 0.9069 1.7400 8.8787 5.1629 22.1464 0.7973 0.1536
Cyclist -1 -1 -1.6596 1359.0922 863.9937 1408.8101 980.6560 1.6308 0.6561 1.3089 6.9080 5.6572 24.4824 -1.3951 0.1214
Car -1 -1 -1.7423 1200.5193 853.5402 1411.9772 1044.6404 1.5009 1.8482 4.1121 4.1960 4.6990 18.8296 -1.5348 0.4496
Car -1 -1 0.7040 0.0000 669.3976 397.1603 1183.6183 1.5422 1.8122 4.4388 -4.7434 1.7481 5.8003 0.0991 0.4000
Car -1 -1 2.7380 1473.2968 848.9348 1668.5239 927.7509 1.6030 1.8185 4.0670 14.9672 7.2681 36.8522 3.1151 0.2234
Car -1 -1 2.0587 0.0000 769.2977 281.2025 952.2140 1.6439 1.8788 4.5744 -10.8001 3.7350 19.3601 1.5797 0.1982
Car -1 -1 0.0456 681.9329 795.4137 958.8345 894.2988 1.4525 1.8792 4.7275 -2.4398 4.5965 26.5442 -0.0381 0.1266
