Pedestrian -1 -1 1.6445 1332.9740 861.2824 1380.9513 989.0037 1.6686 0.6278 0.9239 5.8435 5.2412 22.0643 1.8919 0.2622
Pedestrian -1 -1 -1.3226 1741.6969 829.6482 1877.2299 1095.7858 1.6717 0.7091 0.7397 6.0667 3.2057 10.6927 -0.8531 0.2425
Pedestrian -1 -1 1.2559 1314.7424 868.7654 1381.1997 1009.2136 1.6799 0.6104 0.8668 5.1426 5.0031 19.9232 1.4957 0.2026
Pedestrian -1 -1 1.3870 1129.0751 856.5782 1222.5227 1083.9565 1.7608 0.6553 0.7522 1.8216 3.8011 12.7763 1.5156 0.1962
Cyclist -1 -1 -1.9885 1376.4159 857.9069 1455.9604 994.5629 1.7053 0.6675 1.1500 6.4883 5.1317 21.3751 -1.7076 0.2193
Cyclist -1 -1 1.1676 1311.6257 869.5814 1399.7125 1014.6508 1.6137 0.6251 1.3756 5.2090 4.9761 19.8218 1.4114 0.1883
Cyclist -1 -1 -1.9014 1271.5397 845.9957 1345.4143 966.7931 1.6682 0.6438 1.7822 5.7709 5.4927 24.9465 -1.6821 0.1130
Car -1 -1 -1.8187 1100.5846 866.1303 1328.6503 1061.8282 1.5274 1.8610 4.0867 3.0753 4.9393 19.0286 -1.6665 0.4233
Car -1 -1 2.0666 0.0000 720.4752 177.6989 834.8192 1.5835 1.9239 4.6723 -16.2946 3.4606 27.0116 1.5469 0.3358
Car -1 -1 2.0427 87.9566 728.1303 377.2619 877.8038 1.8360 2.1210 4.9240 -11.6166 3.6881 24.3191 1.6196 0.1204
Car -1 -1 2.0494 0.0000 736.6757 232.9162 919.3336 1.7110 1.8988 4.8757 -11.5719 3.3516 19.4864 1.5431 0.1159
