Pedestrian -1 -1 -0.9358 1740.0182 822.2280 1895.9142 1093.2914 1.7200 0.7115 0.6676 6.0847 3.1852 10.6371 -0.4632 0.2780
Pedestrian -1 -1 1.7673 1349.4999 860.4624 1405.2842 989.1795 1.6667 0.6295 0.9261 6.1121 5.2111 21.9473 2.0267 0.1841
Pedestrian -1 -1 1.1525 1322.5117 867.1243 1398.8281 1007.9760 1.6504 0.6273 0.9838 5.3068 4.9627 19.9115 1.3996 0.1635
Pedestrian -1 -1 1.4064 1168.5886 845.0471 1263.5421 1067.9147 1.7293 0.6744 0.7348 2.1537 3.6548 12.7087 1.5589 0.1623
Pedestrian -1 -1 0.9112 1504.2726 838.8727 1580.7426 961.2895 1.6630 0.7554 0.7705 8.7298 4.9480 22.4777 1.2656 0.1345
Cyclist -1 -1 -2.1170 1373.3588 859.1264 1486.2897 1000.7698 1.6270 0.6689 1.8249 6.6576 5.1217 21.3451 -1.8289 0.3485
Cyclist -1 -1 1.0932 1306.5134 867.4304 1400.4685 1009.7994 1.6104 0.6870 1.2991 5.2418 4.9779 20.0523 1.3360 0.1696
Car -1 -1 0.7303 0.0000 674.0387 344.6464 1189.0790 1.5304 1.8425 4.4819 -5.0008 1.7588 5.8054 0.1015 0.4315
Car -1 -1 2.0320 0.0000 718.6769 189.6297 836.4373 1.6462 1.9091 4.7372 -16.0953 3.5012 27.1652 1.5199 0.3734
Car -1 -1 -3.5119 1551.0906 843.7071 1710.5082 911.9619 1.5691 1.7397 3.6409 18.4764 7.7622 41.3818 -3.0999 0.1966
Car -1 -1 2.6692 1403.2354 836.1039 1593.4379 916.3403 1.6318 1.8078 4.1580 13.5304 7.1343 37.7845 3.0061 0.1863
Car -1 -1 -1.7101 1148.7966 858.2984 1346.2712 1057.4594 1.5884 1.8424 4.2213 3.5117 4.9009 19.0835 -1.5375 0.1610
