Pedestrian -1 -1 1.3553 1077.1708 841.6927 1167.0745 1058.2573 1.7010 0.6342 0.6725 1.3745 3.6194 12.8615 1.4520 0.4024
Pedestrian -1 -1 1.7257 1262.4126 867.2983 1312.2930 992.8676 1.6648 0.6065 0.8818 4.8790 5.3723 22.3529 1.9316 0.2631
Pedestrian -1 -1 1.5044 1323.7134 871.5798 1371.2418 999.4283 1.6436 0.5970 0.9371 5.6011 5.3111 21.7201 1.7453 0.2291
Pedestrian -1 -1 1.1579 1416.6520 852.5737 1483.1622 970.1838 1.6402 0.7190 0.7554 7.4678 5.1864 22.8780 1.4599 0.1838
Pedestrian -1 -1 -0.8108 184.1399 719.3239 227.1487 800.6132 1.6305 0.5571 0.5753 -15.7571 3.6227 31.1904 -1.2596 0.1809
Pedestrian -1 -1 -1.3924 1045.2266 813.1732 1139.3761 1061.5201 1.8590 0.6682 0.6129 1.0715 3.4371 12.1538 -1.3135 0.1479
Pedestrian -1 -1 1.1974 1347.0065 859.8726 1424.1066 980.8159 1.6272 0.7707 1.1503 6.5453 5.3561 23.1184 1.4618 0.1201
Pedestrian -1 -1 1.2727 1233.1860 861.4814 1313.2134 1004.9689 1.6568 0.6835 1.3626 4.2235 4.9860 20.3310 1.4678 0.1055
Cyclist -1 -1 1.1792 1307.4061 867.2056 1392.0277 1004.1951 1.6847 0.7053 1.3766 5.6235 5.3225 21.7183 1.4211 0.2025
Cyclist -1 -1 1.1482 1228.2202 860.4736 1316.9480 1004.6283 1.6750 0.7016 1.3121 4.2389 5.0083 20.4422 1.3430 0.1676
Cyclist -1 -1 -2.6097 1344.2904 849.2238 1471.1748 986.5971 1.7615 0.9355 1.6248 6.8734 5.3574 23.0610 -2.3322 0.1369
Cyclist -1 -1 -1.7385 1205.3352 860.3270 1263.2164 976.2808 1.6241 0.6795 1.6786 4.5851 5.7247 25.2055 -1.5641 0.1341
Car -1 -1 2.0664 0.0000 727.6655 121.3649 863.7922 1.8535 2.0298 5.0381 -17.3798 3.8729 26.8147 1.5162 0.3452
Car -1 -1 3.7858 0.0000 668.7289 267.9043 1154.3848 1.5362 1.7467 4.3327 -5.2549 1.7320 5.7856 3.1321 0.2055
Car -1 -1 0.5585 1609.7653 771.2853 1936.0000 1170.1318 1.6148 1.8331 4.3431 6.8533 2.8368 10.1319 1.1014 0.1600
