Pedestrian -1 -1 1.7639 1866.0712 804.3899 1936.0000 1090.6241 1.7932 0.6962 0.4774 6.6747 3.0773 10.2902 2.2883 0.3100
Pedestrian -1 -1 1.5769 1437.0397 865.9619 1483.6570 997.9439 1.6700 0.6211 0.9412 7.1525 5.2153 21.4505 1.8836 0.2521
Pedestrian -1 -1 1.3504 1895.5128 830.9131 1936.0000 1093.0398 1.7524 0.7047 0.5462 7.3202 3.3119 10.9497 1.8908 0.1995
Pedestrian -1 -1 1.4099 1438.1848 803.2752 1459.3287 857.2949 1.6840 0.5798 0.5241 15.9450 7.5555 48.9215 1.7219 0.1617
Pedestrian -1 -1 1.5262 1433.8418 873.5095 1484.5710 1013.9355 1.6163 0.5726 0.8036 6.4215 4.9032 19.3095 1.8300 0.1383
Pedestrian -1 -1 1.0835 1591.8556 843.0007 1671.0863 968.8118 1.6545 0.7101 0.8912 9.7520 4.9009 21.7849 1.4856 0.1241
Pedestrian -1 -1 1.3826 1204.5287 837.7166 1314.7670 1082.5546 1.8000 0.7061 0.9734 2.4438 3.6256 12.3378 1.5598 0.1017
Cyclist -1 -1 -1.7501 1493.2098 861.4322 1561.6793 1004.3593 1.7245 0.6730 1.1665 7.8455 5.1080 20.7610 -1.4065 0.1978
Cyclist -1 -1 0.3373 1518.3772 853.3665 1666.6189 997.6353 1.7425 0.8469 1.8262 9.2278 5.2281 21.8953 0.7181 0.1228
Cyclist -1 -1 1.3027 1432.8579 879.8983 1508.0754 1026.2242 1.6066 0.5902 1.2401 6.5397 4.9974 19.2534 1.6124 0.1183
Car -1 -1 2.0349 50.1517 718.5458 282.5257 832.1110 1.6729 1.9073 4.6387 -14.7982 3.5828 28.1778 1.5723 0.2882
Car -1 -1 -1.8726 1192.8149 864.6939 1447.1715 1063.6204 1.4986 1.8530 4.1699 4.2984 4.8315 18.6271 -1.6584 0.2531
Car -1 -1 1.9539 181.8199 746.6071 449.6754 888.4446 1.6481 2.1162 5.1921 -10.3183 3.8490 24.4416 1.5756 0.1269
Car -1 -1 0.6241 0.0000 660.9145 408.1615 1155.3561 1.5639 1.8021 4.3588 -4.6714 1.7275 5.8322 0.0281 0.1147
