Pedestrian -1 -1 1.0413 1520.7194 876.4064 1600.5083 1023.7884 1.6700 0.6154 0.7848 7.5584 4.9194 18.8819 1.4011 0.1553
Pedestrian -1 -1 1.3593 1543.2393 869.7508 1606.5945 1008.9147 1.7299 0.6375 0.8258 8.4675 5.1875 20.6593 1.7291 0.1119
Pedestrian -1 -1 1.5260 1253.3097 883.9536 1336.9352 1114.9524 1.7189 0.6336 0.7567 2.7783 3.9572 12.4982 1.7244 0.1081
Cyclist -1 -1 1.1624 1594.8561 855.2807 1685.3756 1003.1359 1.7396 0.6559 1.2314 9.1212 4.9365 20.1346 1.5667 0.1823
Cyclist -1 -1 -2.8985 1607.0853 841.4121 1793.3954 997.9486 1.8076 0.8762 2.2290 10.4490 5.0265 21.1913 -2.4614 0.1712
Cyclist -1 -1 0.6383 1465.3156 864.0388 1570.9401 983.9045 1.6229 0.7043 1.4729 9.0256 5.6344 24.2782 0.9799 0.1388
Cyclist -1 -1 -1.8542 1726.0753 802.1075 1801.2644 896.4808 1.8160 0.8266 2.6699 18.9523 6.1741 35.3875 -1.3736 0.1306
Cyclist -1 -1 0.7514 1494.0651 866.4861 1608.7966 1022.5438 1.6838 0.6715 1.2169 7.4751 4.8622 18.9802 1.1062 0.1087
Car -1 -1 0.5919 0.0000 695.1409 592.2769 1216.0000 1.5460 1.8505 4.9512 -4.1145 1.8609 5.6722 0.0432 0.3233
Car -1 -1 -0.3814 1749.0978 844.6321 1936.0000 923.8853 1.6639 1.7473 3.9415 22.9005 7.5409 38.8573 0.1398 0.1076
