Pedestrian -1 -1 1.1539 1453.6523 868.1255 1524.1865 1012.2957 1.6744 0.5733 0.7939 6.7717 4.8687 19.2171 1.4745 0.3015
Pedestrian -1 -1 -1.5605 1534.8105 871.9142 1586.5900 1012.7635 1.7259 0.6474 0.7885 8.2155 5.1939 20.5107 -1.1985 0.2837
Pedestrian -1 -1 1.1209 822.3573 775.5402 947.2199 1085.9313 1.9629 0.6450 0.6451 -0.5332 3.0465 10.3194 1.0726 0.1605
Pedestrian -1 -1 1.1938 1460.6078 871.6259 1527.4647 1003.5254 1.6871 0.6067 0.8750 7.5694 5.2716 21.2738 1.5193 0.1511
Pedestrian -1 -1 1.0818 1282.3350 845.0349 1405.2327 1092.5251 1.8132 0.6893 0.7592 3.1153 3.6798 12.2241 1.3080 0.1499
Pedestrian -1 -1 1.4003 1791.2573 815.8093 1852.3037 939.6108 1.6325 0.6420 0.6718 12.3294 4.4236 21.4420 1.9004 0.1180
Pedestrian -1 -1 1.2143 1471.8043 806.5992 1494.6163 858.3452 1.6134 0.5691 0.4743 16.9553 7.5463 48.5857 1.5464 0.1141
Cyclist -1 -1 -3.0463 1531.3029 846.7170 1683.8982 990.3215 1.7652 0.8411 1.9827 9.4142 5.1215 21.7930 -2.6570 0.2291
Cyclist -1 -1 1.1059 1430.3217 860.8967 1532.3636 1014.6600 1.6825 0.6869 1.3713 6.7012 4.8482 19.3310 1.4217 0.1680
Cyclist -1 -1 -2.3513 1388.0305 864.8221 1491.8561 987.4612 1.6389 0.6587 1.5976 7.7303 5.6612 24.2111 -2.0547 0.1482
Cyclist -1 -1 -1.7415 1520.2000 869.0348 1595.5157 1015.3860 1.7128 0.7287 1.3083 8.1943 5.1896 20.5857 -1.3815 0.1371
Car -1 -1 0.6587 0.0000 639.9479 466.5794 1132.7328 1.5511 1.7982 4.5993 -4.5331 1.6207 5.8437 0.0761 0.1855
Car -1 -1 -1.7857 1253.7581 860.2877 1488.4634 1060.9493 1.5176 1.8509 4.1970 4.8813 4.7514 18.4201 -1.5413 0.1336
Car -1 -1 1.9371 228.7458 737.4346 489.8453 880.5802 1.7181 2.1623 5.2120 -9.7098 3.7727 24.6842 1.5822 0.1106
