Pedestrian -1 -1 -1.4381 641.5096 845.0452 788.7081 1178.8220 1.6798 0.7078 0.8343 -1.3789 2.9935 8.5028 -1.5821 0.8409
Pedestrian -1 -1 1.5955 748.8791 820.4311 794.4946 939.8691 1.6115 0.6326 0.6140 -2.7341 4.4805 21.6074 1.4799 0.7771
Pedestrian -1 -1 1.3105 1337.2958 836.5546 1434.1445 1043.4821 1.7006 0.6685 0.6719 3.7699 3.6338 13.3208 1.5634 0.7329
Pedestrian -1 -1 -1.6990 1049.3452 837.8579 1107.7338 976.8347 1.6558 0.6646 0.7224 1.5110 4.4660 19.3551 -1.6237 0.6493
Pedestrian -1 -1 -1.6058 920.2635 805.8110 940.8480 865.9254 1.7342 0.6078 0.6427 -0.9367 7.2792 45.5000 -1.6203 0.6481
Pedestrian -1 -1 -0.5579 749.5539 808.2343 781.8203 867.1677 1.7352 0.6728 0.7849 -6.2388 7.6454 47.7010 -0.6782 0.2254
Pedestrian -1 -1 -1.2816 938.6387 802.5784 960.9730 859.8839 1.7988 0.6137 0.5150 -0.3772 7.7016 49.3470 -1.2834 0.1305
Cyclist -1 -1 -1.3923 630.9294 866.6802 791.4021 1197.0353 1.6185 0.7293 0.9498 -1.4011 3.0757 8.5259 -1.5379 0.1100
Car -1 -1 1.6531 728.6694 798.1693 795.6180 860.7505 1.5310 1.8459 3.8872 -6.5496 7.4979 49.5205 1.5310 0.2811
Car -1 -1 3.4089 386.0923 811.5139 610.8460 913.1322 1.8641 1.8889 4.2302 -9.8240 5.9764 31.9807 3.1279 0.1863
