Pedestrian -1 -1 -1.4409 645.2156 745.4900 785.8294 1068.0105 1.7425 0.7148 0.6683 -1.4094 2.4694 8.6738 -1.5871 0.6854
Pedestrian -1 -1 1.7044 735.6887 752.6419 785.1520 874.8962 1.6100 0.5939 0.6303 -2.7719 3.4034 20.6768 1.5806 0.5854
Pedestrian -1 -1 -1.7164 1048.4108 750.6024 1107.8188 892.7648 1.7471 0.6579 0.8528 1.5250 3.4341 19.6206 -1.6416 0.5716
Pedestrian -1 -1 -1.1968 747.2026 738.1465 781.2831 804.8259 1.6909 0.7011 0.6613 -5.2297 4.7292 39.7138 -1.3193 0.3842
Pedestrian -1 -1 -2.6453 718.6520 739.5099 755.8392 797.0147 1.4153 0.7484 0.6864 -5.8621 4.4519 39.1512 -2.7851 0.2157
Pedestrian -1 -1 1.1476 1398.7827 757.1462 1517.7666 987.6982 1.8110 0.7158 0.7037 4.1740 2.9598 12.5957 1.4406 0.2007
Pedestrian -1 -1 2.0293 912.5049 741.4230 940.4851 801.8550 1.7129 0.6004 0.6584 -1.0322 5.2101 44.4561 2.0114 0.1401
Cyclist -1 -1 1.7007 910.3155 738.6362 941.4402 803.4109 1.7715 0.7272 1.5179 -1.0455 5.2154 44.4854 1.6826 0.2033
Cyclist -1 -1 3.2370 723.5038 735.0149 788.3322 795.8983 1.8385 0.8451 1.9522 -6.4792 5.3516 47.2556 3.1092 0.1955
Cyclist -1 -1 2.9590 834.7160 741.2249 913.8169 807.5824 1.8648 0.8983 2.2632 -2.6331 5.4335 45.1782 2.9073 0.1514
Cyclist -1 -1 1.7038 508.2705 709.3651 571.0745 831.6382 1.7827 0.7320 1.6113 -6.6967 3.1757 23.8169 1.4447 0.1392
