Pedestrian -1 -1 -1.4237 639.0441 700.3714 778.4391 1017.8837 1.7795 0.7218 0.6158 -1.4780 2.2412 8.8380 -1.5749 0.8384
Pedestrian -1 -1 -2.9289 714.5299 691.8988 771.9343 829.6733 1.7449 0.7422 0.6001 -2.8679 2.6459 19.7157 -3.0642 0.4875
Pedestrian -1 -1 2.0036 1033.3875 716.4736 1112.5823 850.0647 1.6277 0.6484 1.0831 1.4812 2.8737 19.7164 2.0758 0.2249
Pedestrian -1 -1 -1.1856 1192.9000 692.3667 1256.3589 830.8649 1.6416 0.5921 0.6102 3.2680 2.4970 18.5447 -1.0200 0.1184
Pedestrian -1 -1 -0.1220 985.3646 785.0099 1020.4568 839.2476 1.2151 0.6927 0.7709 1.0022 5.1238 36.1271 -0.0908 0.1118
Pedestrian -1 -1 1.6694 1494.4142 715.0466 1590.7606 940.9576 1.6806 0.6724 0.6730 4.6424 2.4267 11.9295 2.0091 0.1112
Cyclist -1 -1 1.5570 1046.8799 715.0906 1104.8038 854.3048 1.6753 0.7327 1.4274 1.4951 2.9066 19.6817 1.6300 0.2643
Cyclist -1 -1 0.0482 850.5034 731.1941 926.7174 803.9627 1.8338 0.8581 1.9614 -1.9031 4.6646 39.3909 0.0058 0.1960
Cyclist -1 -1 3.1857 760.3685 732.4612 837.4337 808.2933 1.7387 0.8671 1.8089 -3.9118 4.3731 36.1433 3.0856 0.1467
Cyclist -1 -1 3.0004 853.7968 712.2291 957.6951 797.0578 1.8311 0.8681 2.2768 -1.2775 3.8641 34.1893 2.9681 0.1062
