Pedestrian -1 -1 -1.4558 636.5318 719.0026 783.5505 1061.8834 1.8300 0.7312 0.8906 -1.4374 2.4056 8.6901 -1.6047 0.9063
Pedestrian -1 -1 2.2098 723.6800 728.0656 784.3677 852.7682 1.6174 0.6129 0.5510 -2.8297 3.0538 20.4317 2.0814 0.6527
Pedestrian -1 -1 -1.2732 1047.5787 732.7236 1109.8770 870.0654 1.6997 0.6302 0.7379 1.5509 3.1521 19.6855 -1.1974 0.5511
Pedestrian -1 -1 0.9537 1426.3356 730.1339 1549.0226 964.6468 1.8232 0.6923 0.6809 4.3702 2.7289 12.4409 1.2633 0.3207
Pedestrian -1 -1 2.5910 1561.9252 761.1900 1669.5852 989.7379 1.7668 0.6621 0.5406 5.4068 2.9287 12.3773 2.9694 0.2718
Pedestrian -1 -1 2.1469 1621.1062 792.0060 1754.8549 1022.0629 1.6099 0.6555 0.7270 5.6465 2.9620 11.6266 2.5606 0.2590
Pedestrian -1 -1 -2.1082 719.6149 736.6424 760.0927 793.2533 1.3875 0.6610 0.9674 -5.8569 4.3858 39.5420 -2.2466 0.1489
Pedestrian -1 -1 -2.2878 714.9794 743.4095 755.9402 804.9269 1.4752 0.6565 0.8317 -5.7966 4.5585 38.3862 -2.4287 0.1022
Cyclist -1 -1 3.1115 830.5588 743.3523 899.6523 805.6370 1.8394 0.8497 2.1313 -3.0072 5.5751 46.6456 3.0538 0.2215
Cyclist -1 -1 1.8453 1039.0314 727.3446 1108.6146 866.4028 1.6952 0.6782 0.9580 1.4852 3.0788 19.6304 1.9181 0.1003
