Pedestrian -1 -1 1.5553 1171.8077 676.0793 1261.2908 903.0450 1.7399 0.6874 0.7038 2.0430 2.1654 12.0379 1.7071 0.8778
Pedestrian -1 -1 -1.3383 1325.3268 656.9248 1485.2788 1028.3944 1.8871 0.7127 0.7126 2.4312 2.0722 8.1611 -1.0881 0.6872
Pedestrian -1 -1 2.6110 1626.8878 697.1854 1721.2512 843.5375 1.6322 0.6385 0.7700 8.2809 2.4902 17.3918 3.0330 0.4431
Pedestrian -1 -1 0.2996 0.0000 641.1145 92.0822 843.1231 1.6459 0.6883 0.5952 -7.8010 1.7874 12.6490 -0.2166 0.1581
Pedestrian -1 -1 -1.5831 1619.5197 698.1918 1669.8455 824.3436 1.7188 0.6326 0.5822 9.6913 2.7781 21.2214 -1.1717 0.1501
Pedestrian -1 -1 -1.1155 1767.0311 662.9268 1857.2880 821.7840 1.6978 0.6634 0.6503 9.4778 2.1332 16.6618 -0.6236 0.1346
Pedestrian -1 -1 -2.2661 1663.5277 677.9653 1745.0887 811.5897 1.7637 0.7258 0.6915 10.1801 2.5064 20.5024 -1.8236 0.1341
Pedestrian -1 -1 -2.9579 1782.7800 689.6601 1880.7091 850.7342 1.5827 0.7788 0.7761 9.1292 2.2854 15.6807 -2.4588 0.1308
Pedestrian -1 -1 1.2326 1864.3966 649.4174 1936.0000 814.3434 1.7593 0.6314 0.6140 10.3865 2.0345 16.4235 1.7698 0.1155
Pedestrian -1 -1 3.4649 34.5907 628.4640 132.4437 817.8188 1.6443 0.6781 0.5530 -7.8421 1.6771 13.3822 2.9680 0.1019
Cyclist -1 -1 0.0036 1242.2404 729.1367 1339.0487 807.3311 1.8537 0.9638 2.3802 8.3882 4.5616 38.1205 0.2180 0.1093
