Pedestrian -1 -1 -1.7080 1466.4330 664.0173 1644.1757 1043.5950 1.8328 0.6977 0.9837 3.0985 2.0534 7.8826 -1.3825 0.8350
Pedestrian -1 -1 1.5375 1285.8018 680.5686 1387.1461 933.8044 1.8190 0.7052 0.6993 2.8290 2.2560 11.3310 1.7582 0.8061
Pedestrian -1 -1 1.9745 1761.7717 703.4109 1861.2532 871.2498 1.7696 0.6925 0.8941 9.5701 2.6822 16.8321 2.4654 0.5503
Pedestrian -1 -1 1.2627 1578.8458 721.8750 1618.2283 810.0756 1.8111 0.6220 0.5672 13.5032 3.8867 31.6975 1.6564 0.2118
Pedestrian -1 -1 -2.0821 1866.8911 668.9355 1936.0000 803.4842 1.7164 0.6346 0.7224 12.4547 2.3072 19.6907 -1.5396 0.1811
Pedestrian -1 -1 -1.5186 1725.4834 694.2725 1769.9393 804.3960 1.7053 0.6121 0.5963 12.6681 2.8417 24.0864 -1.0497 0.1280
Pedestrian -1 -1 -1.4091 1834.9673 693.9422 1896.4351 825.8163 1.6246 0.6008 0.5997 11.6659 2.5347 19.2880 -0.8873 0.1069
Pedestrian -1 -1 -1.9903 923.3431 654.7348 1076.2916 959.3646 1.6996 0.6421 0.7912 0.2180 1.8875 8.9294 -1.9739 0.1015
Pedestrian -1 -1 -1.3124 1705.2822 725.1125 1761.2511 835.2879 1.5819 0.6230 0.6298 11.7285 3.1340 22.7187 -0.8528 0.1002
Cyclist -1 -1 -3.2313 1767.6050 702.0901 1874.5112 868.3297 1.7480 0.6852 0.9614 9.5816 2.6359 16.6970 -2.7368 0.1203
Car -1 -1 -2.0307 1682.5150 723.6558 1936.0000 911.4708 1.6733 1.7444 3.9051 10.1405 2.9537 17.4010 -1.5290 0.1362
Car -1 -1 -1.7250 1932.0291 750.4026 1936.0000 1032.7230 1.5006 1.7930 3.6825 9.0021 2.6642 11.8173 -1.1185 0.1340
