Pedestrian -1 -1 3.2477 85.5009 837.6447 162.4926 1008.5364 1.7500 0.6565 0.7026 -9.4291 4.2119 16.8618 2.7190 0.6178
Pedestrian -1 -1 3.1869 438.3014 818.1360 509.0854 1020.6635 1.6996 0.6615 0.5986 -4.4632 3.5242 13.7185 2.8551 0.6130
Pedestrian -1 -1 -1.7977 1594.2909 793.3364 1679.9856 965.8813 1.7460 0.7400 0.6989 7.3968 3.6406 16.3938 -1.3315 0.5928
Pedestrian -1 -1 3.3475 296.0292 799.7343 404.8928 1024.6398 1.7605 0.7176 0.7456 -5.2121 3.3069 12.7990 2.9347 0.5768
Pedestrian -1 -1 0.4868 463.4166 831.0966 534.7767 1001.8250 1.6425 0.6752 0.4552 -4.8323 3.8528 15.6584 0.1760 0.4246
Pedestrian -1 -1 1.7687 1389.2593 806.5108 1425.7104 896.2475 1.7738 0.6348 0.5329 9.4051 5.6485 31.5177 2.0817 0.3390
Pedestrian -1 -1 0.3501 512.8363 837.5011 577.5094 999.2989 1.6329 0.6252 0.4976 -4.5255 3.9953 16.2876 0.0708 0.2680
Pedestrian -1 -1 -1.9071 453.1689 831.5540 520.0402 976.6155 1.5157 0.5692 0.5801 -5.4537 3.9453 17.1783 -2.2241 0.2315
Car -1 -1 -1.6410 1404.7137 783.7681 1553.3096 953.9501 1.8245 1.9690 4.6612 7.9211 4.5605 23.2405 -1.2837 0.6930
Car -1 -1 -1.6700 1394.7928 788.0318 1468.0519 864.7689 1.8567 1.9261 4.5521 15.3327 7.4630 48.9604 -1.3472 0.4203
