Pedestrian -1 -1 1.4051 463.9141 799.8929 574.3199 1042.3098 1.7355 0.7190 0.7321 -3.5254 3.1858 11.9037 1.0960 0.5939
Pedestrian -1 -1 1.2006 584.1625 813.3109 677.0261 1019.7751 1.5791 0.5432 0.7130 -2.8131 3.2359 12.7025 0.9704 0.5737
Pedestrian -1 -1 -1.9892 218.4079 855.9750 287.8854 996.1216 1.7500 0.6545 0.6559 -9.7808 5.0133 20.6576 -2.4402 0.5591
Pedestrian -1 -1 -1.4053 1813.9249 814.1047 1901.3337 991.3204 1.6305 0.6336 0.6690 9.1138 3.6125 15.2040 -0.8149 0.5297
Pedestrian -1 -1 3.1745 7.4040 859.8168 100.8210 1022.6257 1.5817 0.6404 0.8640 -9.9685 4.2439 16.4524 2.6091 0.3773
Pedestrian -1 -1 2.1468 468.2663 818.7976 607.1132 1076.9154 1.6077 0.7042 0.6095 -2.9048 2.9921 10.2878 1.8454 0.3310
Pedestrian -1 -1 3.2663 604.0053 800.3453 671.0994 991.7965 1.7515 0.7049 0.5679 -3.1848 3.5265 14.7518 3.0463 0.2023
Cyclist -1 -1 -1.4089 1508.4882 767.4548 1656.5895 1006.8194 1.7281 0.7994 1.9492 5.4498 3.0702 13.0501 -0.9640 0.4426
Cyclist -1 -1 3.1741 0.0000 871.4664 103.2657 1038.8745 1.5696 0.6467 1.0796 -9.9278 4.3333 16.2081 2.6036 0.2620
Car -1 -1 -1.5412 1585.3236 787.2070 1756.4037 974.7048 1.8438 1.8912 4.3079 10.0929 4.3880 21.1002 -1.0595 0.8218
