Pedestrian -1 -1 0.9013 1050.0295 776.8464 1181.7316 1038.8273 1.5951 0.5727 0.7071 1.0352 2.6650 10.0789 1.0282 0.8528
Pedestrian -1 -1 -0.3360 440.0291 805.0010 531.7986 956.7780 1.4970 0.5807 0.8069 -5.1987 3.5243 16.3566 -0.6558 0.6213
Pedestrian -1 -1 0.5369 953.2435 764.3676 1075.5675 1049.3610 1.6820 0.5805 0.5655 0.3451 2.6159 9.6145 0.5875 0.6203
Pedestrian -1 -1 2.0023 740.9871 779.5865 794.5340 888.7156 1.6295 0.6627 0.5756 -3.0723 4.1266 23.7666 1.8789 0.6050
Pedestrian -1 -1 -2.1661 918.6031 787.0676 1029.2639 990.2026 1.6053 0.7588 0.5972 0.1085 3.0652 13.0052 -2.1463 0.4514
Pedestrian -1 -1 0.5355 536.6930 790.4523 621.9325 977.4169 1.7463 0.7192 0.5489 -3.8576 3.4683 15.1339 0.2759 0.2988
Pedestrian -1 -1 -0.4761 1113.8976 777.4142 1215.5475 1002.8012 1.6913 0.6901 0.5793 1.6524 2.9788 12.2057 -0.3155 0.2100
Pedestrian -1 -1 -0.5923 514.7563 796.6577 608.0445 954.4030 1.6116 0.5730 0.8409 -4.5108 3.6090 16.8852 -0.8615 0.1814
Cyclist -1 -1 -0.7361 1806.6462 794.0428 1936.0000 1139.5861 1.8287 0.8382 2.1619 6.2893 2.8755 8.8051 -0.0287 0.1488
Cyclist -1 -1 -0.2678 439.2942 804.2086 534.2991 957.6375 1.5122 0.5837 0.8622 -5.1866 3.5300 16.3468 -0.5871 0.1433
