Pedestrian -1 -1 -0.2481 991.4637 783.2526 1075.5657 990.1905 1.6267 0.7764 0.5576 0.6115 3.0333 12.8507 -0.1847 0.7639
Pedestrian -1 -1 0.7754 1115.5121 778.5819 1261.8436 1053.7913 1.6002 0.5446 0.7895 1.4685 2.6474 9.7104 0.9577 0.7057
Pedestrian -1 -1 0.4473 1016.8942 758.7864 1147.0665 1071.5433 1.7609 0.5960 0.5904 0.7452 2.6192 9.1782 0.5506 0.6622
Pedestrian -1 -1 -0.2843 505.7098 813.4561 590.2889 963.8638 1.4856 0.5643 0.7587 -4.5106 3.5988 16.3185 -0.5634 0.6093
Pedestrian -1 -1 1.9454 787.6199 781.0329 841.7809 893.1080 1.6484 0.6738 0.5877 -2.2921 4.1331 23.4212 1.8546 0.5762
Pedestrian -1 -1 2.9314 602.6409 785.0504 675.6724 968.3401 1.7014 0.6552 0.5902 -3.2433 3.3569 15.0378 2.7115 0.4544
Pedestrian -1 -1 3.4262 318.4997 786.4014 383.9702 955.0626 1.7611 0.5837 0.5352 -6.7451 3.5834 16.5525 3.0230 0.1661
Pedestrian -1 -1 -0.4552 1171.1910 785.5736 1262.4099 1014.3556 1.6447 0.6522 0.4739 1.9835 2.9372 11.6540 -0.2558 0.1465
Cyclist -1 -1 -0.4052 544.1594 790.3926 665.3559 961.1453 1.6967 0.6364 1.1523 -3.9597 3.6031 16.6254 -0.6455 0.2080
Cyclist -1 -1 -0.8441 1858.3820 795.0220 1936.0000 1203.5208 1.5821 0.7021 1.2979 4.7775 2.3731 6.5434 -0.0932 0.1410
