Pedestrian -1 -1 0.5870 1428.7915 761.5170 1629.2893 1097.0363 1.6257 0.5804 0.8466 3.0902 2.4195 8.1762 1.0197 0.8239
Pedestrian -1 -1 2.8770 812.9938 773.5982 895.9270 961.7932 1.6468 0.6386 0.6385 -1.0150 3.0926 14.1340 2.8089 0.6879
Pedestrian -1 -1 1.1669 1326.5664 738.3277 1490.6724 1099.4652 1.7343 0.6290 0.6610 2.2998 2.3481 7.7456 1.5193 0.6656
Pedestrian -1 -1 -1.2104 1222.4731 743.6378 1348.7539 983.6044 1.7396 0.7965 0.6193 2.5603 2.7148 11.8000 -0.9609 0.6608
Pedestrian -1 -1 -0.5151 740.6634 799.6562 831.6199 957.3579 1.5337 0.5847 0.7830 -1.8792 3.4633 16.0452 -0.6302 0.5413
Pedestrian -1 -1 -3.1359 1652.3021 745.3395 1723.7201 950.1857 1.7906 0.6385 0.5651 6.7963 2.9500 13.9785 -2.6325 0.2008
Pedestrian -1 -1 -3.0609 1327.5701 742.6446 1400.1328 970.8251 1.7648 0.6184 0.5073 3.3271 2.7666 12.3420 -2.7576 0.1868
Cyclist -1 -1 1.8074 947.5053 753.6422 1047.6409 894.5917 1.7718 0.9665 2.2028 0.5692 3.7828 22.1668 1.8464 0.2463
Cyclist -1 -1 -0.7620 0.0000 763.6018 98.7670 920.3389 1.7251 0.7213 2.0323 -12.3076 3.6262 19.4263 -1.3451 0.1652
Cyclist -1 -1 0.5923 1426.5460 761.4334 1628.6554 1099.3905 1.6347 0.6004 0.8404 3.0783 2.4272 8.1649 1.0241 0.1097
