Pedestrian -1 -1 2.7393 991.7095 764.7723 1077.7952 961.8093 1.6324 0.5750 0.5904 0.6477 2.9094 13.2829 2.8037 0.7221
Pedestrian -1 -1 -3.5870 1625.7960 718.8326 1846.3989 1150.0518 1.7474 0.5727 0.7053 3.3622 2.1789 6.5366 -3.0042 0.7209
Pedestrian -1 -1 -0.7684 946.8443 780.0360 1042.9714 944.9266 1.5551 0.5662 0.8364 0.3512 3.2156 15.5164 -0.7327 0.5105
Pedestrian -1 -1 0.3306 1707.0505 745.0242 1936.0000 1145.0231 1.6418 0.5690 0.8546 4.0422 2.2421 6.9597 0.9630 0.5090
Pedestrian -1 -1 -1.6273 1487.2783 731.2571 1596.3676 980.0650 1.6692 0.7145 0.5896 4.1811 2.4649 10.7825 -1.2007 0.4251
Pedestrian -1 -1 2.5680 1098.0840 787.4814 1164.0189 918.4435 1.6965 0.6403 0.6797 2.3680 4.0145 20.8863 2.6998 0.1669
Pedestrian -1 -1 1.5615 982.5845 782.6995 1018.3270 898.1221 1.6435 0.5243 0.4549 0.5818 4.0081 22.1729 1.6012 0.1607
Pedestrian -1 -1 1.8850 1015.0899 784.6476 1063.1586 906.3323 1.7012 0.5732 0.5240 1.1567 4.1076 22.1761 1.9522 0.1535
Pedestrian -1 -1 -1.3019 1604.1864 739.0756 1729.8234 1004.0805 1.7051 0.6540 0.5251 4.9049 2.5307 10.3974 -0.7960 0.1473
Cyclist -1 -1 -0.7816 956.2103 779.1747 1089.7825 949.4459 1.5775 0.5720 1.4019 0.6618 3.2739 15.7642 -0.7249 0.2991
Cyclist -1 -1 1.9167 1709.5800 753.8508 1936.0000 1157.5457 1.6468 0.5918 0.9205 4.0057 2.2872 6.9245 2.5474 0.1010
