Pedestrian -1 -1 -2.8269 1685.8214 538.9481 1936.0000 1216.0000 1.9506 0.6100 0.5387 2.0920 1.7768 3.3998 -2.0232 0.4339
Pedestrian -1 -1 -0.3256 167.9333 780.5927 272.8419 984.9348 1.5892 0.6721 0.6053 -6.3256 2.9654 12.7676 -0.8182 0.4281
Pedestrian -1 -1 -0.1718 257.1757 767.9339 352.4868 974.3023 1.5621 0.6748 0.5988 -5.4418 2.7900 12.3899 -0.6176 0.2649
Pedestrian -1 -1 0.3963 1596.4181 393.5820 1936.0000 1216.0000 1.7192 0.5555 0.6334 1.4579 1.4063 2.3885 1.3713 0.2299
Pedestrian -1 -1 1.1960 0.0000 792.7181 23.6369 944.6702 1.7507 0.6207 0.7726 -12.2745 3.9080 18.7500 0.5975 0.2297
Pedestrian -1 -1 -3.4717 1705.9624 588.3585 1936.0000 1216.0000 1.8171 0.6626 0.7799 2.4775 1.7289 4.0690 -2.7228 0.1675
Pedestrian -1 -1 1.0767 0.0000 789.5586 14.2386 932.5812 1.7115 0.6511 0.7713 -12.8702 3.9025 19.4333 0.4738 0.1633
Pedestrian -1 -1 -2.8910 1643.0583 362.9034 1936.0000 1216.0000 1.6136 0.5600 0.6104 1.2265 1.3601 1.7603 -1.5990 0.1301
Pedestrian -1 -1 1.2173 0.0000 792.7298 6.2419 955.2847 1.7737 0.6631 0.7767 -11.9278 3.8303 17.8311 0.6068 0.1113
Car -1 -1 0.9053 0.0000 789.5362 115.3731 959.8174 1.4288 1.6759 4.2625 -11.7751 3.3987 16.5343 0.2605 0.1629
