Pedestrian -1 -1 -1.8431 733.4536 782.9286 828.4088 1010.1874 1.6936 0.6050 0.6789 -1.4741 3.0253 12.1723 -1.9672 0.5687
Pedestrian -1 -1 -1.8978 538.4140 837.5101 597.4286 950.7740 1.4534 0.6359 0.6569 -5.6116 4.5495 21.3272 -2.1568 0.5662
Pedestrian -1 -1 -1.7685 823.5980 773.2110 925.8518 1008.0962 1.6663 0.6823 0.5687 -0.6677 2.8352 11.4256 -1.8244 0.4032
Pedestrian -1 -1 -0.0096 209.8129 805.5756 282.9314 1038.7202 1.7239 0.6822 0.5064 -5.8024 3.2400 12.1285 -0.4885 0.2846
Pedestrian -1 -1 1.4364 717.6517 809.5817 797.2720 1000.5527 1.5280 0.6090 0.6434 -1.7936 3.1963 13.1162 1.2970 0.2506
Pedestrian -1 -1 1.5791 476.7625 814.0084 498.1927 872.9884 1.5934 0.5795 0.5627 -13.6263 7.0779 43.0176 1.2787 0.2390
Pedestrian -1 -1 -3.5845 1377.8362 730.5812 1711.0300 1216.0000 1.4670 0.7312 0.6349 1.4887 1.7724 3.9294 -3.0563 0.2198
Pedestrian -1 -1 1.6063 461.9507 827.5996 483.6310 883.8209 1.5336 0.5783 0.5569 -14.2507 7.4951 43.6357 1.2973 0.1759
Pedestrian -1 -1 1.9223 430.4990 846.3688 454.4475 900.5280 1.5051 0.5279 0.4810 -15.2024 8.0323 43.8271 1.5954 0.1641
Cyclist -1 -1 -1.5945 427.4440 784.6979 549.9312 1044.9072 1.7068 0.8578 1.9539 -3.8812 3.1224 12.1825 -1.9254 0.4985
Car -1 -1 -1.4651 0.0000 795.0826 226.3434 1154.4490 1.6152 1.7846 3.7662 -6.3169 3.0788 10.7776 -2.0401 0.8421
Car -1 -1 -3.2445 0.0000 0.0000 1936.0000 1216.0000 1.7243 2.0034 4.5649 2.7244 1.4537 1.9575 -1.8665 0.2173
