Pedestrian -1 -1 0.6434 738.1970 842.1848 800.6500 965.1393 1.5534 0.6760 0.5723 -2.6740 4.6488 20.8685 0.5211 0.7031
Pedestrian -1 -1 -2.8332 954.5684 795.1816 1050.5377 1040.5873 1.7081 0.6261 0.5576 0.3194 3.0436 11.3392 -2.7911 0.4534
Pedestrian -1 -1 1.5849 648.3569 833.2386 669.0443 889.4493 1.5253 0.5750 0.5733 -8.7745 7.6151 43.3794 1.3944 0.1512
Pedestrian -1 -1 -1.8087 1048.2262 785.9978 1151.7169 1027.0834 1.6067 0.6321 0.5618 0.9849 2.7946 10.7089 -1.6946 0.1504
Pedestrian -1 -1 -1.0666 1624.1980 699.6964 1830.0298 1042.8175 1.5213 0.6399 0.6378 3.7052 1.9058 7.2526 -0.4959 0.1250
Pedestrian -1 -1 -1.7639 398.5067 825.2510 465.6534 983.7672 1.5196 0.5691 0.5051 -5.5286 3.6609 15.6193 -2.1190 0.1235
Cyclist -1 -1 -1.5155 607.9471 792.2252 721.3696 1029.6420 1.7183 0.8948 1.9721 -2.6046 3.3263 13.3309 -1.7168 0.5511
Car -1 -1 -1.3594 96.0464 807.3270 472.5231 1135.7188 1.4453 1.8033 3.9978 -4.7644 3.0645 11.1227 -1.7989 0.9324
Car -1 -1 -1.3707 403.2505 830.8755 515.2909 925.7475 1.3887 1.5709 3.4915 -10.5554 5.9994 31.6484 -1.6899 0.1933
Car -1 -1 -0.2240 0.0000 716.8729 96.8592 1216.0000 1.4493 1.7096 3.9068 -3.6839 1.7384 2.6574 -1.4479 0.1365
