Pedestrian -1 -1 -1.7430 847.1516 788.7939 934.9305 1016.5770 1.6626 0.5940 0.6505 -0.5637 3.0026 11.8452 -1.7860 0.5975
Pedestrian -1 -1 -1.6975 651.3725 840.3870 702.6640 956.0442 1.4986 0.6454 0.5802 -4.0235 4.6006 21.1517 -1.8836 0.4223
Pedestrian -1 -1 -1.6997 933.8516 774.4785 1027.5549 1013.0633 1.6642 0.6372 0.5356 0.1370 2.8052 11.1072 -1.6759 0.3829
Pedestrian -1 -1 1.5504 811.8184 792.6141 890.7437 993.2966 1.5961 0.6581 0.6336 -0.9478 3.0723 12.8174 1.4790 0.3497
Pedestrian -1 -1 -0.9150 823.0962 842.5608 908.0114 954.2886 1.0941 0.4710 0.9892 -1.0992 3.6902 17.2951 -0.9717 0.2698
Pedestrian -1 -1 0.0031 292.1412 815.3960 362.9186 1045.2205 1.6933 0.6980 0.5108 -5.1512 3.2941 12.1437 -0.4274 0.2510
Pedestrian -1 -1 1.6199 562.9837 824.4370 585.2917 881.4629 1.5681 0.6014 0.6088 -11.3825 7.4840 43.9799 1.3745 0.2008
Pedestrian -1 -1 1.5043 574.2515 820.0788 597.0746 879.8401 1.5994 0.6003 0.5703 -10.7392 7.2265 42.7520 1.2659 0.1743
Cyclist -1 -1 -1.5021 518.5576 787.4196 633.1799 1034.9329 1.7165 0.8385 1.9181 -3.2431 3.2118 12.7362 -1.7666 0.4937
Car -1 -1 -1.3768 0.0000 797.0035 370.6510 1145.8754 1.5472 1.8225 4.0901 -5.4947 3.0751 11.0519 -1.8775 0.9113
