Pedestrian -1 -1 -1.9178 474.3307 837.0161 538.1544 952.4275 1.4707 0.6722 0.6939 -6.4822 4.5597 21.2986 -2.2168 0.5696
Pedestrian -1 -1 0.0070 692.8340 794.7455 783.8481 1006.7961 1.6203 0.5789 0.7238 -1.8332 3.0570 12.3103 -0.1471 0.4304
Pedestrian -1 -1 1.8697 130.4201 836.5395 222.4656 991.2097 1.5744 0.7804 0.5417 -8.6530 3.9594 16.5083 1.3674 0.4219
Pedestrian -1 -1 1.4510 671.7722 799.6069 753.5771 996.0997 1.5763 0.6276 0.7016 -2.1978 3.1659 13.1806 1.2793 0.3344
Pedestrian -1 -1 0.2291 133.6746 809.8065 212.2132 986.4760 1.7239 0.6983 0.6070 -8.3644 3.7403 15.8883 -0.2771 0.3193
Pedestrian -1 -1 1.6178 413.6684 817.9827 437.0609 878.6957 1.6438 0.6059 0.6211 -15.5208 7.2867 43.3198 1.2796 0.3043
Pedestrian -1 -1 -2.6473 752.1381 796.6730 859.6842 1028.9054 1.6365 0.6674 0.5817 -1.1956 3.0145 11.5774 -2.7525 0.2376
Cyclist -1 -1 -1.5642 379.9870 775.3567 501.7448 1044.2981 1.7512 0.8529 1.9794 -4.1971 3.0686 12.0179 -1.9258 0.5016
Car -1 -1 -1.4631 0.0000 787.3882 177.3834 1144.7563 1.5968 1.8157 3.9632 -6.7306 3.0105 10.8353 -2.0652 0.8931
Car -1 -1 -3.1292 0.0000 0.0000 1936.0000 1216.0000 1.9215 2.0981 4.8591 2.6871 1.4697 2.2322 -1.8513 0.4057
