Pedestrian -1 -1 -1.6490 878.3921 775.9982 976.7004 1012.1190 1.6704 0.7035 0.5473 -0.2622 2.8406 11.2763 -1.6654 0.6240
Pedestrian -1 -1 -2.0759 588.3374 844.7648 649.5468 952.4379 1.3717 0.6168 0.6417 -4.8795 4.5706 21.3131 -2.3010 0.5585
Pedestrian -1 -1 -1.9422 793.5275 789.3616 897.8996 1017.3505 1.6697 0.6411 0.6586 -0.9340 3.0391 12.0161 -2.0186 0.5261
Pedestrian -1 -1 -0.1337 245.3217 805.9956 331.3828 1029.2629 1.6431 0.6812 0.5320 -5.4648 3.1650 12.1360 -0.5883 0.3659
Pedestrian -1 -1 1.6559 769.2526 801.1132 856.4325 997.2203 1.5662 0.6931 0.6588 -1.2684 3.1229 12.8773 1.5577 0.3413
Pedestrian -1 -1 1.5478 520.8227 816.1367 542.8252 876.3885 1.6155 0.5951 0.5669 -12.2709 7.1251 42.7264 1.2750 0.2279
Pedestrian -1 -1 1.6874 507.3421 827.6288 530.8336 883.8043 1.5512 0.5984 0.5488 -12.9838 7.5485 43.9199 1.4072 0.2097
Pedestrian -1 -1 1.9177 250.9838 831.1780 327.3405 979.2751 1.5389 0.6493 0.4853 -7.4392 3.8617 16.5678 1.4787 0.1648
Cyclist -1 -1 -1.5251 471.7614 786.1635 590.0323 1040.1329 1.7242 0.8819 1.9475 -3.5749 3.1902 12.5422 -1.8212 0.5031
Car -1 -1 -1.4249 0.0000 793.9171 292.1916 1136.8394 1.5489 1.7301 3.6652 -5.8234 2.9955 10.7744 -1.9638 0.8084
Car -1 -1 -3.1317 0.0000 0.0000 1936.0000 1192.0736 1.6830 1.9971 4.5977 2.7372 1.4598 1.6109 -1.6278 0.3267
