Pedestrian -1 -1 1.3302 955.3203 820.2029 1016.7569 953.5214 1.5948 0.6655 0.6658 0.3167 4.1856 19.4427 1.3597 0.5844
Pedestrian -1 -1 -2.6376 1328.0436 753.7387 1471.7413 1064.9220 1.7122 0.6133 0.5961 2.6412 2.5251 9.0082 -2.2975 0.5547
Pedestrian -1 -1 -2.7674 1238.6958 801.9379 1383.4832 1102.9670 1.7421 0.6688 0.7032 2.2708 2.9467 9.6964 -2.4938 0.3873
Pedestrian -1 -1 1.4561 889.5989 833.2567 911.3919 889.1920 1.4859 0.5627 0.5732 -1.7275 7.4473 42.4627 1.4279 0.3668
Pedestrian -1 -1 -3.0096 1291.8743 788.3873 1459.4567 1036.3372 1.4768 0.8463 0.9747 2.8587 2.6658 10.2825 -2.6914 0.2797
Cyclist -1 -1 -1.5814 816.7124 788.1386 921.0248 1007.9942 1.7811 0.9520 1.9973 -0.9107 3.4948 14.6706 -1.6379 0.5219
Car -1 -1 -1.4483 297.7124 783.7773 676.7686 1161.1541 1.4474 1.9125 4.4087 -2.8894 2.7643 10.0523 -1.7572 0.7862
Car -1 -1 -1.4230 651.4572 823.5513 744.5217 907.1964 1.5273 1.7770 4.1060 -6.8355 7.0080 39.1913 -1.5868 0.3925
Car -1 -1 1.9186 136.5107 832.7014 277.7169 925.3105 1.5806 1.8421 4.0842 -18.6767 7.0512 37.2349 1.4563 0.3342
Car -1 -1 -1.5086 595.2432 812.5220 710.2894 940.3433 1.5095 1.6838 4.0502 -5.2826 5.0378 26.0026 -1.7052 0.2008
