Pedestrian -1 -1 1.3577 1002.2654 816.1644 1069.0219 961.2750 1.6188 0.6878 0.6666 0.8922 3.9780 18.0659 1.4225 0.6533
Pedestrian -1 -1 1.3582 932.3679 823.0416 959.9968 888.2920 1.6231 0.6302 0.5815 -0.4024 6.9264 39.6754 1.3610 0.5008
Pedestrian -1 -1 -0.8559 1321.8033 770.1362 1489.4526 1089.3643 1.6968 0.6000 0.7386 2.6084 2.5939 8.7939 -0.5112 0.4774
Pedestrian -1 -1 -3.3594 1446.5500 764.0337 1586.2122 1096.4756 1.6559 0.5938 0.6282 2.9905 2.4426 8.1011 -2.9349 0.4230
Pedestrian -1 -1 2.7802 1063.6182 828.6462 1118.9387 931.8817 1.3422 0.6082 0.6153 1.8464 4.2928 21.2848 2.8840 0.3733
Pedestrian -1 -1 1.9133 644.6462 793.6697 730.1896 986.5667 1.6744 0.6345 0.5481 -2.5319 3.2748 13.8606 1.7260 0.2620
Cyclist -1 -1 -1.6117 859.7358 791.1947 953.1417 993.0516 1.7114 0.8904 1.9589 -0.5923 3.5305 15.3497 -1.6423 0.5657
Car -1 -1 -1.3266 259.1872 768.0840 730.3453 1158.2510 1.4216 1.7983 4.0650 -2.4979 2.4883 9.0589 -1.6299 0.9267
Car -1 -1 -1.4436 686.8697 824.1632 779.2474 909.1557 1.5235 1.8015 3.9787 -5.7663 6.8791 38.1914 -1.5841 0.7395
Car -1 -1 -1.4212 697.6410 826.5046 775.7360 892.9919 1.4186 1.7613 3.9465 -6.8451 7.8768 45.9216 -1.5588 0.5296
