Pedestrian -1 -1 -2.9565 1340.9467 804.2642 1497.4720 1140.5435 1.5738 0.5103 0.6769 2.3946 2.5581 7.8128 -2.5950 0.7835
Pedestrian -1 -1 1.3845 989.7867 797.4068 1058.5150 958.7440 1.6831 0.6681 0.6468 0.6976 3.6565 16.7432 1.4410 0.7350
Pedestrian -1 -1 1.4010 921.2039 810.8263 950.1932 877.9011 1.6270 0.6565 0.6574 -0.6655 6.4940 38.7657 1.3964 0.4283
Pedestrian -1 -1 -0.0826 1358.7688 796.8810 1490.2987 1075.6288 1.4419 0.7152 0.7037 2.6868 2.4951 8.7179 0.2748 0.3348
Pedestrian -1 -1 -3.6721 1895.0536 749.1911 1936.0000 1159.5819 1.5967 0.7157 0.8573 4.6931 2.1758 6.5265 -2.9269 0.2431
Pedestrian -1 -1 -3.5169 1496.3536 749.2868 1685.8015 1118.0458 1.6213 0.6143 0.6874 2.9888 2.2443 7.1484 -3.0335 0.2206
Cyclist -1 -1 -1.6256 850.4733 788.1373 936.9775 977.3686 1.6753 0.8279 1.8946 -0.7450 3.5198 15.9159 -1.6649 0.5122
Car -1 -1 -1.2952 140.9997 753.0939 696.6254 1207.9110 1.4603 1.7925 4.1423 -2.5552 2.3406 8.1364 -1.6461 0.9103
Car -1 -1 -1.4861 676.5760 817.6762 763.7449 903.1857 1.5181 1.7958 3.8090 -5.9632 6.5841 37.3401 -1.6357 0.8342
Car -1 -1 -1.4267 684.2574 818.5380 766.2117 890.0974 1.4891 1.7814 3.9331 -6.8495 7.4074 43.7378 -1.5722 0.5652
