Pedestrian -1 -1 1.3880 986.4440 801.6974 1054.9358 964.6787 1.6568 0.6512 0.6243 0.6421 3.6272 16.3155 1.4421 0.7148
Pedestrian -1 -1 -0.5808 1339.7891 781.9703 1536.8718 1145.1892 1.6548 0.5743 0.7544 2.3729 2.4781 7.4806 -0.2049 0.6392
Pedestrian -1 -1 1.4678 910.6148 816.8724 937.7670 883.8347 1.6133 0.6424 0.6288 -0.9542 6.5852 38.3813 1.4554 0.4842
Pedestrian -1 -1 -0.0576 1341.8032 816.2209 1479.4651 1091.2644 1.3567 0.7065 0.7135 2.5293 2.4919 8.4318 0.2930 0.3358
Pedestrian -1 -1 2.6753 1023.8573 820.4312 1077.1740 942.3859 1.5547 0.5565 0.5445 1.2256 4.2933 20.5835 2.7506 0.2681
Pedestrian -1 -1 1.5191 920.0022 816.7953 945.6024 884.9143 1.6313 0.6254 0.5676 -0.7221 6.5221 37.8124 1.5126 0.2462
Cyclist -1 -1 -1.6514 831.0876 791.9502 922.1456 980.6710 1.6675 0.8292 1.8393 -0.9256 3.5505 15.8906 -1.7031 0.5444
Car -1 -1 -1.2704 62.8363 744.1852 684.8691 1216.0000 1.4564 1.7986 4.4030 -2.5970 2.2597 7.8089 -1.6440 0.9309
Car -1 -1 -1.4609 673.9725 817.0847 753.0785 891.0605 1.5288 1.8028 3.9936 -7.1542 7.3818 43.5096 -1.6142 0.6565
Car -1 -1 -1.4500 658.9181 815.5002 754.3643 901.6490 1.5002 1.8235 3.9322 -6.2171 6.4566 36.8879 -1.6086 0.5673
Car -1 -1 -1.4273 624.4508 810.9657 742.8715 921.3918 1.5190 1.7034 3.8923 -5.3405 5.3962 29.1893 -1.6025 0.2304
