Pedestrian -1 -1 1.2782 959.5824 781.8326 1060.1957 997.5601 1.5765 0.6377 0.6886 0.3795 2.8726 11.9393 1.3240 0.7845
Pedestrian -1 -1 -3.1834 1530.9877 621.3970 1804.1456 1216.0000 1.7910 0.6889 0.6522 2.1039 1.7817 4.4323 -2.5769 0.5115
Pedestrian -1 -1 1.4495 861.3607 793.0955 891.4327 871.1111 1.6429 0.6058 0.6149 -1.8965 5.4359 33.3702 1.4034 0.4613
Pedestrian -1 -1 -1.6488 764.0621 799.7723 792.7942 870.0046 1.7151 0.6970 0.6915 -4.7641 6.3164 38.9436 -1.7609 0.4083
Cyclist -1 -1 -1.5299 750.5601 774.5158 830.9532 940.8622 1.6827 0.8680 1.8792 -2.0075 3.5637 17.8341 -1.6389 0.5606
Car -1 -1 -1.4782 597.1666 798.0373 678.1857 873.4613 1.4699 1.7543 3.7533 -8.6280 6.3421 40.1193 -1.6827 0.9248
Car -1 -1 -1.4284 563.4250 799.7600 669.9147 892.9146 1.5082 1.7801 3.7829 -7.6504 5.6541 33.5021 -1.6475 0.9200
Car -1 -1 -1.4806 622.4011 796.9679 690.7139 860.3124 1.4746 1.7626 3.9234 -9.7213 7.2253 47.9387 -1.6717 0.9111
Car -1 -1 -0.9131 0.0000 710.9831 456.2220 1216.0000 1.4225 1.7125 3.9723 -2.8027 1.7887 4.3005 -1.6706 0.9042
Car -1 -1 -1.4133 512.8267 798.2846 651.0110 920.1525 1.4963 1.7312 3.7469 -6.4617 4.7158 25.8264 -1.6571 0.8781
