Pedestrian -1 -1 1.2798 986.8792 775.3716 1092.2880 1001.4368 1.5703 0.6452 0.6364 0.5821 2.7435 11.2779 1.3479 0.5916
Pedestrian -1 -1 2.1379 340.4854 752.2729 481.4103 1071.9197 1.7562 0.6055 0.4995 -3.2108 2.5268 8.7501 1.7394 0.5297
Pedestrian -1 -1 -1.7461 771.5391 800.3837 800.4255 870.1495 1.6785 0.6380 0.6512 -4.5033 6.2318 38.4007 -1.8532 0.4839
Pedestrian -1 -1 1.4810 864.9473 789.5018 894.9332 871.3354 1.6945 0.6077 0.6261 -1.7826 5.3355 32.7279 1.4374 0.4077
Pedestrian -1 -1 -1.5715 762.5644 776.5087 835.7177 937.2764 1.6416 0.8302 1.7857 -1.9432 3.5566 17.9583 -1.6758 0.1137
Cyclist -1 -1 -1.5688 763.1645 773.8878 837.7571 935.5245 1.6565 0.8495 1.8335 -1.9334 3.5490 18.0411 -1.6720 0.6006
Car -1 -1 -1.4418 572.7731 797.7368 676.6770 890.2226 1.4813 1.7527 3.6811 -7.3586 5.5151 32.9930 -1.6559 0.9409
Car -1 -1 -1.4724 606.6490 796.2737 689.4282 872.2718 1.4740 1.7615 3.6904 -8.2419 6.2329 39.6032 -1.6702 0.9348
Car -1 -1 -1.4786 629.1102 796.9753 699.1258 862.0336 1.5067 1.7898 3.9679 -9.4073 7.2192 47.5860 -1.6648 0.8934
Car -1 -1 -0.8614 0.0000 697.4497 429.9938 1216.0000 1.4444 1.7402 3.9355 -2.7412 1.7320 3.8730 -1.6876 0.8817
Car -1 -1 -1.4560 523.4232 795.0001 652.9571 917.6224 1.4903 1.7173 3.7343 -6.2948 4.6220 25.5722 -1.6961 0.4687
