Pedestrian -1 -1 1.3348 953.8536 791.5060 1041.9541 991.6295 1.6552 0.6495 0.7273 0.3218 3.2050 13.4901 1.3719 0.7797
Pedestrian -1 -1 -3.5149 1410.5945 724.7567 1632.6996 1216.0000 1.7401 0.6531 0.6189 2.0526 2.1340 5.5475 -3.0548 0.6289
Pedestrian -1 -1 1.4516 862.9911 808.8251 893.0367 881.3552 1.5858 0.6361 0.6234 -1.9444 5.9198 34.8793 1.4070 0.3805
Pedestrian -1 -1 1.3226 852.6749 812.9647 886.1019 883.1857 1.5432 0.6522 0.6754 -2.1853 6.0635 35.5258 1.2723 0.3662
Cyclist -1 -1 -1.5479 766.7808 791.8920 851.5508 969.5908 1.7004 0.9142 1.9373 -1.7198 3.7312 17.1875 -1.6436 0.5105
Car -1 -1 -1.0664 0.0000 727.3120 545.6313 1216.0000 1.4193 1.7235 4.0750 -2.7685 1.9344 5.4148 -1.6593 0.9176
Car -1 -1 -1.4466 604.9238 816.2068 690.9210 893.1429 1.4872 1.8008 3.9711 -8.5585 7.0100 41.1264 -1.6435 0.8472
Car -1 -1 -1.4681 631.5176 811.5812 700.6213 876.7814 1.5276 1.7788 4.0257 -9.6285 7.9065 49.0203 -1.6525 0.6769
Car -1 -1 -1.4917 551.9964 809.9938 665.9169 926.2784 1.4553 1.6913 3.7649 -6.2910 5.0460 27.0241 -1.7175 0.5480
Car -1 -1 -1.4217 584.4772 812.3945 689.0917 904.3903 1.5220 1.7947 3.9100 -7.5038 6.1494 34.9055 -1.6268 0.2750
