Pedestrian -1 -1 1.0315 1228.8384 712.1262 1420.1038 1061.7491 1.5457 0.6219 0.7617 1.7489 1.9962 7.2784 1.3258 0.7939
Pedestrian -1 -1 1.3973 954.5971 768.5464 993.9929 861.5576 1.6959 0.6568 0.7039 0.2477 4.5096 28.8940 1.4185 0.4347
Pedestrian -1 -1 -1.6799 859.6698 778.0277 883.4139 843.2891 1.5247 0.5326 0.5116 -2.1987 5.3043 36.6162 -1.7293 0.4025
Pedestrian -1 -1 -1.3470 208.8562 693.8830 403.7693 1151.9575 1.7630 0.6766 0.5098 -2.6912 2.0644 6.1950 -1.8472 0.4024
Cyclist -1 -1 -1.5496 826.4844 747.6859 888.9900 902.5326 1.7494 0.7529 1.8511 -1.3183 3.4133 19.3257 -1.6111 0.5379
Car -1 -1 -1.4630 641.3893 776.6709 748.5109 874.3470 1.5039 1.7543 3.4981 -5.3523 4.7735 30.4165 -1.6318 0.9397
Car -1 -1 -1.5034 674.1071 775.2916 756.0212 854.8329 1.5025 1.7387 3.5640 -6.0571 5.4196 37.0989 -1.6577 0.9354
Car -1 -1 -1.4980 698.4749 772.6430 771.8960 839.7861 1.5324 1.8682 3.9340 -6.7638 6.1851 45.0686 -1.6379 0.9288
Car -1 -1 2.0690 50.3202 790.2827 248.7472 894.9871 1.5952 1.8082 4.5254 -17.3301 5.4071 32.2036 1.5732 0.6248
Car -1 -1 2.0042 217.5791 794.8073 368.0415 879.7932 1.6130 1.8943 4.6094 -17.7593 6.4201 39.9880 1.5892 0.2703
