Pedestrian -1 -1 1.1440 1059.8702 754.1198 1185.1178 1009.1889 1.5308 0.6058 0.6573 1.0454 2.4111 9.7853 1.2758 0.7754
Pedestrian -1 -1 1.4607 905.6699 783.4662 935.2670 861.9296 1.5636 0.5682 0.5647 -0.8590 4.9260 31.3944 1.4448 0.4846
Cyclist -1 -1 -1.5901 790.2128 756.6857 860.8928 913.1746 1.7067 0.8473 1.8730 -1.7311 3.4609 18.9295 -1.6764 0.5447
Car -1 -1 -1.4437 596.7831 784.4430 704.0222 878.7379 1.4872 1.7635 3.7020 -6.5740 5.0999 31.9539 -1.6414 0.9412
Car -1 -1 -1.5086 635.4333 783.4553 713.6742 860.4390 1.4778 1.7336 3.7991 -7.4038 5.8118 38.8879 -1.6894 0.9199
Car -1 -1 -0.5104 0.0000 640.4953 376.6215 1216.0000 1.5432 1.8046 4.2169 -2.6784 1.5936 2.6785 -1.6237 0.9161
Car -1 -1 -1.5265 659.3917 780.8795 724.7834 845.6039 1.5063 1.7998 3.8629 -8.3448 6.5791 46.6064 -1.6949 0.8913
Car -1 -1 1.9972 24.9048 784.3464 197.2636 878.0638 1.4991 1.7613 4.2595 -18.9797 5.3170 33.6081 1.4809 0.7320
Car -1 -1 1.9247 165.7581 792.3185 296.6167 873.3427 1.5667 1.7295 4.5830 -19.9364 6.4268 41.0485 1.4752 0.7111
Car -1 -1 -1.3810 539.3881 781.4036 685.5029 900.0489 1.4205 1.6720 3.6762 -5.6690 4.2002 24.6945 -1.6059 0.5771
Car -1 -1 2.0849 0.0000 770.3526 18.3609 880.5162 1.4102 1.7725 4.1798 -19.0843 4.2535 27.0590 1.4612 0.4334
