Pedestrian -1 -1 1.1156 1198.5814 720.5991 1376.3145 1049.2542 1.5416 0.6282 0.8135 1.6683 2.0664 7.7413 1.3786 0.6439
Pedestrian -1 -1 1.4139 950.3530 767.0699 989.4406 858.6332 1.6930 0.6729 0.6795 0.1647 4.5077 29.2235 1.4320 0.5856
Cyclist -1 -1 -1.5757 819.9286 747.7640 882.5851 902.7328 1.7325 0.7629 1.8561 -1.4095 3.3870 19.1838 -1.6430 0.5286
Car -1 -1 -1.5140 669.9770 776.2994 747.4529 852.1830 1.4413 1.6874 3.4348 -6.2626 5.4051 37.3581 -1.6727 0.9424
Car -1 -1 -1.4810 695.7302 772.8135 767.9202 836.9501 1.4751 1.7918 3.7891 -6.8998 6.1451 45.2761 -1.6233 0.9323
Car -1 -1 -1.4821 637.2471 775.3853 740.1397 872.0899 1.4968 1.7455 3.5102 -5.5223 4.7637 30.6416 -1.6551 0.9267
Car -1 -1 1.9790 70.2954 795.4028 241.4173 893.3819 1.5192 1.7754 4.2752 -17.6820 5.5405 33.0656 1.4864 0.6777
Car -1 -1 1.8678 191.2719 792.0258 316.6191 874.3947 1.5604 1.7875 4.5468 -18.9844 6.3352 40.3484 1.4305 0.5850
Car -1 -1 -0.1029 0.0000 0.0000 1936.0000 1195.4215 1.4709 1.7158 3.9421 -2.6344 1.3825 1.6582 -1.5645 0.5774
Car -1 -1 -1.3677 571.1123 776.4243 713.4139 890.0989 1.3320 1.5566 3.1296 -4.8892 3.8486 23.2696 -1.5744 0.4182
