Pedestrian -1 -1 0.9545 1319.3732 715.2175 1528.4850 1116.8153 1.5938 0.6162 0.6629 1.9960 2.0107 6.5078 1.3308 0.7202
Pedestrian -1 -1 1.4135 979.8317 766.6564 1020.1566 863.5450 1.7286 0.6653 0.7135 0.7266 4.4415 28.2259 1.4526 0.5232
Pedestrian -1 -1 -1.6554 883.6917 771.5995 908.4199 838.2963 1.5481 0.5622 0.5358 -1.5860 5.1408 36.3248 -1.6880 0.4595
Pedestrian -1 -1 -1.6470 191.6642 681.6279 416.7378 1186.8469 1.7102 0.6843 0.5064 -2.4417 1.9361 5.5542 -2.1685 0.2913
Cyclist -1 -1 -1.5493 836.4376 745.0513 899.4465 899.2443 1.7686 0.7678 1.8512 -1.2005 3.4149 19.5521 -1.6036 0.5107
Car -1 -1 -1.4650 649.4601 768.8217 761.3753 871.2225 1.5587 1.8026 3.6101 -5.0331 4.6072 29.8234 -1.6267 0.9490
Car -1 -1 -1.4781 678.4312 768.7684 771.0370 850.5712 1.4881 1.8387 4.1772 -5.7631 5.2392 36.8542 -1.6257 0.8585
Car -1 -1 -1.5322 714.0938 767.0742 784.1272 833.8661 1.4906 1.8700 4.1236 -6.2802 5.9361 44.6203 -1.6629 0.8370
Car -1 -1 -1.4767 727.3333 772.2693 790.6412 828.3116 1.4211 1.6985 3.4073 -6.5562 6.3946 48.7398 -1.6007 0.5704
Car -1 -1 1.9975 80.0147 776.4976 252.9553 874.4125 1.5913 1.7635 4.3668 -17.6492 5.2088 33.4516 1.5100 0.2935
Car -1 -1 2.1741 0.0000 782.4013 7.4698 916.8105 1.4455 1.9250 4.2901 -17.1787 4.1388 23.3879 1.5274 0.2920
