Pedestrian -1 -1 1.2012 1118.9094 743.1777 1251.0941 1024.0459 1.5711 0.6187 0.6227 1.3408 2.3145 9.0356 1.3821 0.6803
Pedestrian -1 -1 1.3491 919.0057 773.1545 956.7601 858.4167 1.6485 0.6390 0.7366 -0.4860 4.7489 30.8422 1.3451 0.6362
Cyclist -1 -1 -1.5837 804.1667 750.2654 869.7708 906.4108 1.7391 0.7982 1.8848 -1.6021 3.4301 19.1960 -1.6614 0.4848
Car -1 -1 -1.4756 647.3706 777.2530 729.5327 853.0961 1.4702 1.7071 3.5871 -6.9343 5.5599 38.2896 -1.6475 0.9389
Car -1 -1 -1.4580 618.0114 778.4368 722.0716 871.3582 1.4637 1.7355 3.5483 -6.0598 4.8803 31.4444 -1.6432 0.9361
Car -1 -1 -1.5324 678.5253 774.3147 744.6779 839.2573 1.5076 1.8308 3.9317 -7.6764 6.3347 46.2526 -1.6880 0.9162
Car -1 -1 -0.2826 0.0000 0.0000 1936.0000 1216.0000 1.5456 1.8170 4.3262 -2.6352 1.5120 2.0819 -1.5869 0.8083
Car -1 -1 1.9352 58.7926 788.5826 215.8722 882.5515 1.4896 1.7047 4.1692 -18.3375 5.3942 33.4910 1.4324 0.6916
Car -1 -1 1.8517 191.7474 785.5408 310.8258 866.9492 1.5779 1.7162 4.5992 -19.3162 6.2286 40.8881 1.4128 0.6598
Car -1 -1 2.1051 0.0000 767.2361 20.5469 878.3818 1.3769 1.6546 3.8694 -18.0458 4.0090 25.6524 1.4809 0.3541
