Pedestrian -1 -1 1.1027 1126.7319 732.7722 1276.3971 1026.0002 1.5639 0.6260 0.6953 1.3860 2.2220 8.7037 1.2969 0.5951
Pedestrian -1 -1 1.3492 930.9956 769.1641 968.5586 856.7200 1.6853 0.6368 0.6916 -0.2381 4.6697 30.5299 1.3535 0.5099
Pedestrian -1 -1 -1.7438 833.8834 784.3093 857.8619 847.3069 1.4923 0.5237 0.4833 -2.8739 5.4921 37.2253 -1.8107 0.3684
Cyclist -1 -1 -1.5600 805.8181 749.1659 874.5779 905.0331 1.7354 0.8349 1.8816 -1.5338 3.4073 19.1549 -1.6342 0.5001
Car -1 -1 -1.4441 624.1126 777.7762 729.9733 871.8432 1.4740 1.7083 3.5446 -5.8563 4.8441 31.1508 -1.6247 0.9383
Car -1 -1 -1.5358 683.4512 771.4920 750.2943 836.9509 1.5102 1.8518 4.0144 -7.4733 6.2270 46.0162 -1.6880 0.9247
Car -1 -1 -1.5091 657.1479 776.2017 734.6877 851.4597 1.4508 1.7028 3.5554 -6.7222 5.4992 38.1560 -1.6762 0.9237
Car -1 -1 1.9890 61.6222 789.1909 227.2332 882.3154 1.4669 1.6825 4.1726 -18.0602 5.3593 33.2821 1.4899 0.8189
Car -1 -1 1.8832 190.7822 785.3522 318.3467 867.8860 1.5767 1.7542 4.6399 -18.9674 6.1652 40.3546 1.4461 0.7541
Car -1 -1 -0.1523 0.0000 0.0000 1936.0000 1216.0000 1.5847 1.8208 4.1534 -2.6734 1.4711 1.8822 -1.5313 0.6342
Car -1 -1 1.7805 280.0201 790.0479 374.5482 861.4162 1.5905 1.7912 4.5629 -19.7969 7.0332 46.8769 1.3859 0.3988
