Pedestrian -1 -1 1.3132 1023.6227 764.8140 1073.7549 872.7349 1.6449 0.6445 0.7958 1.4213 3.9709 24.4108 1.3864 0.6269
Pedestrian -1 -1 -1.6574 904.8917 758.0179 932.5084 834.4532 1.6795 0.5897 0.6179 -0.9811 4.7696 34.3753 -1.6747 0.5628
Pedestrian -1 -1 1.6551 918.2665 769.5386 939.6422 824.9855 1.7789 0.6580 0.6288 -1.0802 6.6555 50.0817 1.6459 0.3413
Cyclist -1 -1 -1.5573 842.0255 741.9727 912.7221 888.0464 1.7255 0.9079 1.9052 -1.1108 3.3813 20.1831 -1.6046 0.5325
Car -1 -1 -1.4445 649.8354 764.6750 773.2424 874.1018 1.5092 1.7440 3.6280 -4.4610 4.2206 27.1687 -1.6028 0.9601
Car -1 -1 -1.4731 689.8104 766.8371 785.3171 852.4850 1.4765 1.7565 3.6156 -4.9874 4.8532 33.7334 -1.6128 0.9449
Car -1 -1 -1.4964 730.9272 764.2634 807.9377 835.1245 1.4948 1.7982 4.1393 -5.3257 5.5995 41.9384 -1.6136 0.8981
Car -1 -1 1.9796 180.5704 766.0609 327.9038 849.4478 1.5069 1.7215 4.1108 -16.9891 5.1158 36.1510 1.5400 0.6465
Car -1 -1 2.2121 18.4487 773.4149 229.0630 870.2867 1.4451 1.7193 4.0552 -17.1917 4.7282 30.9363 1.7005 0.5446
Car -1 -1 2.0824 67.0749 767.3361 244.6572 858.0336 1.5725 1.7105 4.4741 -18.8569 5.1454 35.2580 1.5898 0.4607
