Pedestrian -1 -1 -1.6401 909.2001 763.0580 937.7599 843.0756 1.7249 0.6086 0.6462 -0.8566 4.8782 33.7837 -1.6540 0.6527
Pedestrian -1 -1 1.3385 1032.6315 764.2104 1084.9310 879.6298 1.6925 0.6630 0.7916 1.5222 3.9170 23.4368 1.4189 0.5937
Pedestrian -1 -1 1.6141 927.7035 770.9206 948.8938 826.9837 1.7682 0.6633 0.6056 -0.7527 6.5963 49.1293 1.6113 0.4375
Cyclist -1 -1 -1.5626 847.8912 748.9558 910.1433 891.8107 1.7121 0.8128 1.8285 -1.1099 3.4869 20.4656 -1.6089 0.5106
Car -1 -1 -1.4251 651.0880 770.7599 779.9785 884.6850 1.5330 1.7308 3.5125 -4.2632 4.2808 26.4069 -1.5807 0.9568
Car -1 -1 -1.4971 695.6044 770.6459 788.9496 860.9039 1.5167 1.7456 3.6169 -4.7739 4.9138 32.9959 -1.6337 0.9294
Car -1 -1 -1.5258 735.8219 769.4349 809.1320 842.3053 1.5164 1.7841 3.8723 -5.1302 5.6741 41.0239 -1.6411 0.6938
Car -1 -1 1.9909 167.2859 774.6971 310.2788 854.8829 1.4205 1.6145 3.9731 -17.2984 5.2282 36.0044 1.5426 0.5018
Car -1 -1 -1.4360 756.4058 774.6588 826.4578 832.9005 1.4571 1.7577 3.9355 -5.5958 6.6313 49.6717 -1.5378 0.4475
Car -1 -1 2.1831 0.0000 774.5562 205.6969 872.3806 1.4136 1.6733 4.0905 -17.2531 4.6451 30.1794 1.6586 0.3997
