Pedestrian -1 -1 0.9110 1354.0315 708.5366 1579.6857 1142.8887 1.5998 0.6089 0.6515 2.0265 1.9599 6.0483 1.3252 0.6289
Pedestrian -1 -1 1.3200 982.2020 767.8644 1025.2688 862.5650 1.6626 0.6505 0.7353 0.7900 4.3775 27.9711 1.3618 0.5660
Pedestrian -1 -1 -1.6683 886.7172 768.1068 913.5274 837.9689 1.6050 0.5974 0.5780 -1.4748 5.0848 36.0123 -1.6981 0.4902
Pedestrian -1 -1 -1.5541 117.8437 660.9655 370.1511 1216.0000 1.8866 0.7323 0.5208 -2.4734 2.0208 5.1518 -2.1250 0.4023
Pedestrian -1 -1 1.4212 986.5125 765.5331 1026.4028 864.2875 1.6981 0.6379 0.6732 0.8158 4.2843 27.1325 1.4648 0.3147
Pedestrian -1 -1 1.3953 1711.7626 727.6252 1851.0453 1075.7965 1.6871 0.5945 0.5789 4.2917 2.2533 7.8584 1.9870 0.2837
Cyclist -1 -1 -1.5502 841.4147 745.7974 906.3275 900.4163 1.7642 0.7905 1.8681 -1.1183 3.4160 19.4863 -1.6002 0.5047
Car -1 -1 -1.4741 652.3318 770.6931 761.1140 873.3962 1.5460 1.7581 3.5673 -4.9650 4.6070 29.5614 -1.6351 0.9519
Car -1 -1 -1.4890 718.7714 768.4623 793.0059 834.5767 1.4643 1.8089 4.1186 -6.0358 5.9211 44.3275 -1.6152 0.9020
Car -1 -1 -1.4989 680.7054 771.2671 767.5708 853.0829 1.4835 1.7668 3.7354 -5.6446 5.1911 35.9505 -1.6473 0.9004
Car -1 -1 -1.4916 735.3143 772.6037 798.2793 830.7471 1.4880 1.7413 3.4414 -6.3268 6.4945 48.9351 -1.6102 0.5693
Car -1 -1 2.1379 25.2819 783.0782 231.6570 885.0542 1.5703 1.8600 4.2489 -17.6529 5.1805 31.9554 1.6303 0.2568
