Pedestrian -1 -1 1.4153 1009.8087 766.9026 1054.4142 874.4635 1.7037 0.6532 0.7189 1.1841 4.1241 25.1012 1.4769 0.7221
Pedestrian -1 -1 -1.5882 898.8972 764.1600 925.5007 842.2791 1.7427 0.6155 0.6751 -1.1491 5.0306 34.9567 -1.6098 0.5542
Pedestrian -1 -1 0.9204 1656.3052 625.1074 1936.0000 1216.0000 1.7665 0.6676 0.6525 2.3092 1.7671 3.9582 1.6538 0.5476
Cyclist -1 -1 -1.5878 844.3936 747.6494 909.9485 895.8530 1.7466 0.8434 1.9002 -1.1456 3.4862 20.2171 -1.6367 0.5113
Car -1 -1 -1.4541 654.3972 773.5359 771.8408 879.2482 1.4767 1.7265 3.5697 -4.5451 4.4225 27.8205 -1.6110 0.9592
Car -1 -1 -1.4762 689.2190 771.7287 782.6900 858.1874 1.5122 1.7564 3.6908 -5.1300 5.0786 34.4394 -1.6168 0.9407
Car -1 -1 -1.5164 724.8735 771.8951 798.2775 843.0494 1.5241 1.8159 3.9833 -5.6310 5.9075 42.5451 -1.6388 0.8567
Car -1 -1 1.9367 193.2094 779.1002 337.9439 866.5656 1.5455 1.7355 4.4479 -16.9764 5.5676 36.7294 1.5044 0.7339
Car -1 -1 2.0164 37.8518 789.7753 235.7369 895.0861 1.5008 1.8341 4.3727 -16.6946 5.1155 30.5496 1.5127 0.3526
Car -1 -1 2.1857 0.0000 789.4122 33.3065 930.0419 1.5306 1.9120 4.2905 -16.8396 4.3539 23.5007 1.5516 0.3359
Car -1 -1 1.9680 96.3141 780.8335 247.5047 869.7725 1.5842 1.7324 4.3336 -19.2601 5.6442 36.7026 1.4846 0.3013
