Pedestrian -1 -1 0.9418 1400.6067 688.1031 1656.1162 1179.2181 1.6644 0.6025 0.7407 2.0925 1.9182 5.5893 1.4072 0.7682
Pedestrian -1 -1 -1.6227 887.5440 768.0836 914.3265 841.6224 1.6876 0.6186 0.6110 -1.4522 5.1594 35.9306 -1.6519 0.5735
Pedestrian -1 -1 -1.5439 68.4765 637.7197 338.0596 1216.0000 1.8903 0.7220 0.5078 -2.4437 1.9351 4.8188 -2.1532 0.5695
Pedestrian -1 -1 1.3187 987.1721 767.8577 1031.1478 868.5612 1.7070 0.6364 0.7400 0.8599 4.3281 26.9908 1.3642 0.5293
Cyclist -1 -1 -1.5678 843.2833 750.3292 904.7100 903.6964 1.7543 0.7654 1.8496 -1.1326 3.4763 19.5888 -1.6181 0.5278
Car -1 -1 -1.4682 657.2860 772.9606 768.3823 875.6564 1.5113 1.7529 3.6295 -4.7867 4.5893 29.2291 -1.6250 0.9499
Car -1 -1 -1.5122 721.4135 773.3520 792.7986 840.5035 1.4751 1.8077 3.9683 -5.9462 6.0367 43.9109 -1.6375 0.8879
Car -1 -1 -1.5021 685.9979 774.4353 771.2366 855.4717 1.4541 1.7316 3.6494 -5.4969 5.2103 35.6786 -1.6475 0.8011
Car -1 -1 1.8479 285.4269 786.2422 403.0381 863.8289 1.4656 1.7513 4.4310 -16.4564 6.0402 40.1030 1.4615 0.4906
Car -1 -1 -1.4858 737.4594 776.0833 801.1415 834.1006 1.4665 1.7334 3.4222 -6.2012 6.5551 48.5960 -1.6027 0.3531
