Pedestrian -1 -1 0.8860 1448.3822 670.2955 1737.4319 1206.8994 1.6826 0.6306 0.7243 2.1529 1.8519 5.1672 1.4068 0.7080
Pedestrian -1 -1 -1.5469 887.0552 776.9658 912.8087 849.9732 1.6671 0.5934 0.5698 -1.4589 5.3192 35.6287 -1.5766 0.5200
Pedestrian -1 -1 -1.1996 0.0000 642.7136 251.8013 1216.0000 1.8199 0.6654 0.5993 -2.4547 1.8759 4.3163 -1.8878 0.3953
Pedestrian -1 -1 1.3439 991.2950 770.2838 1033.6265 872.1435 1.7111 0.6207 0.6965 0.9083 4.3412 26.6558 1.3918 0.3558
Cyclist -1 -1 -1.6421 833.7485 753.9936 906.3990 908.1145 1.7720 0.8411 1.8865 -1.2313 3.5700 19.8391 -1.6968 0.5394
Car -1 -1 -1.4746 658.1111 779.5412 768.7225 882.0682 1.4753 1.7466 3.5651 -4.7184 4.6510 28.8775 -1.6311 0.9476
Car -1 -1 -1.5371 723.9837 778.1707 791.7909 846.1479 1.4806 1.7890 3.8336 -5.8761 6.1470 43.5383 -1.6619 0.8942
Car -1 -1 -1.4736 684.7068 778.9695 775.7548 862.1700 1.4765 1.7472 3.6505 -5.3982 5.3063 35.3085 -1.6178 0.8679
Car -1 -1 1.8760 290.4072 786.9280 404.3666 861.3292 1.4699 1.6976 4.1972 -16.7927 6.1579 41.1086 1.4915 0.4735
Car -1 -1 -1.4704 737.6700 781.5773 802.7578 839.6187 1.4494 1.7225 3.5367 -6.1891 6.7434 48.7470 -1.5866 0.3114
