Pedestrian -1 -1 0.8572 1716.9795 588.2977 1936.0000 1216.0000 1.7090 0.6442 0.6666 2.1882 1.6347 3.4047 1.6859 0.6198
Pedestrian -1 -1 1.4005 1014.9564 762.5408 1061.1964 870.7049 1.6849 0.6563 0.7418 1.2646 3.9977 24.7246 1.4663 0.5544
Pedestrian -1 -1 -3.4186 1490.5873 827.2472 1729.3157 1124.2947 1.1388 0.5436 0.8810 2.8303 2.0799 6.5920 -2.9158 0.4907
Pedestrian -1 -1 -1.6660 904.5035 760.9657 932.4296 836.9759 1.6810 0.5965 0.6254 -0.9944 4.8651 34.6499 -1.6833 0.4715
Pedestrian -1 -1 1.5536 919.4474 772.8047 939.3350 827.6074 1.7792 0.6695 0.6470 -1.0818 6.8241 50.6761 1.5447 0.3939
Cyclist -1 -1 -1.5597 842.6704 744.1664 910.8679 891.0434 1.7334 0.8762 1.9094 -1.1220 3.4214 20.1948 -1.6076 0.5177
Cyclist -1 -1 -3.4186 1490.5873 827.2472 1729.3157 1124.2947 1.1388 0.5436 0.8810 2.8303 2.0799 6.5920 -2.9158 0.1121
Car -1 -1 -1.4466 653.8027 769.4196 772.7799 875.2090 1.4758 1.7142 3.5185 -4.4939 4.3089 27.5295 -1.6037 0.9607
Car -1 -1 -1.4790 689.5251 769.8624 782.5070 854.7194 1.4740 1.7418 3.5308 -5.0580 4.9403 33.9528 -1.6197 0.9381
Car -1 -1 -1.4899 726.4844 766.4883 803.8446 838.8270 1.5586 1.8080 3.9860 -5.4791 5.7443 42.1818 -1.6100 0.8989
Car -1 -1 1.9958 186.2725 770.9930 339.2977 857.1786 1.5557 1.7425 4.3549 -16.9771 5.3435 36.5876 1.5616 0.7199
Car -1 -1 2.1230 12.9765 779.3486 225.4531 881.5863 1.4940 1.7678 4.4168 -17.2260 4.9134 30.8669 1.6100 0.5448
