Pedestrian -1 -1 -1.5867 937.1286 777.9288 964.6537 862.4487 1.7452 0.5903 0.6522 -0.2261 5.0945 32.4010 -1.5814 0.6578
Pedestrian -1 -1 1.3411 1070.9546 769.9356 1128.6382 898.1897 1.6536 0.6436 0.7824 1.9082 3.7001 20.6738 1.4508 0.6184
Pedestrian -1 -1 1.6237 958.2020 786.8995 979.8608 842.6088 1.6591 0.6394 0.5481 0.2434 6.7344 46.5548 1.6420 0.5398
Pedestrian -1 -1 -1.6178 908.8806 780.3201 935.0377 860.3962 1.6614 0.5480 0.5215 -0.8534 5.0556 32.3808 -1.6326 0.3365
Pedestrian -1 -1 -1.5326 857.9346 760.0641 922.0652 905.2123 1.7593 0.8020 1.8340 -0.9693 3.7177 20.7509 -1.5706 0.1032
Cyclist -1 -1 -1.5409 858.8194 761.2355 922.0917 907.2929 1.7711 0.8065 1.8642 -0.9659 3.7540 20.8151 -1.5785 0.5362
Car -1 -1 -1.4279 649.6512 783.2092 789.1767 907.9011 1.5182 1.7470 3.6494 -3.9086 4.3267 24.6968 -1.5806 0.9460
Car -1 -1 -1.4502 698.0962 783.7335 808.8033 882.8372 1.5311 1.8061 3.8907 -4.2795 5.0645 31.3146 -1.5786 0.9162
Car -1 -1 -1.4899 740.4855 791.3356 819.2823 863.9279 1.3980 1.7235 3.7114 -4.7174 5.9813 39.3014 -1.5999 0.8392
Car -1 -1 2.0599 276.1294 789.1887 416.0098 864.9834 1.5231 1.7188 4.5935 -17.4708 6.4770 42.7183 1.6757 0.2926
Car -1 -1 2.1952 0.0000 779.4774 165.4410 883.8163 1.3415 1.5792 3.7985 -16.2540 4.3306 26.9647 1.6446 0.2440
