Pedestrian -1 -1 -1.5856 938.7770 777.3228 968.2460 863.9775 1.7679 0.6261 0.7127 -0.1676 5.0793 32.1303 -1.5784 0.7072
Pedestrian -1 -1 1.6078 964.8865 785.7350 986.3674 841.8422 1.6574 0.6361 0.5520 0.4449 6.6536 46.1595 1.6307 0.4734
Pedestrian -1 -1 1.3454 1079.6420 771.0819 1137.5433 900.8962 1.6202 0.6225 0.7952 1.9692 3.6231 20.0606 1.4614 0.4494
Pedestrian -1 -1 -1.6099 908.7990 778.2204 935.5667 859.8801 1.6822 0.5603 0.5122 -0.8410 5.0004 32.0938 -1.6246 0.2863
Cyclist -1 -1 -1.5399 861.8633 760.6745 925.8502 904.3680 1.7530 0.8196 1.8476 -0.9232 3.7362 20.9184 -1.5751 0.5538
Car -1 -1 -1.4105 649.0081 781.7177 793.9269 908.6957 1.5300 1.7472 3.6090 -3.8107 4.2690 24.3074 -1.5619 0.9422
Car -1 -1 -1.4719 703.8113 783.2726 810.4904 883.5988 1.5303 1.7781 3.8438 -4.1480 5.0086 30.8981 -1.5979 0.9244
Car -1 -1 -1.4809 745.6038 789.6406 826.4724 864.3278 1.4259 1.7158 3.7852 -4.5025 5.9173 38.8650 -1.5868 0.8621
Car -1 -1 1.9501 276.3211 786.8396 401.2320 860.9112 1.4717 1.7032 4.2642 -17.0659 6.1665 41.2134 1.5608 0.5453
Car -1 -1 -1.4380 760.3622 789.5530 834.8226 856.2271 1.5146 1.7195 3.4708 -4.8229 6.6032 44.4518 -1.5357 0.2675
