Pedestrian -1 -1 1.2498 1114.3831 763.5757 1184.4360 908.7148 1.6370 0.6505 0.7419 2.2693 3.3542 18.0955 1.3953 0.6519
Pedestrian -1 -1 -1.5503 955.8930 770.0665 987.8653 859.4619 1.7657 0.6404 0.6101 0.2222 4.7950 30.8880 -1.5304 0.5216
Pedestrian -1 -1 1.6151 990.2587 780.0715 1013.0699 837.7475 1.6337 0.6445 0.5456 1.1975 6.2582 44.2684 1.6557 0.4109
Pedestrian -1 -1 -1.5861 885.5409 759.2341 939.7536 900.2617 1.7104 0.7220 1.8359 -0.6829 3.6664 20.8426 -1.6093 0.1133
Cyclist -1 -1 -1.5958 886.6736 757.7241 940.9483 900.2713 1.7334 0.7245 1.8644 -0.6780 3.6740 20.9008 -1.6186 0.5439
Car -1 -1 -1.4084 654.1959 774.8627 811.9922 910.3834 1.5161 1.7693 3.7235 -3.3761 3.9873 22.7645 -1.5520 0.9381
Car -1 -1 -1.4553 711.4800 777.8707 831.2056 883.2720 1.5059 1.8404 4.3613 -3.7074 4.7853 29.8784 -1.5713 0.9173
Car -1 -1 -1.5025 757.4711 783.8405 839.1945 863.0377 1.4765 1.7384 3.6979 -4.0101 5.6374 37.2749 -1.6003 0.8098
Car -1 -1 1.9914 271.2119 786.0703 401.4576 860.2429 1.4241 1.6193 4.2560 -16.7122 5.9897 40.2113 1.6004 0.6148
Car -1 -1 2.0327 130.0339 782.3445 302.0822 872.9692 1.4558 1.7335 4.2625 -16.6036 5.2142 33.5654 1.5720 0.5334
Car -1 -1 2.0683 282.7635 785.6743 413.1295 856.5486 1.4931 1.6312 4.4261 -18.0335 6.4909 44.1946 1.6852 0.3571
