Pedestrian -1 -1 -1.5923 985.7731 767.4029 1018.8335 861.6288 1.7340 0.6304 0.6493 0.7889 4.5149 28.8516 -1.5515 0.7045
Pedestrian -1 -1 1.5488 1021.2432 773.2018 1044.5913 837.3298 1.6645 0.6263 0.5541 1.9353 5.7039 40.4433 1.6107 0.4771
Pedestrian -1 -1 1.2824 1180.6823 760.1479 1261.7377 937.1331 1.6136 0.6266 0.6613 2.5188 2.9608 14.5380 1.4812 0.4723
Cyclist -1 -1 -1.5800 905.0912 752.8056 964.2996 890.5831 1.7347 0.8152 1.8813 -0.3812 3.6576 21.5345 -1.5871 0.4574
Car -1 -1 -1.3605 635.8290 767.7702 824.9491 920.0878 1.4977 1.7695 3.5854 -2.9803 3.5861 20.0132 -1.5065 0.9524
Car -1 -1 -1.4598 721.5043 773.7655 841.6581 886.2333 1.5213 1.7159 3.5119 -3.1299 4.3477 26.6356 -1.5701 0.9321
Car -1 -1 -1.4711 768.9716 777.7325 860.4650 861.1443 1.4642 1.7247 3.5469 -3.3343 5.1800 34.5743 -1.5580 0.9031
Car -1 -1 2.0232 254.9073 780.6718 405.6261 863.8715 1.4565 1.6614 4.3524 -15.3836 5.5119 36.7127 1.6277 0.7832
Car -1 -1 2.1128 82.8262 776.2622 297.4563 880.7874 1.4966 1.7690 4.6397 -15.6479 4.8401 30.6601 1.6374 0.7449
Car -1 -1 -1.5627 834.8455 781.8768 892.4603 842.7497 1.5403 1.8674 4.1198 -3.2735 7.0897 50.7674 -1.6154 0.7438
Car -1 -1 2.0921 0.0000 769.4828 116.5601 903.0969 1.4348 1.7842 4.2827 -14.9827 3.8724 23.0138 1.5016 0.5287
