Pedestrian -1 -1 -1.5579 987.8492 766.3036 1022.1556 863.2670 1.7481 0.6319 0.6511 0.8312 4.4569 28.3036 -1.5150 0.7637
Pedestrian -1 -1 1.3115 1191.7838 761.4619 1276.4993 945.0503 1.5952 0.6249 0.7377 2.5355 2.9043 13.9504 1.5200 0.6294
Cyclist -1 -1 -1.5722 907.4251 752.6760 964.9042 894.8254 1.7781 0.7856 1.9207 -0.3500 3.6891 21.4014 -1.5779 0.4431
Car -1 -1 -1.3776 628.1819 768.2184 818.9182 926.8060 1.5182 1.7721 3.6228 -2.9873 3.5644 19.5033 -1.5284 0.9511
Car -1 -1 -1.4393 711.5583 773.6516 841.0550 891.5310 1.5416 1.7431 3.6594 -3.1444 4.3171 26.0581 -1.5531 0.9422
Car -1 -1 -1.5257 832.6044 777.2590 898.0665 842.0662 1.6580 1.9555 4.1719 -3.1740 6.9847 50.1900 -1.5772 0.9198
Car -1 -1 -1.4833 766.8638 779.5836 860.2827 865.9749 1.4965 1.7748 3.5145 -3.2987 5.1905 33.9555 -1.5710 0.9069
Car -1 -1 2.1100 78.9151 773.4487 298.8994 881.3877 1.5148 1.7578 4.6910 -15.3151 4.7308 29.9788 1.6336 0.8772
Car -1 -1 2.0102 266.2350 781.0158 413.4945 863.8118 1.4498 1.6201 4.4041 -15.2146 5.5327 36.8710 1.6203 0.8123
Car -1 -1 2.1295 0.0000 771.6185 91.4533 905.9549 1.4148 1.7682 4.2988 -15.2696 3.8586 22.7198 1.5237 0.4761
Car -1 -1 -1.4716 797.1769 778.2934 876.5555 853.7526 1.5538 1.7300 3.5926 -3.2815 5.8447 40.0118 -1.5430 0.4150
