Pedestrian -1 -1 1.3025 1122.4708 764.6329 1192.7063 914.3120 1.6511 0.6587 0.7538 2.3130 3.3417 17.6797 1.4539 0.5506
Pedestrian -1 -1 -1.5550 957.0425 771.9952 988.9910 860.5671 1.7295 0.6359 0.6122 0.2432 4.7680 30.5735 -1.5343 0.4240
Pedestrian -1 -1 1.5895 991.9364 781.7324 1013.6177 838.0253 1.5763 0.6164 0.4928 1.2121 6.1780 43.6135 1.6309 0.4043
Pedestrian -1 -1 -1.6125 887.5779 757.7022 944.0828 901.4937 1.7578 0.7322 1.8628 -0.6551 3.7069 20.9944 -1.6340 0.1071
Cyclist -1 -1 -1.6125 887.5779 757.7022 944.0828 901.4937 1.7578 0.7322 1.8628 -0.6551 3.7069 20.9944 -1.6340 0.5331
Car -1 -1 -1.4274 656.6517 778.8977 810.4787 913.9414 1.4825 1.7488 3.6259 -3.3122 3.9724 22.3653 -1.5709 0.9465
Car -1 -1 -1.4594 716.0535 781.9167 831.7547 885.2007 1.4819 1.8007 4.1117 -3.6509 4.8244 29.7754 -1.5739 0.8533
Car -1 -1 -1.5155 761.0557 783.9741 840.6705 861.5579 1.4389 1.7200 3.4548 -3.8918 5.5322 36.7192 -1.6118 0.8391
Car -1 -1 1.9714 272.2488 786.9714 401.2230 861.8215 1.4207 1.6371 4.1605 -16.4127 5.9295 39.5146 1.5804 0.6557
Car -1 -1 2.0931 123.3828 779.6840 310.7145 874.4237 1.4362 1.6933 4.2199 -15.7360 4.9591 31.8789 1.6322 0.5688
Car -1 -1 -1.4586 778.3792 784.0688 854.1522 853.0306 1.5043 1.7317 3.6600 -4.1263 6.2812 43.0270 -1.5438 0.5140
