Pedestrian -1 -1 -1.6244 966.1381 774.3630 998.3018 863.1340 1.7123 0.6256 0.6350 0.4207 4.7701 30.2683 -1.5975 0.6687
Pedestrian -1 -1 1.3453 1130.7478 772.3287 1199.8806 921.8412 1.5974 0.6478 0.7460 2.3317 3.3269 17.1491 1.5024 0.5677
Pedestrian -1 -1 1.4883 995.0596 783.8308 1015.8526 840.6302 1.5737 0.5677 0.4587 1.2695 6.1712 43.0193 1.5315 0.3454
Cyclist -1 -1 -1.6004 891.2258 756.1367 948.5476 902.8918 1.8073 0.7700 1.8947 -0.6019 3.7444 21.1076 -1.6190 0.5268
Car -1 -1 -1.3963 650.7509 779.3657 814.8460 918.0085 1.4823 1.7498 3.6769 -3.2630 3.9482 22.0081 -1.5402 0.9522
Car -1 -1 -1.4795 716.7481 780.7958 829.0781 887.6058 1.5100 1.7602 3.7380 -3.5248 4.6831 28.5484 -1.5953 0.9266
Car -1 -1 -1.4991 762.0472 785.2897 845.1773 865.1638 1.4724 1.7306 3.4726 -3.7858 5.5617 36.3726 -1.5934 0.8520
Car -1 -1 2.0506 266.1068 787.6749 408.7732 865.6056 1.4433 1.6535 4.2257 -16.1607 5.9225 38.9731 1.6601 0.5948
Car -1 -1 2.0084 0.0000 778.3792 187.8674 884.4720 1.5431 1.7820 4.6064 -17.9364 4.9680 30.9966 1.4797 0.5533
Car -1 -1 2.0405 120.7664 781.1005 308.3195 879.8961 1.5146 1.7806 4.4873 -15.9850 5.1228 32.2939 1.5789 0.5438
Car -1 -1 2.0057 443.8138 788.6310 563.2568 861.1822 1.6076 1.7887 4.3982 -13.9525 6.8802 45.8508 1.7169 0.4755
Car -1 -1 2.0330 279.2047 787.3429 410.9802 861.6740 1.5307 1.6688 4.4955 -17.6953 6.4715 43.1791 1.6481 0.3433
