Pedestrian -1 -1 1.2973 1198.3866 753.8464 1286.6400 947.6042 1.6430 0.6262 0.7465 2.5457 2.8487 13.5923 1.5122 0.5994
Pedestrian -1 -1 -1.5603 988.8824 766.5861 1022.1386 862.1742 1.7151 0.6110 0.6502 0.8372 4.4179 28.1850 -1.5170 0.5968
Cyclist -1 -1 -1.5627 904.9297 750.4012 965.1495 890.6226 1.7623 0.8258 1.9097 -0.3578 3.6436 21.4615 -1.5688 0.4519
Car -1 -1 -1.3611 623.4183 765.2186 822.0496 928.7610 1.5389 1.7692 3.6723 -2.9429 3.5165 19.1913 -1.5123 0.9549
Car -1 -1 -1.4297 711.2043 772.4245 843.6530 890.9075 1.5351 1.7432 3.6626 -3.0978 4.2682 25.8498 -1.5427 0.9272
Car -1 -1 -1.5442 836.4903 779.4553 897.7053 840.6106 1.5455 1.8878 3.9805 -3.1059 6.9185 49.9754 -1.5947 0.9092
Car -1 -1 -1.5106 771.2166 778.6367 858.6216 864.9389 1.4725 1.7141 3.5446 -3.2460 5.1219 33.7038 -1.5976 0.8942
Car -1 -1 2.0587 255.7113 782.9732 416.3901 870.7042 1.5217 1.7087 4.4936 -15.1910 5.6368 36.6122 1.6670 0.8162
Car -1 -1 2.1244 72.6917 773.0422 295.8234 879.9901 1.4892 1.7599 4.6672 -15.3380 4.6827 29.8447 1.6454 0.7576
Car -1 -1 -1.4498 797.5952 780.0077 878.2950 853.1229 1.4819 1.6867 3.4278 -3.2129 5.7614 39.5056 -1.5206 0.4998
Car -1 -1 2.1218 0.0000 772.4030 83.2999 907.1373 1.4054 1.8089 4.2591 -15.2953 3.8447 22.5507 1.5114 0.4621
Car -1 -1 2.1996 0.0000 763.5822 121.2928 882.1253 1.5324 1.7705 4.5746 -17.4753 4.2616 27.1027 1.6181 0.4318
