Pedestrian -1 -1 -1.6289 971.1397 777.4262 1003.5466 866.8265 1.6935 0.6170 0.6404 0.5158 4.7643 29.7789 -1.5985 0.5663
Pedestrian -1 -1 1.2972 1152.6637 774.8647 1224.1389 926.9951 1.5657 0.6367 0.6456 2.4899 3.2496 16.4394 1.4712 0.3846
Pedestrian -1 -1 1.5845 1004.2682 786.9633 1023.2095 838.0989 1.6626 0.6275 0.5322 1.7809 7.1897 50.7161 1.6334 0.3800
Cyclist -1 -1 -1.5447 897.2649 764.8043 956.2598 902.5085 1.6994 0.7705 1.8420 -0.4726 3.7754 21.2641 -1.5566 0.5281
Car -1 -1 -1.3869 642.8978 781.4700 813.6415 923.4246 1.4600 1.7456 3.5485 -3.1986 3.8651 21.1672 -1.5342 0.9514
Car -1 -1 -1.4841 718.0997 780.4854 832.6494 889.3026 1.4858 1.7594 3.8050 -3.3885 4.5839 27.8521 -1.5982 0.9102
Car -1 -1 -1.5327 766.9262 788.6989 847.2181 868.1061 1.3926 1.7305 3.5825 -3.6250 5.4968 35.6343 -1.6248 0.8932
Car -1 -1 2.0598 260.3470 784.7173 409.3801 865.5448 1.4697 1.6912 4.2402 -15.8380 5.7706 38.0524 1.6675 0.7186
Car -1 -1 2.0171 390.0625 790.3232 515.1226 864.5517 1.5608 1.7288 4.3876 -14.8509 6.6713 43.9145 1.6966 0.5232
Car -1 -1 2.1793 0.0000 771.2134 170.2685 880.7156 1.5069 1.7156 4.5525 -17.5645 4.5825 29.1117 1.6302 0.5021
Car -1 -1 2.0509 0.0000 774.1915 110.2108 898.6319 1.4290 1.7617 4.3028 -16.0113 4.1236 24.7595 1.4659 0.4377
