Pedestrian -1 -1 1.2314 1245.6198 744.3232 1363.4861 983.4309 1.6848 0.6507 0.8674 2.6127 2.6359 11.4521 1.4937 0.7115
Pedestrian -1 -1 -1.5847 993.4819 763.9993 1029.9216 868.9824 1.8006 0.6480 0.6947 0.9088 4.3412 26.9557 -1.5372 0.6470
Pedestrian -1 -1 1.4111 1051.5665 779.0745 1079.2479 847.6904 1.6348 0.6164 0.5368 2.5900 5.5029 37.2278 1.4955 0.5352
Cyclist -1 -1 1.2360 1243.3728 744.8144 1360.3728 981.9257 1.6822 0.6490 0.8856 2.6135 2.6454 11.5465 1.4961 0.1386
Car -1 -1 -1.3417 599.8272 769.0148 819.0581 948.9557 1.5384 1.7576 3.5576 -2.8312 3.4074 17.5591 -1.5024 0.9572
Car -1 -1 -1.4392 705.7349 770.7407 845.3970 897.9780 1.5543 1.7597 3.6036 -2.9279 4.0964 24.2498 -1.5537 0.9220
Car -1 -1 2.1071 29.4295 772.4393 265.8967 891.2404 1.5476 1.7094 4.6638 -14.8936 4.5144 27.7094 1.6077 0.9078
Car -1 -1 1.9581 231.6554 782.3711 386.9012 874.0380 1.5241 1.7513 4.4441 -15.0550 5.4242 34.7981 1.5502 0.9037
Car -1 -1 -1.5135 766.5085 778.1206 860.6321 873.4661 1.5429 1.7602 3.6437 -3.1011 5.0096 31.9868 -1.6013 0.8955
Car -1 -1 -1.5132 839.8909 781.7476 906.5805 846.9741 1.6007 1.8760 3.9686 -2.7987 6.8748 48.2893 -1.5594 0.7089
Car -1 -1 2.0282 429.0856 780.1600 544.4604 847.4282 1.5405 1.7522 4.1274 -14.6699 6.5906 46.4659 1.7286 0.5006
Car -1 -1 2.1920 0.0000 759.4172 58.0172 910.4958 1.4721 1.7588 4.5388 -14.8588 3.5588 20.9164 1.5567 0.4641
