Pedestrian -1 -1 -1.5756 997.8769 760.6610 1035.2001 870.2333 1.7802 0.6262 0.6135 0.9418 4.1165 25.4132 -1.5247 0.6398
Pedestrian -1 -1 1.2029 1310.4308 706.8293 1450.8855 1005.0033 1.7493 0.6420 0.7645 2.6153 2.2853 9.3874 1.5262 0.5576
Pedestrian -1 -1 1.5396 1024.7723 776.1928 1047.0447 835.3001 1.6499 0.6391 0.6027 2.1762 6.0975 43.6500 1.6036 0.4417
Pedestrian -1 -1 1.3272 1057.9106 770.7296 1091.2865 846.4923 1.6770 0.6555 0.5984 2.6328 5.1023 34.7790 1.4180 0.4315
Car -1 -1 -1.3299 550.3983 757.4056 801.9899 961.9681 1.5533 1.7540 3.6301 -2.8312 3.1032 15.6297 -1.5139 0.9694
Car -1 -1 -1.4170 684.6828 764.6266 839.1383 903.2023 1.5705 1.7410 3.5563 -2.8940 3.8307 22.3873 -1.5413 0.9460
Car -1 -1 2.0596 0.0000 766.6125 210.6135 887.8458 1.5028 1.7229 4.3899 -14.9276 4.1757 25.9773 1.5292 0.9435
Car -1 -1 -1.4392 826.2955 776.1418 903.2867 844.5281 1.6040 1.8221 4.0474 -2.9440 6.5089 46.4088 -1.4912 0.9398
Car -1 -1 -1.4777 749.9901 771.1263 855.8150 872.2617 1.5487 1.7506 3.8377 -3.1487 4.7066 30.3748 -1.5729 0.9194
Car -1 -1 2.0397 181.1119 773.3370 355.7132 866.8365 1.5033 1.7195 4.4219 -15.3483 5.0413 33.4022 1.6078 0.8322
Car -1 -1 1.8921 404.8082 779.4883 514.9751 853.2764 1.6587 1.7909 4.6241 -15.2167 6.6162 45.6404 1.5760 0.4554
