Pedestrian -1 -1 1.2918 1225.2919 746.0325 1326.2021 968.3943 1.7049 0.6433 0.7731 2.5736 2.7334 12.2988 1.5321 0.6468
Pedestrian -1 -1 -1.5785 993.1331 762.9365 1027.6888 863.1241 1.7432 0.6249 0.7200 0.9029 4.3083 27.4168 -1.5319 0.6250
Pedestrian -1 -1 1.3837 1045.6300 771.4894 1073.4493 841.6436 1.7181 0.6239 0.5526 2.5092 5.4948 38.2197 1.4640 0.4650
Cyclist -1 -1 -1.5305 904.5904 744.1140 967.5107 890.2047 1.8183 0.7923 1.8944 -0.3369 3.5802 21.1409 -1.5358 0.4216
Car -1 -1 -1.3453 606.5045 762.7809 818.6522 937.0981 1.5635 1.7682 3.5891 -2.9020 3.4111 18.1890 -1.5038 0.9642
Car -1 -1 -1.4181 703.8436 767.0491 843.6188 891.2520 1.5645 1.7487 3.5957 -3.0342 4.1007 24.8523 -1.5339 0.9377
Car -1 -1 2.1020 51.0537 768.3788 277.7866 879.4916 1.5036 1.7582 4.5391 -15.0112 4.4580 28.4894 1.6113 0.9231
Car -1 -1 -1.5471 839.3313 776.4008 901.1823 840.2734 1.5958 1.8790 4.0015 -2.9395 6.7635 48.9855 -1.5955 0.9067
Car -1 -1 1.9660 244.2356 779.8046 395.1640 867.2778 1.4888 1.6965 4.5020 -15.2027 5.4208 35.7019 1.5643 0.8896
Car -1 -1 -1.5391 768.3688 775.3790 855.0156 866.8061 1.5206 1.7431 3.6296 -3.2331 5.0148 32.8630 -1.6283 0.8847
Car -1 -1 2.2194 0.0000 769.0884 96.3989 887.6683 1.5729 1.7806 4.3887 -18.1721 4.4433 27.5289 1.6277 0.5627
