Pedestrian -1 -1 1.2760 1237.4131 759.4852 1338.9861 973.4664 1.5886 0.6201 0.7645 2.6100 2.7038 11.9961 1.5257 0.7929
Pedestrian -1 -1 -1.5883 994.5885 764.2337 1029.9949 865.4661 1.7521 0.6361 0.6999 0.9276 4.3230 27.2327 -1.5405 0.4573
Pedestrian -1 -1 1.3833 1049.6884 775.2106 1077.8965 844.7399 1.6769 0.6256 0.5388 2.5800 5.4932 37.6674 1.4666 0.4402
Cyclist -1 -1 -1.5888 909.3618 751.1144 968.0113 892.7676 1.8046 0.8150 1.9141 -0.3353 3.7210 21.7396 -1.5934 0.4354
Cyclist -1 -1 1.2760 1237.4131 759.4852 1338.9861 973.4664 1.5886 0.6201 0.7645 2.6100 2.7038 11.9961 1.5257 0.1145
Car -1 -1 -1.3353 607.0085 767.9957 820.1660 939.9576 1.5118 1.7390 3.5320 -2.8635 3.4108 18.0179 -1.4933 0.9599
Car -1 -1 2.1064 61.0751 773.8344 276.1526 881.6895 1.4527 1.6761 4.2024 -14.7908 4.4726 28.1845 1.6173 0.9315
Car -1 -1 1.9801 241.4426 781.6860 395.6335 869.6917 1.4818 1.7059 4.4592 -15.0915 5.4256 35.3806 1.5777 0.9262
Car -1 -1 -1.4276 706.9315 769.1859 845.1523 894.9767 1.5739 1.7417 3.5779 -2.9761 4.1307 24.6854 -1.5417 0.9254
Car -1 -1 -1.5319 768.7416 776.6564 858.4226 869.9081 1.5187 1.7549 3.7313 -3.1492 5.0068 32.4663 -1.6197 0.9031
Car -1 -1 -1.5227 840.2644 779.5568 905.4703 843.1088 1.5702 1.8793 3.9836 -2.8322 6.8071 48.6439 -1.5692 0.8957
Car -1 -1 2.1730 420.7250 778.5765 553.5205 851.7986 1.6838 1.7922 4.2974 -14.6446 6.6943 46.4389 1.8738 0.4021
