Pedestrian -1 -1 1.3324 1063.1810 767.1130 1098.1846 850.1841 1.7518 0.6454 0.6536 2.6454 4.9414 33.1709 1.4274 0.6180
Pedestrian -1 -1 -1.5466 998.3986 759.2261 1038.2633 871.5667 1.7469 0.6262 0.6134 0.9337 3.9659 24.3735 -1.4943 0.5856
Pedestrian -1 -1 1.6593 1027.2802 773.1610 1051.5941 836.0109 1.6817 0.6229 0.6082 2.1977 5.8809 42.0072 1.7258 0.4059
Pedestrian -1 -1 1.0393 1374.8074 719.8026 1557.0273 1070.0607 1.6784 0.6088 0.8071 2.6264 2.2045 7.8476 1.4313 0.4027
Cyclist -1 -1 -1.5045 900.4253 749.8585 963.7039 889.3505 1.7648 0.7706 1.8707 -0.4024 3.6487 21.5890 -1.5127 0.4931
Car -1 -1 -1.3117 513.8846 750.9480 789.4229 974.4859 1.5716 1.7375 3.5479 -2.8204 2.9378 14.3882 -1.5133 0.9695
Car -1 -1 -1.4022 660.0949 763.3396 829.2819 910.1074 1.5512 1.7552 3.6615 -2.9641 3.6831 21.1701 -1.5383 0.9495
Car -1 -1 -1.4381 817.3266 774.5350 896.2658 843.3797 1.5637 1.8105 4.0073 -3.0939 6.2746 45.0144 -1.4956 0.9010
Car -1 -1 -1.4698 741.4507 771.1977 854.4452 874.5362 1.4921 1.7629 3.9317 -3.1076 4.5348 29.1335 -1.5684 0.8845
Car -1 -1 2.0506 0.0000 752.7732 167.4028 880.6357 1.4980 1.8464 4.3653 -14.8228 3.7656 24.2698 1.4904 0.8033
Car -1 -1 2.0211 137.3775 763.7188 318.3900 859.8139 1.5018 1.7856 4.1713 -15.3222 4.6201 31.5018 1.5653 0.7949
