Pedestrian -1 -1 1.2469 1271.7808 743.1895 1390.1052 996.6428 1.6781 0.6276 0.7790 2.6247 2.5545 10.6784 1.5301 0.6339
Pedestrian -1 -1 1.3710 1053.5190 772.5237 1084.7269 845.1451 1.6714 0.6549 0.5826 2.5987 5.2643 36.0706 1.4580 0.5365
Pedestrian -1 -1 -1.6845 995.5366 762.2927 1034.2960 867.8964 1.7695 0.6187 0.6626 0.9401 4.2198 26.3201 -1.6350 0.5023
Cyclist -1 -1 -1.6015 909.7199 750.4536 965.2665 892.8356 1.7983 0.7607 1.8965 -0.3599 3.6879 21.5452 -1.6076 0.4721
Car -1 -1 -1.3645 581.6518 763.0443 808.1883 952.6603 1.5424 1.7691 3.5863 -2.8311 3.2484 16.6445 -1.5356 0.9622
Car -1 -1 -1.4237 695.0615 767.8702 842.6909 900.1271 1.5628 1.7575 3.5692 -2.9223 3.9719 23.3898 -1.5429 0.9383
Car -1 -1 -1.4153 831.2294 777.4507 909.6119 844.1662 1.5964 1.8384 3.9577 -2.8245 6.6321 47.2985 -1.4634 0.9347
Car -1 -1 -1.4634 758.0542 776.4512 860.7867 871.7155 1.4972 1.7147 3.6552 -3.1063 4.8462 31.2046 -1.5541 0.9288
Car -1 -1 2.0125 32.6747 773.2523 237.6466 889.8322 1.5068 1.6113 4.1533 -14.6939 4.3826 26.8633 1.5048 0.9280
Car -1 -1 2.0103 209.1441 776.8625 375.2472 870.6276 1.5452 1.7514 4.3390 -15.0582 5.2148 33.9239 1.5922 0.8173
Car -1 -1 1.9630 424.5419 781.2202 539.9493 851.6226 1.5724 1.7884 4.4145 -14.5883 6.5980 45.7982 1.6607 0.5544
