Pedestrian -1 -1 1.1121 1326.3652 715.9001 1482.5181 1022.9568 1.6789 0.6335 0.7708 2.6031 2.2427 8.8450 1.4549 0.5750
Pedestrian -1 -1 -1.5959 997.5536 758.1431 1035.7399 867.8265 1.7647 0.6342 0.6290 0.9282 4.0358 25.1669 -1.5452 0.5680
Pedestrian -1 -1 1.3494 1059.0649 770.8738 1092.4167 848.9390 1.7093 0.6491 0.6370 2.6332 5.1061 34.4407 1.4409 0.5472
Pedestrian -1 -1 1.4735 1025.1328 774.4165 1049.2046 835.3605 1.6782 0.6428 0.6288 2.1849 6.0199 43.0994 1.5383 0.4740
Cyclist -1 -1 -1.5167 903.4696 747.9369 965.9557 887.9014 1.8030 0.7932 1.9214 -0.3704 3.6907 21.9639 -1.5229 0.4334
Car -1 -1 -1.3376 547.8131 757.7355 797.5149 964.6480 1.5540 1.7362 3.5405 -2.8205 3.0793 15.3626 -1.5245 0.9681
Car -1 -1 -1.4036 678.6899 764.9833 837.9023 904.3198 1.5500 1.7368 3.5542 -2.9052 3.7886 22.0874 -1.5304 0.9562
Car -1 -1 2.0871 0.0000 763.8571 210.8148 887.0865 1.5248 1.7643 4.4155 -14.8761 4.1230 25.7387 1.5539 0.9431
Car -1 -1 -1.4636 826.8907 774.8205 901.0140 843.6109 1.6143 1.8143 4.0138 -2.9515 6.4416 46.0979 -1.5162 0.9420
Car -1 -1 -1.4711 749.9690 771.1988 858.8597 872.7332 1.5275 1.7619 3.9345 -3.0914 4.6705 30.1542 -1.5652 0.9185
Car -1 -1 2.0019 181.6690 773.4037 349.4169 865.9268 1.5114 1.7766 4.2493 -15.4118 5.0378 33.3839 1.5682 0.7522
Car -1 -1 -1.4464 803.0731 775.8907 880.6672 848.6058 1.5381 1.6557 3.2932 -3.1797 5.7823 40.3442 -1.5146 0.4342
