Pedestrian -1 -1 1.2326 1288.0780 722.2363 1419.5959 1003.2808 1.7566 0.6562 0.7763 2.6148 2.4351 10.0239 1.5342 0.6787
Pedestrian -1 -1 1.3193 1055.1873 771.9988 1087.7977 847.6329 1.7141 0.6509 0.6041 2.6217 5.2511 35.6071 1.4079 0.5447
Pedestrian -1 -1 -1.5943 1001.0045 761.0468 1037.7388 868.1613 1.7790 0.6305 0.6418 1.0071 4.1766 26.0057 -1.5416 0.4705
Cyclist -1 -1 -1.6024 908.9885 753.7107 962.4337 893.3527 1.7787 0.7369 1.8799 -0.3885 3.7353 21.7614 -1.6096 0.4610
Car -1 -1 -1.3391 566.7499 761.5869 807.2374 957.1793 1.5411 1.7696 3.5958 -2.8316 3.1908 16.2045 -1.5156 0.9670
Car -1 -1 -1.3860 687.1772 768.2075 844.8085 903.3203 1.5592 1.7495 3.5655 -2.9105 3.9376 22.9842 -1.5072 0.9485
Car -1 -1 -1.4384 829.0940 776.3428 905.9794 844.0912 1.6094 1.8455 4.0132 -2.8890 6.5673 46.8811 -1.4885 0.9453
Car -1 -1 2.0532 4.1807 772.6132 221.7601 886.0416 1.4350 1.6307 4.1284 -14.8597 4.2559 26.4646 1.5335 0.9318
Car -1 -1 -1.4605 754.8669 775.9513 859.4160 871.7681 1.4831 1.7155 3.7086 -3.1217 4.7943 30.9117 -1.5528 0.9142
Car -1 -1 2.0191 199.9064 773.6371 368.7875 866.9376 1.5193 1.7241 4.3752 -15.0886 5.0813 33.6038 1.5962 0.8544
Car -1 -1 2.0011 395.1398 783.8829 517.3724 855.9691 1.5401 1.7172 4.4496 -14.9179 6.5089 44.4313 1.6826 0.5427
Car -1 -1 -1.4330 803.9575 776.0256 883.2571 848.3531 1.5538 1.6915 3.4150 -3.2026 5.9014 41.2577 -1.4999 0.4730
