Pedestrian -1 -1 -1.6095 1016.6043 758.9124 1059.6058 883.3532 1.7636 0.6230 0.6336 1.1369 3.7840 22.2198 -1.5436 0.7210
Pedestrian -1 -1 1.0172 1666.3181 646.3604 1936.0000 1216.0000 1.7817 0.6514 0.7763 2.5165 1.8503 4.3470 1.7236 0.6694
Pedestrian -1 -1 1.3711 1088.3179 767.6581 1128.9347 860.3820 1.7484 0.6957 0.6393 2.9144 4.6090 29.6178 1.4857 0.5415
Pedestrian -1 -1 1.5489 1041.1254 776.0625 1065.4025 844.2111 1.6821 0.6193 0.5487 2.3657 5.6026 38.4938 1.6249 0.4353
Cyclist -1 -1 -1.5391 905.1818 754.0252 960.8281 893.2238 1.7261 0.7100 1.8332 -0.3836 3.6353 21.1856 -1.5467 0.5131
Car -1 -1 -1.3002 412.5017 745.7692 754.7458 1024.0732 1.5656 1.7339 3.4984 -2.7602 2.6553 11.7146 -1.5498 0.9602
Car -1 -1 -1.3490 617.4765 759.5216 825.8505 928.5018 1.5304 1.7527 3.6644 -2.8318 3.3606 18.4420 -1.5011 0.9600
Car -1 -1 -1.4325 727.5176 767.7854 860.3550 884.1624 1.5293 1.7823 3.9056 -2.8810 4.2517 26.5085 -1.5339 0.9464
Car -1 -1 -1.4186 813.1525 776.1729 898.2525 848.6424 1.5815 1.8370 3.7767 -2.9711 6.1111 42.8110 -1.4769 0.9363
Car -1 -1 2.1635 70.8017 757.4696 277.8135 854.7130 1.4718 1.7505 4.1194 -15.9750 4.3756 30.6144 1.6779 0.4124
Car -1 -1 2.0673 0.0000 741.8986 76.7327 875.1333 1.4612 1.8366 4.2498 -15.2929 3.3960 22.5118 1.4549 0.3768
