Pedestrian -1 -1 1.3776 1069.9281 763.7615 1105.8071 850.7126 1.7857 0.6667 0.6398 2.7205 4.8061 32.1782 1.4776 0.6824
Pedestrian -1 -1 1.0528 1425.0433 711.1315 1628.4429 1115.4271 1.6198 0.5832 0.7215 2.4475 2.0185 6.5337 1.5015 0.5803
Pedestrian -1 -1 -1.5721 1002.6438 755.4378 1041.5214 869.2948 1.7374 0.6122 0.6052 0.9743 3.8489 23.8697 -1.5172 0.5530
Pedestrian -1 -1 1.5961 1032.1248 772.0990 1055.3988 835.3730 1.6542 0.6128 0.5574 2.2540 5.7032 40.8285 1.6656 0.3359
Cyclist -1 -1 -1.5685 905.9299 747.8792 960.8920 885.2923 1.7619 0.7667 1.8805 -0.3936 3.6325 21.8039 -1.5760 0.4908
Car -1 -1 -1.3248 495.7350 745.2793 780.4798 977.0137 1.5583 1.7417 3.5253 -2.7977 2.8061 13.7095 -1.5364 0.9670
Car -1 -1 -1.3684 647.2823 758.4079 828.4746 909.4384 1.5415 1.7337 3.5550 -2.9314 3.5189 20.3215 -1.5096 0.9618
Car -1 -1 -1.4345 817.5732 770.6039 899.0726 841.8683 1.6128 1.8410 3.9529 -2.9941 6.1227 44.2438 -1.4911 0.9390
Car -1 -1 -1.4954 740.8922 765.7025 850.1479 870.9055 1.5020 1.7480 3.8336 -3.0855 4.3658 28.4773 -1.5960 0.7587
Car -1 -1 2.0728 0.0000 744.3073 147.0493 877.5430 1.5075 1.8783 4.3205 -14.5810 3.5321 23.1313 1.4964 0.7454
Car -1 -1 2.0450 121.8424 758.9191 300.9699 852.1603 1.4755 1.7367 3.9877 -15.6363 4.4708 31.4208 1.5796 0.5017
