Pedestrian -1 -1 -1.5945 1022.1979 764.0009 1065.4746 892.9838 1.7198 0.5971 0.6300 1.1552 3.7017 20.9774 -1.5242 0.6677
Pedestrian -1 -1 1.5513 1052.5356 777.8676 1078.7338 849.3150 1.6548 0.6291 0.5878 2.5312 5.3993 36.2934 1.6358 0.5531
Pedestrian -1 -1 1.3649 1094.1215 774.3083 1137.3517 875.4583 1.7658 0.6770 0.6785 2.8420 4.5559 27.5587 1.4847 0.4184
Cyclist -1 -1 -1.5361 904.1416 757.8254 961.2324 898.8347 1.7842 0.7411 1.9178 -0.3970 3.8006 21.7166 -1.5437 0.3210
Car -1 -1 -1.3161 570.3199 756.4492 820.1738 951.7766 1.5759 1.8195 3.8930 -2.8328 3.2311 16.7989 -1.4856 0.9602
Car -1 -1 -1.2583 296.8614 738.1222 731.9416 1073.6864 1.5631 1.7825 3.6146 -2.7329 2.4596 10.0180 -1.5538 0.9501
Car -1 -1 -1.4457 811.5325 780.8597 898.3489 858.2817 1.5920 1.8483 3.8372 -2.8391 6.0413 40.6864 -1.5045 0.9463
Car -1 -1 -1.4492 716.8909 767.1909 857.1482 894.0403 1.5710 1.8221 3.8127 -2.7950 4.1085 24.7486 -1.5555 0.9334
Car -1 -1 2.0599 26.4846 755.3708 243.8658 864.2128 1.4813 1.7439 4.2030 -15.0629 4.0694 27.5467 1.5520 0.8389
Car -1 -1 -1.4446 773.7098 778.5549 876.6187 869.2844 1.5295 1.8064 3.7352 -2.9935 5.1758 33.5798 -1.5241 0.5446
