Pedestrian -1 -1 1.3624 1064.9233 765.5851 1100.8606 851.9119 1.8011 0.6694 0.6672 2.6616 4.9188 32.7717 1.4590 0.6899
Pedestrian -1 -1 -1.5789 1001.8156 757.4323 1039.8792 871.1575 1.7585 0.6068 0.5902 0.9638 3.9264 24.1525 -1.5249 0.5982
Pedestrian -1 -1 1.0745 1392.7344 721.5563 1583.7794 1106.1487 1.6396 0.5821 0.7600 2.4369 2.1168 6.9799 1.4905 0.5043
Pedestrian -1 -1 1.5757 1029.0729 772.9397 1052.4695 837.5552 1.7140 0.6361 0.5866 2.2045 5.8465 41.4292 1.6432 0.4343
Cyclist -1 -1 -1.5348 903.1956 748.0402 961.6113 887.3528 1.7892 0.7648 1.8968 -0.4037 3.6682 21.8600 -1.5427 0.4901
Car -1 -1 -1.3189 508.9293 748.9293 788.2506 976.0036 1.5712 1.7478 3.5761 -2.8004 2.8982 14.1724 -1.5227 0.9682
Car -1 -1 -1.3884 655.0847 760.4651 828.1288 908.0335 1.5442 1.7417 3.5508 -2.9535 3.5932 20.7905 -1.5269 0.9548
Car -1 -1 -1.4373 819.3373 772.4209 897.9918 842.2692 1.6042 1.8077 3.8300 -3.0175 6.2074 44.6845 -1.4936 0.9154
Car -1 -1 2.0557 0.0000 747.6276 167.4252 877.0981 1.5190 1.8532 4.2837 -14.6371 3.6644 23.9350 1.4944 0.8470
Car -1 -1 -1.4857 742.9409 767.1678 855.7889 873.2746 1.5299 1.8029 4.0659 -3.0721 4.4917 29.0880 -1.5832 0.8005
Car -1 -1 2.0141 131.6089 760.7574 313.3549 857.1979 1.5056 1.7915 4.2149 -15.4053 4.5550 31.4445 1.5553 0.6597
Car -1 -1 -1.4873 782.8118 770.9941 870.3528 856.3701 1.5362 1.7071 3.7526 -3.1177 5.1611 35.2246 -1.5661 0.5774
