Pedestrian -1 -1 1.3809 1078.6077 766.3631 1118.5887 856.6311 1.7548 0.7119 0.6435 2.7986 4.6749 30.5190 1.4884 0.5997
Pedestrian -1 -1 -1.6312 1010.8477 755.2482 1052.3303 876.3049 1.7736 0.6063 0.6012 1.0706 3.7923 22.8587 -1.5699 0.5927
Pedestrian -1 -1 1.5202 1037.1736 775.2809 1061.7483 841.8693 1.6750 0.6232 0.5548 2.3085 5.6441 39.1859 1.5936 0.5809
Pedestrian -1 -1 0.9431 1569.4602 671.3768 1877.1245 1216.0000 1.7481 0.6222 0.7759 2.5006 1.9152 4.9847 1.5531 0.5372
Cyclist -1 -1 -1.5746 907.2917 751.5839 960.0745 888.8423 1.7458 0.7327 1.8728 -0.3936 3.6637 21.6981 -1.5822 0.4674
Car -1 -1 -1.3755 628.7740 757.5268 823.8983 920.6443 1.5398 1.7514 3.7115 -2.8810 3.4010 19.0916 -1.5245 0.9565
Car -1 -1 -1.3100 441.9148 744.3582 765.0107 1003.7216 1.5509 1.7517 3.5293 -2.7725 2.6821 12.3740 -1.5457 0.9499
Car -1 -1 -1.4413 734.0538 766.2500 860.7763 878.8828 1.5307 1.7702 3.8207 -2.8918 4.2772 27.1204 -1.5404 0.9249
Car -1 -1 -1.4007 816.4792 776.1692 900.5722 845.6470 1.5458 1.8092 3.6849 -2.9486 6.1540 43.6230 -1.4571 0.9131
Car -1 -1 2.1811 71.7255 756.7219 280.4992 854.5174 1.4799 1.7362 4.1182 -15.9219 4.3655 30.5831 1.6965 0.5370
Car -1 -1 2.0761 0.0000 735.2681 86.1830 879.6458 1.5068 1.8887 4.3907 -14.5505 3.2539 21.3872 1.4610 0.4096
