Pedestrian -1 -1 1.0001 1710.8618 603.3688 1936.0000 1216.0000 1.8295 0.6876 0.8009 2.6394 1.7746 4.2741 1.7440 0.6114
Pedestrian -1 -1 1.3822 1091.5177 772.8730 1131.8372 865.3121 1.7203 0.6885 0.6182 2.9360 4.6456 29.2304 1.4990 0.6021
Pedestrian -1 -1 -1.5871 1017.4218 760.9120 1059.1127 885.3308 1.7457 0.6039 0.6037 1.1316 3.7746 21.9913 -1.5208 0.4656
Pedestrian -1 -1 1.5052 1046.2980 778.4565 1071.3171 845.5171 1.6339 0.6072 0.5373 2.4734 5.5596 37.9585 1.5850 0.4550
Cyclist -1 -1 -1.5405 906.1478 756.7462 961.5172 898.2564 1.7447 0.7048 1.8389 -0.3702 3.6863 21.0940 -1.5475 0.4906
Car -1 -1 -1.3447 608.9455 759.1733 826.3781 933.8598 1.5535 1.7934 3.7829 -2.8403 3.3673 18.2492 -1.4991 0.9586
Car -1 -1 -1.2956 387.8453 745.4106 750.7051 1036.5685 1.5639 1.7570 3.6156 -2.7611 2.6265 11.3634 -1.5541 0.9551
Car -1 -1 -1.4540 726.5912 767.6562 857.4698 887.5086 1.5697 1.8015 3.8938 -2.8820 4.2592 26.2135 -1.5566 0.9406
Car -1 -1 -1.4564 815.6981 778.5694 897.4268 853.5305 1.6083 1.8267 3.8525 -2.9007 6.1435 42.1586 -1.5141 0.9362
Car -1 -1 2.0490 62.9685 761.3549 259.4332 860.7944 1.4490 1.7404 4.0690 -15.6250 4.3237 29.4571 1.5558 0.4726
Car -1 -1 2.0734 0.0000 715.3439 67.5418 885.2034 1.5507 1.9223 4.5444 -13.1636 2.8182 18.5732 1.4329 0.3763
