Pedestrian -1 -1 0.9730 1772.5865 569.8110 1936.0000 1216.0000 1.7872 0.6985 0.7464 2.6621 1.6566 3.9805 1.7763 0.6239
Pedestrian -1 -1 1.3680 1093.9188 773.5405 1135.6780 870.5676 1.7687 0.6908 0.6343 2.9385 4.6520 28.6628 1.4870 0.5314
Pedestrian -1 -1 1.4722 1047.5724 781.3994 1074.1677 850.9763 1.6722 0.6207 0.5676 2.4971 5.6303 37.5321 1.5535 0.5118
Pedestrian -1 -1 -1.5513 1015.7431 765.9056 1058.6676 890.7628 1.7343 0.6053 0.5918 1.1117 3.8217 21.8175 -1.4855 0.4353
Cyclist -1 -1 -1.5299 905.6677 761.5793 962.9916 903.9195 1.7578 0.7168 1.8473 -0.3645 3.7810 21.2002 -1.5364 0.3574
Car -1 -1 -1.2702 357.2228 750.5085 749.3365 1054.9819 1.5416 1.7777 3.6320 -2.7493 2.6150 10.9360 -1.5389 0.9586
Car -1 -1 -1.3301 596.7646 761.9905 824.2250 943.2696 1.5561 1.7955 3.7225 -2.8294 3.3537 17.6810 -1.4896 0.9560
Car -1 -1 -1.4381 816.0492 782.3088 901.8376 858.6456 1.5984 1.8384 3.8978 -2.7949 6.1924 41.6308 -1.4940 0.9377
Car -1 -1 -1.4411 721.1959 771.3948 858.5121 892.5117 1.5385 1.8223 3.8643 -2.8560 4.2457 25.6804 -1.5452 0.9294
Car -1 -1 1.9351 72.2349 760.3893 254.3057 864.6962 1.4481 1.7173 4.1083 -15.0708 4.2238 28.4879 1.4423 0.7527
Car -1 -1 -1.4042 781.4422 781.7834 884.6487 867.7689 1.4988 1.7817 3.6252 -2.9280 5.3520 34.8419 -1.4782 0.4138
