Pedestrian -1 -1 -1.6019 1020.2250 767.9898 1063.5966 895.1277 1.7211 0.6059 0.6004 1.1417 3.7848 21.2566 -1.5331 0.6538
Pedestrian -1 -1 1.3495 1097.6548 774.1664 1141.3630 874.8602 1.7873 0.6936 0.6609 2.9566 4.6167 27.9834 1.4718 0.6121
Pedestrian -1 -1 1.4773 1052.0585 780.8289 1079.9249 851.3703 1.6551 0.6378 0.5943 2.5682 5.5146 36.7143 1.5621 0.5073
Car -1 -1 -1.3303 580.9734 759.2237 821.2322 950.2745 1.5851 1.8332 3.8736 -2.8462 3.3116 17.2203 -1.4957 0.9592
Car -1 -1 -1.4423 718.1165 770.7125 858.6715 896.3910 1.5685 1.8322 3.8757 -2.8194 4.2136 25.1682 -1.5474 0.9584
Car -1 -1 -1.2683 323.8045 746.0701 736.8643 1064.4562 1.5274 1.7711 3.6274 -2.7474 2.5180 10.3959 -1.5530 0.9540
Car -1 -1 -1.4655 816.9103 784.8848 899.4450 861.7368 1.6000 1.8336 3.8115 -2.7886 6.2155 41.1943 -1.5220 0.9381
Car -1 -1 2.0532 38.2767 760.8235 255.8997 871.5847 1.5147 1.7826 4.3131 -15.0626 4.2533 27.9568 1.5523 0.8543
Car -1 -1 -1.4361 779.4325 785.7411 883.0157 874.6942 1.4853 1.8088 3.6922 -2.8710 5.3168 33.7266 -1.5114 0.4066
Car -1 -1 2.0836 0.0000 714.2338 50.9706 896.1804 1.5363 1.9235 4.4573 -12.5725 2.7080 17.2717 1.4271 0.3716
Car -1 -1 2.1255 0.0000 733.5203 37.1500 875.4169 1.4416 1.8114 4.1674 -14.8112 3.0979 20.6472 1.4836 0.3412
