Pedestrian -1 -1 -1.5331 1024.0101 762.8413 1069.7900 897.6199 1.7621 0.5971 0.6250 1.1837 3.6938 20.5980 -1.4603 0.7249
Pedestrian -1 -1 1.3517 1098.2950 774.1359 1142.7832 875.6022 1.7363 0.6829 0.6441 2.8694 4.4643 26.9832 1.4749 0.6210
Pedestrian -1 -1 1.4632 1053.5251 777.9101 1082.3604 850.4805 1.6608 0.6351 0.6262 2.5573 5.3661 35.8932 1.5494 0.4405
Cyclist -1 -1 -1.4954 903.0189 753.4857 966.6100 897.6144 1.8110 0.7512 1.9226 -0.3611 3.7472 21.5329 -1.5014 0.4106
Car -1 -1 -1.3204 561.7914 754.5555 814.2027 953.0204 1.5630 1.8016 3.8222 -2.8289 3.1499 16.3297 -1.4954 0.9625
Car -1 -1 -1.2468 264.1937 734.6450 724.3329 1085.8812 1.5596 1.7760 3.6448 -2.7269 2.4005 9.6232 -1.5556 0.9532
Car -1 -1 -1.4197 806.4214 778.0052 899.7789 858.0043 1.6290 1.8969 3.8845 -2.8506 5.9523 40.2065 -1.4797 0.9497
Car -1 -1 -1.4581 712.1924 766.9604 854.1957 895.5283 1.5419 1.8220 3.9681 -2.8014 4.0406 24.3153 -1.5670 0.8994
Car -1 -1 2.0355 17.8211 750.5323 229.4498 858.6422 1.4599 1.7040 4.1097 -15.0639 3.9176 27.1588 1.5208 0.7646
Car -1 -1 -1.4834 763.8785 776.3591 864.0717 870.4390 1.5684 1.8321 3.7837 -3.1785 5.0935 32.9138 -1.5707 0.4940
