Pedestrian -1 -1 1.3846 1115.2601 770.1722 1166.0312 882.7349 1.7074 0.6980 0.7339 2.8796 4.0816 24.0571 1.5221 0.6113
Pedestrian -1 -1 -1.6704 1032.1696 754.2624 1084.6488 899.4783 1.7495 0.6114 0.6343 1.2231 3.4137 18.9148 -1.5897 0.6025
Pedestrian -1 -1 1.2733 1065.8881 773.0674 1100.2150 854.4172 1.7035 0.6061 0.6217 2.6853 5.0103 33.0103 1.3700 0.5347
Cyclist -1 -1 -1.5276 902.6667 749.0955 965.0563 892.9133 1.7993 0.7874 1.9220 -0.3719 3.6549 21.3683 -1.5344 0.4843
Car -1 -1 -1.1131 0.0000 715.0248 667.0822 1181.9017 1.5357 1.7511 3.4657 -2.7262 2.0861 7.3668 -1.5313 0.9692
Car -1 -1 -1.3247 498.0697 741.5821 789.4773 975.4070 1.6026 1.8027 3.8845 -2.8293 2.8649 14.2002 -1.5303 0.9680
Car -1 -1 -1.4545 798.7051 772.1401 892.9333 854.9346 1.5670 1.8701 4.1967 -2.8747 5.5267 38.0720 -1.5195 0.9293
Car -1 -1 -1.4146 678.4702 760.8285 841.4551 902.3183 1.5584 1.7889 3.7241 -2.8602 3.7289 21.9896 -1.5400 0.8860
Car -1 -1 2.1178 0.0000 727.5864 165.7182 853.4990 1.5307 1.7367 4.1661 -14.5556 3.3022 23.7000 1.5533 0.6073
Car -1 -1 2.0212 101.8007 744.3513 292.8791 843.3357 1.4581 1.6977 4.1192 -14.7469 3.9510 29.1286 1.5465 0.6004
