Pedestrian -1 -1 -1.6563 1031.0044 754.9395 1083.0281 899.3635 1.7448 0.6146 0.6729 1.2115 3.4276 19.0142 -1.5767 0.7682
Pedestrian -1 -1 1.3761 1115.8782 768.1648 1163.3826 877.8689 1.7040 0.6673 0.6560 2.9149 4.0827 24.4817 1.5129 0.5970
Pedestrian -1 -1 1.2898 1065.4800 772.4551 1098.0442 849.3634 1.6349 0.5976 0.5651 2.6886 4.9633 33.3998 1.3856 0.5169
Cyclist -1 -1 -1.5017 900.2398 748.9514 964.7371 894.4038 1.7964 0.7589 1.9202 -0.3864 3.6302 21.1250 -1.5095 0.4827
Car -1 -1 -1.3331 512.0012 742.7828 793.4622 969.0588 1.5888 1.8016 3.8815 -2.8188 2.8899 14.5311 -1.5325 0.9666
Car -1 -1 -1.1380 37.2802 717.0499 676.7286 1171.3129 1.5601 1.7486 3.5725 -2.7306 2.1456 7.6868 -1.5371 0.9663
Car -1 -1 -1.4430 799.6121 771.0222 894.0066 852.9158 1.5637 1.8494 4.1852 -2.8723 5.5220 38.3633 -1.5074 0.9311
Car -1 -1 -1.4439 684.3589 761.3737 837.6409 899.6299 1.5536 1.7839 3.6628 -2.8869 3.7521 22.2574 -1.5688 0.9062
Car -1 -1 2.1095 0.0000 736.4275 174.7824 850.0280 1.4517 1.6806 3.8990 -14.9517 3.4566 24.9218 1.5572 0.7664
Car -1 -1 -1.4162 837.7512 785.0710 913.0442 846.6389 1.4745 1.8099 4.0312 -2.7577 6.9328 48.8584 -1.4609 0.4744
