Pedestrian -1 -1 -1.5140 1045.1082 751.7520 1105.2141 921.9431 1.7644 0.6121 0.6145 1.2522 3.1830 16.3743 -1.4202 0.6676
Pedestrian -1 -1 1.3566 1140.4775 760.4250 1201.5361 898.5188 1.7519 0.6879 0.7105 2.8090 3.6054 20.0783 1.5164 0.6365
Pedestrian -1 -1 1.4035 1082.7977 772.5864 1118.2445 863.7461 1.6872 0.6053 0.5629 2.6919 4.5751 28.9438 1.5126 0.6317
Cyclist -1 -1 -1.5316 900.0884 755.8519 961.6966 902.4580 1.8020 0.7723 1.9028 -0.4085 3.7307 21.0634 -1.5405 0.5295
Car -1 -1 -1.3007 353.4081 737.5939 730.3618 1039.0175 1.5870 1.7848 3.7129 -2.8862 2.5660 11.1285 -1.5773 0.9678
Car -1 -1 -0.7389 0.0000 657.6970 511.2920 1216.0000 1.5505 1.7625 3.8725 -2.6969 1.6801 3.9487 -1.5436 0.9509
Car -1 -1 -1.4315 775.5945 776.2352 883.4788 867.3363 1.5444 1.8811 4.3402 -3.0046 5.3085 34.9703 -1.5075 0.9431
Car -1 -1 -1.4230 636.2652 763.4981 824.3505 928.0323 1.5343 1.8025 3.7538 -2.8147 3.4682 18.9883 -1.5691 0.9316
Car -1 -1 -1.4259 826.3298 784.5068 903.3742 852.4134 1.6017 1.8195 3.8043 -2.9548 6.7813 46.5515 -1.4778 0.4606
Car -1 -1 2.2578 0.0000 693.9193 52.8767 876.0162 1.6829 2.0138 4.8125 -13.4898 2.6296 18.0856 1.5909 0.3407
