Pedestrian -1 -1 -1.5815 1045.4565 762.3699 1101.6224 925.4674 1.7296 0.6188 0.7069 1.2686 3.3155 16.8733 -1.4891 0.7499
Pedestrian -1 -1 1.3654 1134.6802 769.8005 1192.2883 901.6289 1.7562 0.6949 0.6455 2.8350 3.8249 21.0096 1.5197 0.7071
Pedestrian -1 -1 1.4136 1078.2744 780.2224 1113.4293 871.6689 1.7461 0.6262 0.5633 2.6843 4.8788 29.8631 1.5194 0.6288
Pedestrian -1 -1 -1.5558 900.2872 762.4421 963.0471 908.1099 1.7549 0.8190 1.8241 -0.3899 3.7392 20.6588 -1.5642 0.1032
Cyclist -1 -1 -1.5581 899.6826 763.2894 962.6487 908.7000 1.7502 0.8272 1.8654 -0.3974 3.7535 20.7131 -1.5668 0.5335
Car -1 -1 -0.8851 0.0000 699.7034 545.8369 1216.0000 1.4686 1.6943 3.3730 -2.7034 1.7964 4.8437 -1.5413 0.9644
Car -1 -1 -1.2768 375.4928 747.0731 751.9758 1039.3997 1.6021 1.8236 3.9145 -2.9066 2.7322 11.8453 -1.5359 0.9580
Car -1 -1 -1.4315 779.0502 784.2677 886.1082 876.5156 1.5940 1.9181 4.2666 -2.9901 5.6221 35.6056 -1.5053 0.9505
Car -1 -1 -1.4074 640.7361 770.3854 830.2432 928.5373 1.4962 1.8352 3.7809 -2.8363 3.5860 19.5712 -1.5495 0.9109
Car -1 -1 -1.4313 835.1293 792.6471 910.7836 858.5524 1.5441 1.8221 3.8258 -2.7388 7.0569 47.1555 -1.4775 0.7437
Car -1 -1 2.0724 0.0000 759.8335 130.9273 888.0528 1.4621 1.7432 4.0605 -14.9477 3.7754 23.5459 1.4938 0.3765
