Pedestrian -1 -1 1.3331 1136.9697 764.1999 1197.1628 899.8196 1.7677 0.6904 0.6865 2.8315 3.7231 20.6221 1.4900 0.7741
Pedestrian -1 -1 -1.5324 1045.1295 760.2610 1104.6991 927.0103 1.7391 0.6213 0.7328 1.2722 3.2834 16.6569 -1.4386 0.6999
Pedestrian -1 -1 1.3507 1077.8856 776.5094 1115.0354 870.2712 1.7619 0.6182 0.6212 2.6684 4.7932 29.5562 1.4570 0.6126
Cyclist -1 -1 -1.5595 899.5206 763.9790 962.4709 908.5621 1.7431 0.8316 1.8697 -0.4008 3.7613 20.7653 -1.5683 0.5268
Car -1 -1 -0.8196 0.0000 685.6856 535.4778 1216.0000 1.4822 1.7160 3.5701 -2.6742 1.7353 4.4121 -1.5367 0.9671
Car -1 -1 -1.2991 363.4154 743.5465 739.9555 1044.4285 1.6133 1.8211 3.8517 -2.8992 2.6763 11.4691 -1.5673 0.9647
Car -1 -1 -1.4619 778.3190 781.7957 880.6597 874.6639 1.6087 1.9114 4.2586 -3.0444 5.5453 35.3615 -1.5379 0.9426
Car -1 -1 -1.4180 638.3654 768.5159 827.5154 930.6008 1.5168 1.8283 3.8968 -2.8423 3.5697 19.4193 -1.5617 0.9277
Car -1 -1 -1.4447 830.1598 792.4876 903.2018 857.1448 1.5041 1.7792 3.8445 -2.9313 6.9999 47.0567 -1.4952 0.7500
Car -1 -1 -1.4635 812.2993 790.7822 889.0389 862.3610 1.5118 1.7249 3.3975 -3.0170 6.2931 41.3680 -1.5253 0.4822
Car -1 -1 2.2323 0.0000 702.9624 50.4701 883.2115 1.6482 1.9821 4.7850 -13.4936 2.7205 18.1458 1.5674 0.3273
