Pedestrian -1 -1 -1.6042 1060.8549 735.7631 1124.3920 931.3307 1.7815 0.5912 0.5271 1.2456 2.8575 14.2298 -1.4976 0.6833
Pedestrian -1 -1 1.3103 1101.3022 768.4319 1146.4586 871.6000 1.6678 0.6398 0.5942 2.7636 4.1429 25.4511 1.4361 0.6640
Pedestrian -1 -1 1.4653 1176.8906 752.8948 1244.9547 909.5237 1.6619 0.7045 0.6140 2.7888 3.1244 16.7516 1.6550 0.6397
Cyclist -1 -1 -1.5280 896.7610 745.2625 961.8198 890.1149 1.7904 0.8141 1.9348 -0.4304 3.5670 21.0929 -1.5381 0.5036
Car -1 -1 -1.1873 115.7247 704.0628 692.0760 1120.6326 1.6181 1.7846 3.8131 -2.7894 2.1678 8.4616 -1.5531 0.9627
Car -1 -1 -1.3419 567.4689 747.7256 811.1057 939.6712 1.5329 1.8044 3.6048 -2.7958 3.0118 16.1568 -1.5171 0.9581
Car -1 -1 -1.4451 763.3383 764.2170 877.5056 862.3101 1.5661 1.8835 4.2362 -2.9496 4.7630 32.1585 -1.5277 0.9479
Car -1 -1 -1.4513 818.0117 776.1486 891.9851 843.1804 1.4991 1.6961 3.7522 -3.0855 6.1492 44.0520 -1.5102 0.9238
Car -1 -1 2.0576 16.7229 761.4376 220.4260 866.9761 1.4654 1.6624 3.9782 -15.6332 4.2045 27.9863 1.5411 0.3634
Car -1 -1 -0.2101 0.0000 0.0000 1936.0000 1216.0000 1.4872 1.7514 3.6500 -2.7243 1.4927 1.7774 -1.6282 0.3509
