Pedestrian -1 -1 -1.6467 1055.5101 734.4803 1121.3208 920.1329 1.7591 0.6169 0.6265 1.2572 2.8723 14.8707 -1.5437 0.7827
Pedestrian -1 -1 1.3450 1095.9583 761.1523 1138.8789 861.6699 1.6881 0.6387 0.6185 2.7506 4.1228 26.3807 1.4660 0.5184
Pedestrian -1 -1 1.4147 1160.6213 746.2477 1227.7360 896.5333 1.6941 0.7076 0.6278 2.7491 3.1564 17.6983 1.5919 0.5123
Cyclist -1 -1 -1.5521 898.4177 743.5010 959.1700 885.3203 1.7635 0.8027 1.9064 -0.4401 3.5169 21.1520 -1.5627 0.5362
Car -1 -1 -1.2559 215.2065 710.2700 695.0146 1080.2000 1.5913 1.7531 3.6997 -2.8016 2.2210 9.1627 -1.5917 0.9619
Car -1 -1 -1.3582 583.2996 744.5939 813.4892 926.4911 1.5306 1.8181 3.6116 -2.8269 3.0272 16.8543 -1.5272 0.9464
Car -1 -1 -1.4603 769.3286 762.3336 876.5585 857.1575 1.5554 1.8484 4.2843 -2.9753 4.7862 32.9853 -1.5413 0.9453
Car -1 -1 -1.4601 820.2756 771.1434 893.1271 837.4553 1.5088 1.7125 3.8597 -3.0798 6.0731 44.6997 -1.5179 0.8960
Car -1 -1 -0.2286 0.0000 0.0000 1936.0000 1216.0000 1.5735 1.7971 3.8866 -2.6281 1.4636 1.9265 -1.5890 0.7864
Car -1 -1 -1.4251 663.0266 764.8111 815.7292 894.8947 1.4337 1.7113 3.8493 -3.2498 3.7252 22.5629 -1.5648 0.2993
Car -1 -1 -1.4230 807.4993 775.9630 890.3568 846.9157 1.4307 1.6629 3.2125 -2.8829 5.5331 38.9400 -1.4865 0.2976
