Pedestrian -1 -1 1.2778 1285.9143 754.3323 1396.1360 983.9099 1.6789 0.6903 0.6472 2.9410 2.7135 11.6283 1.5657 0.7841
Pedestrian -1 -1 -1.6824 1136.9286 752.6159 1228.1458 994.1472 1.6689 0.6126 0.7167 1.6321 2.6498 11.1086 -1.5075 0.6880
Pedestrian -1 -1 1.5064 1146.5697 768.3811 1193.5367 903.4203 1.7411 0.6059 0.6309 2.8361 3.7268 20.3528 1.6655 0.2937
Pedestrian -1 -1 -1.5909 924.0350 766.2704 986.9584 907.6649 1.7124 0.8382 1.7931 -0.0884 3.7655 20.8165 -1.5837 0.1311
Cyclist -1 -1 -1.5904 923.3769 765.6181 986.5374 907.8847 1.7257 0.8433 1.8309 -0.0958 3.7773 20.8823 -1.5835 0.5848
Car -1 -1 -1.3018 454.5180 749.7040 792.5915 1017.4163 1.5373 1.7731 3.7104 -2.5623 2.7181 12.2521 -1.5219 0.9596
Car -1 -1 -0.8020 0.0000 648.5673 569.4704 1216.0000 1.6428 1.7822 3.9641 -2.6697 1.7451 4.4372 -1.5141 0.9569
Car -1 -1 -1.4351 759.1750 776.5761 890.3135 891.3765 1.5651 1.8684 4.2656 -2.4959 4.6605 28.3365 -1.5145 0.9344
Car -1 -1 -1.4631 833.2905 792.9838 911.2284 865.5159 1.4363 1.6617 3.5665 -2.3314 6.1297 39.9266 -1.5101 0.9007
Car -1 -1 1.9967 175.8275 763.7761 326.7437 844.0880 1.4678 1.7539 4.2529 -17.3968 5.0906 36.8708 1.5557 0.2604
Car -1 -1 1.9995 0.0000 753.0582 195.1780 870.9350 1.4684 1.8237 4.2896 -14.9882 3.8632 25.7128 1.4618 0.2460
