Pedestrian -1 -1 -1.6706 1126.2786 755.9470 1216.3014 993.4322 1.6937 0.6311 0.8238 1.6124 2.7457 11.5736 -1.5048 0.6996
Pedestrian -1 -1 1.2995 1268.4121 760.9237 1374.0813 983.7944 1.6768 0.6749 0.7460 2.8948 2.8097 12.0809 1.5722 0.6904
Pedestrian -1 -1 1.5866 1145.7551 776.0639 1192.8126 909.7972 1.7461 0.6224 0.5864 2.8752 3.8676 20.6440 1.7456 0.3279
Pedestrian -1 -1 -1.6082 924.3338 772.6255 987.6192 911.4199 1.6657 0.8321 1.7944 -0.0923 3.8096 20.7932 -1.6012 0.1138
Cyclist -1 -1 -1.6033 924.1566 771.9933 986.9536 911.1315 1.6767 0.8372 1.8157 -0.0987 3.8211 20.8818 -1.5966 0.5658
Car -1 -1 -0.8698 0.0000 672.7089 593.5494 1216.0000 1.5666 1.7967 4.0853 -2.6666 1.7870 4.8104 -1.5243 0.9596
Car -1 -1 -1.4385 761.1931 782.7177 887.3560 895.3719 1.5582 1.8390 4.1630 -2.5501 4.8190 28.7712 -1.5182 0.9353
Car -1 -1 -1.3216 474.6740 758.9207 789.7491 1013.8536 1.5014 1.7426 3.6480 -2.5855 2.7974 12.6084 -1.5363 0.9330
Car -1 -1 -1.4675 829.6854 795.9224 907.5148 870.2930 1.4974 1.6948 3.5693 -2.4549 6.3203 40.3441 -1.5169 0.8964
Car -1 -1 -1.5285 858.6974 793.4554 919.6528 857.4232 1.5924 1.8286 4.2681 -2.3985 7.5427 50.6503 -1.5636 0.2766
