Pedestrian -1 -1 1.2710 1260.4492 760.7924 1362.0374 977.5031 1.7000 0.6716 0.6919 2.9226 2.8718 12.5371 1.5359 0.7220
Pedestrian -1 -1 -1.6030 1120.0103 756.4461 1205.7477 990.0397 1.6939 0.6445 0.7367 1.5751 2.7596 11.7087 -1.4427 0.6556
Pedestrian -1 -1 1.5252 1155.6741 778.5668 1200.7076 906.7151 1.7235 0.6185 0.6026 3.0778 3.9420 21.2539 1.6898 0.2658
Pedestrian -1 -1 -1.5871 923.3569 773.6756 986.5196 913.6188 1.6475 0.8231 1.7585 -0.0907 3.7616 20.3666 -1.5801 0.1130
Cyclist -1 -1 -1.5851 923.1065 774.7996 986.3137 915.7205 1.6596 0.8251 1.7876 -0.0922 3.7960 20.4165 -1.5781 0.5390
Car -1 -1 -0.9161 0.0000 688.7945 597.9171 1216.0000 1.5336 1.7497 3.8356 -2.6699 1.8373 5.1540 -1.5249 0.9646
Car -1 -1 -1.4251 761.8737 783.7144 889.2861 894.8898 1.5496 1.8383 4.1107 -2.5458 4.8528 28.9912 -1.5039 0.9427
Car -1 -1 -1.3122 479.0359 761.4874 790.6951 1009.6378 1.5027 1.7654 3.5471 -2.6270 2.8430 12.8624 -1.5254 0.9427
Car -1 -1 -1.4651 828.4556 796.5338 906.2401 871.4247 1.5192 1.6960 3.5646 -2.5008 6.3811 40.5352 -1.5154 0.9006
Car -1 -1 -1.5255 859.3031 794.7538 919.5992 858.0178 1.5764 1.8015 4.2241 -2.3962 7.5845 50.7759 -1.5604 0.5542
