Pedestrian -1 -1 -1.6007 1080.0917 751.0124 1152.9778 960.2192 1.7372 0.6245 0.6630 1.3680 2.8816 13.2109 -1.4760 0.8014
Pedestrian -1 -1 1.3657 1205.7367 756.4719 1283.0171 936.3776 1.7106 0.6678 0.5708 2.8189 3.0496 14.9300 1.5804 0.5970
Pedestrian -1 -1 1.3871 1115.2911 775.8210 1162.2797 887.5886 1.6873 0.6483 0.6233 2.8186 4.1206 23.7845 1.5235 0.5580
Pedestrian -1 -1 -1.5437 901.8834 760.9040 962.5269 904.4162 1.7429 0.7747 1.8255 -0.3864 3.7205 20.8253 -1.5517 0.1048
Cyclist -1 -1 -1.5485 902.1318 760.5763 962.7130 903.9560 1.7451 0.7843 1.8453 -0.3844 3.7243 20.8865 -1.5564 0.5545
Car -1 -1 -1.1052 0.0000 704.8977 651.9519 1205.0537 1.5675 1.7651 3.6145 -2.7638 2.0451 7.0997 -1.5466 0.9649
Car -1 -1 -1.3212 539.3986 757.6132 802.2478 967.4747 1.5107 1.7399 3.5054 -2.7347 2.9884 14.8478 -1.5097 0.9616
Car -1 -1 -1.4162 758.6049 776.8451 879.8137 880.6172 1.5710 1.8438 4.0834 -2.8553 4.9240 30.8980 -1.4995 0.9577
Car -1 -1 -1.5071 822.2022 787.9016 893.3447 859.4700 1.5435 1.7469 3.7426 -2.9094 6.4002 42.6799 -1.5640 0.8792
Car -1 -1 2.0309 27.5079 736.5116 229.5408 837.8952 1.4466 1.7455 3.8570 -15.2650 3.6577 27.6524 1.5180 0.3159
Car -1 -1 -1.4360 798.7261 786.2538 887.0500 866.0418 1.5040 1.7027 3.3913 -2.8818 5.6864 37.0133 -1.5034 0.2728
