Pedestrian -1 -1 1.2802 1240.6399 763.3569 1338.5410 967.0558 1.6738 0.6805 0.7224 2.8808 2.9282 13.1734 1.5288 0.6844
Pedestrian -1 -1 -1.6400 1101.4529 753.8128 1183.8040 977.2568 1.7113 0.6383 0.6669 1.4723 2.7956 12.2214 -1.4958 0.5404
Pedestrian -1 -1 1.4952 1136.8159 774.6750 1183.2802 903.4578 1.7946 0.6423 0.6121 2.9105 4.0245 21.9354 1.6469 0.3180
Pedestrian -1 -1 -1.5487 915.3114 771.8937 980.0353 917.7670 1.7220 0.8221 1.8208 -0.1663 3.8206 20.4296 -1.5455 0.1035
Cyclist -1 -1 -1.5487 915.3114 771.8937 980.0353 917.7670 1.7220 0.8221 1.8208 -0.1663 3.8206 20.4296 -1.5455 0.5539
Car -1 -1 -0.9882 0.0000 694.4396 612.2672 1216.0000 1.5761 1.7898 3.8335 -2.7241 1.9319 5.7106 -1.5416 0.9595
Car -1 -1 -1.4293 762.2410 784.8626 887.1619 895.2093 1.5819 1.8613 4.0224 -2.6118 4.9574 29.4914 -1.5087 0.9474
Car -1 -1 -1.3090 494.6326 761.3936 797.2699 1001.2552 1.5138 1.7698 3.6218 -2.6500 2.9075 13.4114 -1.5139 0.9356
Car -1 -1 -1.4535 826.6952 795.9346 906.6618 871.3468 1.5530 1.7416 3.6963 -2.5664 6.4972 41.3273 -1.5041 0.8838
Car -1 -1 1.9025 361.0699 782.4698 459.1579 844.1845 1.4379 1.6873 3.8741 -17.1646 6.5688 46.7464 1.5558 0.2323
