Pedestrian -1 -1 1.2302 1467.1167 728.7464 1650.5182 1106.7677 1.7155 0.6692 0.7768 2.9488 2.2620 7.4451 1.6883 0.7666
Pedestrian -1 -1 -1.7372 1227.8511 752.8860 1354.5500 1068.9094 1.6592 0.6272 0.6756 1.8629 2.4192 8.5143 -1.4751 0.5263
Pedestrian -1 -1 1.4759 1225.7719 776.0858 1288.2001 939.3727 1.6435 0.6161 0.6397 3.1699 3.3040 16.0682 1.6982 0.4821
Cyclist -1 -1 -1.5120 954.2116 767.7992 1030.4547 919.4586 1.7729 0.8999 1.9074 0.4456 3.8116 20.3427 -1.4769 0.5369
Car -1 -1 -1.2306 293.1519 736.0530 785.5464 1111.6383 1.5323 1.7668 3.6673 -2.2765 2.3492 9.1039 -1.5071 0.9601
Car -1 -1 -1.4497 768.7391 783.8088 909.4460 911.0544 1.5103 1.8251 4.1664 -1.9625 4.4133 25.1914 -1.5191 0.9544
Car -1 -1 -1.4037 842.1387 796.6281 938.3135 878.8491 1.4815 1.7453 3.6545 -1.6995 5.9425 36.9205 -1.4382 0.8883
Car -1 -1 -1.4693 879.1035 796.0623 949.3570 862.2222 1.5189 1.7585 3.7991 -1.4191 7.0630 46.4721 -1.4874 0.6653
Car -1 -1 -0.0162 0.0000 0.0000 1936.0000 1216.0000 1.4884 1.7363 3.8218 -2.6327 1.4129 1.6238 -1.4891 0.5799
Car -1 -1 1.9620 411.9577 787.9167 524.2230 857.6968 1.4951 1.7158 3.9240 -14.2823 6.4601 43.5228 1.6504 0.4109
