Pedestrian -1 -1 -1.7123 1268.5452 745.4597 1399.0623 1087.7546 1.6928 0.6219 0.7392 1.9996 2.3790 8.0994 -1.4168 0.7773
Pedestrian -1 -1 1.0914 1546.6748 721.8065 1778.4453 1164.7848 1.6939 0.6226 0.8465 2.9448 2.1341 6.3525 1.6307 0.5554
Pedestrian -1 -1 1.4476 1248.3989 771.6860 1314.7275 945.4000 1.6287 0.5937 0.5948 3.1859 3.1246 14.9097 1.6884 0.5117
Cyclist -1 -1 -1.5208 963.4388 769.2004 1036.5703 917.8829 1.7239 0.8684 1.8785 0.5452 3.7676 20.2054 -1.4804 0.5554
Car -1 -1 -1.2175 237.7380 736.2867 775.4982 1142.6223 1.5003 1.7513 3.6438 -2.2391 2.2660 8.4126 -1.5160 0.9662
Car -1 -1 -1.4549 768.5466 780.3119 914.1924 913.3765 1.5415 1.8540 4.2070 -1.8628 4.3088 24.4823 -1.5226 0.9560
Car -1 -1 -1.4316 847.1816 795.1005 940.4097 878.8768 1.4704 1.7025 3.7689 -1.5776 5.8135 36.1954 -1.4637 0.8979
Car -1 -1 -1.4328 818.0469 795.3400 924.7458 891.5568 1.4563 1.6942 3.3287 -1.7773 5.1315 30.5117 -1.4807 0.7635
Car -1 -1 -1.4475 884.0801 795.9544 955.1989 861.4517 1.4998 1.7097 3.5452 -1.2350 6.9493 45.7877 -1.4620 0.6978
Car -1 -1 1.8901 397.8608 783.3385 507.0334 854.4354 1.4533 1.6968 3.8596 -13.9177 6.0138 41.1123 1.5681 0.5600
