Pedestrian -1 -1 -1.9488 1355.0896 744.5116 1526.5918 1143.5970 1.6256 0.5752 0.5575 2.0817 2.1714 6.5419 -1.5609 0.7618
Pedestrian -1 -1 1.3250 1309.5737 771.3520 1400.0409 984.4680 1.6705 0.6110 0.6570 3.2888 2.9319 12.5371 1.6202 0.6650
Cyclist -1 -1 -1.5444 987.1823 775.7799 1056.7115 929.5236 1.7726 0.8590 1.9760 0.8442 3.9200 20.2641 -1.4882 0.4957
Car -1 -1 -1.4302 761.1767 788.6932 924.9503 936.1963 1.5723 1.8753 3.8727 -1.6674 4.2432 22.3845 -1.4966 0.9527
Car -1 -1 -1.1523 0.0000 740.7853 731.0021 1216.0000 1.4279 1.7335 3.5631 -2.1912 2.0749 6.5454 -1.5449 0.9466
Car -1 -1 -1.4530 851.7336 805.1379 949.2805 897.3452 1.4918 1.7309 4.0069 -1.3343 5.8848 34.3753 -1.4802 0.9211
Car -1 -1 -1.4438 817.6534 800.7327 932.1711 907.1614 1.4885 1.7221 3.3237 -1.5763 5.0246 28.3475 -1.4891 0.9041
Car -1 -1 1.8588 399.2741 786.9990 502.8970 858.6541 1.4096 1.5902 3.8473 -13.6450 5.9780 40.1945 1.5357 0.5189
Car -1 -1 -1.4313 885.2258 807.5612 963.2310 877.0876 1.4742 1.7452 3.8078 -1.0490 7.1194 44.2171 -1.4424 0.3134
Car -1 -1 2.0876 285.1584 786.6770 423.1532 862.0939 1.3333 1.4928 3.7007 -14.8064 5.5093 36.6686 1.7055 0.2987
