Pedestrian -1 -1 1.3871 1338.1504 756.1872 1438.7029 989.4395 1.6874 0.6646 0.6555 3.3023 2.7387 11.6050 1.7077 0.7601
Pedestrian -1 -1 -1.8574 1398.6887 717.8331 1583.1526 1172.8812 1.6805 0.5734 0.7487 2.1358 2.0853 6.1021 -1.4285 0.6639
Cyclist -1 -1 -1.5672 987.6846 769.4626 1052.5396 917.7881 1.7460 0.8463 1.9020 0.8231 3.8196 20.4764 -1.5126 0.5394
Car -1 -1 -1.4221 750.7040 779.7437 921.4366 928.7693 1.5296 1.8528 4.0079 -1.7085 3.9929 21.7203 -1.4934 0.9631
Car -1 -1 -1.1030 0.0000 727.6459 712.5958 1216.0000 1.4224 1.7332 3.6616 -2.1911 1.9548 5.8976 -1.5472 0.9552
Car -1 -1 -1.4578 843.7950 796.6619 943.9734 889.0638 1.4627 1.7487 4.0808 -1.4484 5.5639 33.6023 -1.4896 0.9413
Car -1 -1 -1.4169 804.5859 789.1306 927.0759 898.8549 1.5085 1.7235 3.3718 -1.6970 4.7345 27.6092 -1.4686 0.8458
Car -1 -1 -1.4772 880.2747 798.5342 953.7028 868.3738 1.5012 1.7479 3.5656 -1.2362 6.7271 43.1638 -1.4935 0.8286
Car -1 -1 1.8260 378.7966 777.0592 482.8091 851.0189 1.4172 1.5967 3.9635 -13.7942 5.6019 39.0877 1.4900 0.5924
Car -1 -1 -1.5359 907.7312 801.2155 966.6549 861.8148 1.4682 1.8029 4.2696 -0.7794 7.7341 50.9820 -1.5382 0.5262
