Pedestrian -1 -1 1.4386 1380.2039 740.9930 1488.7745 1001.6398 1.6781 0.6628 0.8071 3.3091 2.5304 10.5112 1.7941 0.6993
Pedestrian -1 -1 -1.8991 1450.4238 689.2609 1670.2620 1187.9940 1.6196 0.5781 0.8069 2.1369 1.8718 5.4161 -1.4080 0.6688
Pedestrian -1 -1 1.5929 1068.4308 791.1949 1089.1801 846.3925 1.8002 0.6862 0.6427 4.0332 7.5440 51.2930 1.6862 0.5455
Cyclist -1 -1 -1.5283 978.6662 763.4160 1046.2784 912.3787 1.7651 0.8196 1.8554 0.7209 3.7502 20.4698 -1.4790 0.5105
Cyclist -1 -1 1.4199 1378.2224 741.9415 1487.6492 1003.9152 1.6858 0.6516 0.8591 3.3079 2.5492 10.5447 1.7741 0.1245
Cyclist -1 -1 -1.8991 1450.4238 689.2609 1670.2620 1187.9940 1.6196 0.5781 0.8069 2.1369 1.8718 5.4161 -1.4080 0.1145
Car -1 -1 -1.3955 727.2144 769.1797 910.3861 922.0167 1.5167 1.8265 4.1470 -1.8838 3.7546 21.0463 -1.4786 0.9630
Car -1 -1 -1.0102 0.0000 702.6777 677.5214 1216.0000 1.4354 1.7040 3.5126 -2.1593 1.7853 4.9518 -1.5490 0.9584
Car -1 -1 -1.4164 830.1343 787.1277 937.2558 878.1763 1.4292 1.7192 3.8693 -1.6308 5.1953 32.6961 -1.4555 0.9188
Car -1 -1 -1.4025 791.3366 776.6993 919.8810 888.0701 1.5115 1.7321 3.3076 -1.8251 4.4058 26.7740 -1.4615 0.8545
Car -1 -1 -1.5050 873.9311 790.6968 945.2565 860.7527 1.4716 1.7304 3.7639 -1.4217 6.3865 42.4128 -1.5265 0.8180
Car -1 -1 -1.5476 896.8920 792.6526 953.0214 851.4579 1.4724 1.7374 3.6790 -1.1762 7.2718 49.8491 -1.5586 0.6164
