Pedestrian -1 -1 -2.1087 1506.5039 653.3400 1821.3564 1216.0000 1.7123 0.6236 0.7880 2.1207 1.8077 4.6050 -1.5239 0.8269
Pedestrian -1 -1 1.3484 1412.0870 712.5274 1547.0343 1016.3375 1.7605 0.6781 0.7943 3.2283 2.3361 9.3733 1.7397 0.7043
Cyclist -1 -1 -1.5180 975.6782 752.7726 1041.8890 904.5046 1.7838 0.7685 1.8828 0.6616 3.5943 20.1987 -1.4715 0.4875
Cyclist -1 -1 -2.1043 1502.0970 649.5991 1823.3411 1216.0000 1.7212 0.6256 0.8360 2.1142 1.8044 4.6065 -1.5211 0.1200
Car -1 -1 -1.3724 705.5455 764.8248 909.6242 928.2712 1.5209 1.8514 4.4204 -1.9273 3.6209 20.1461 -1.4625 0.9569
Car -1 -1 -0.7714 0.0000 664.6110 621.3360 1216.0000 1.4918 1.7483 3.9796 -2.2595 1.6456 3.7651 -1.5270 0.9467
Car -1 -1 -1.4338 820.2043 783.7863 923.6610 874.3339 1.4276 1.6931 3.4152 -1.8309 4.9726 31.5888 -1.4814 0.9239
Car -1 -1 -1.4256 785.6490 776.9512 911.9305 886.4688 1.4193 1.6836 3.2517 -1.8719 4.2101 25.7589 -1.4896 0.8493
Car -1 -1 -1.5048 866.1293 786.9085 938.2858 857.2797 1.4746 1.7231 3.5163 -1.5925 6.1506 41.3719 -1.5314 0.8310
Car -1 -1 -1.5026 889.1320 787.8198 951.1869 847.4335 1.4623 1.7357 3.7222 -1.3095 7.0082 49.0010 -1.5169 0.7816
Car -1 -1 1.8175 386.4746 786.7088 487.8683 857.9332 1.5325 1.8282 4.2656 -15.4796 6.5730 44.3826 1.4873 0.4987
