Pedestrian -1 -1 -1.9424 1363.3748 739.8293 1544.3401 1147.4131 1.6057 0.5645 0.6962 2.1022 2.1285 6.4473 -1.5447 0.7271
Pedestrian -1 -1 1.3375 1320.0940 769.1342 1414.0055 987.6302 1.6698 0.6301 0.6321 3.3030 2.8802 12.2121 1.6419 0.6630
Cyclist -1 -1 -1.5744 989.5656 776.9547 1054.7870 925.8970 1.7245 0.8426 1.9144 0.8368 3.8870 20.2899 -1.5187 0.5215
Car -1 -1 -1.4222 754.3287 786.3165 923.4364 934.7219 1.5513 1.8848 4.0025 -1.7087 4.1716 22.2051 -1.4913 0.9620
Car -1 -1 -1.1106 0.0000 733.4846 735.8945 1216.0000 1.4198 1.7431 3.5766 -2.1694 2.0082 6.2741 -1.5199 0.9492
Car -1 -1 -1.4552 847.5931 800.8991 947.9214 894.4564 1.4874 1.7590 4.1767 -1.3788 5.7481 34.0459 -1.4841 0.9392
Car -1 -1 -1.4784 884.1143 802.9966 959.3067 874.8227 1.5226 1.7941 3.8913 -1.1087 6.9644 43.6834 -1.4913 0.7994
Car -1 -1 1.8131 400.3990 783.8653 501.1644 857.3229 1.4275 1.6268 3.9254 -13.5301 5.8770 39.8355 1.4897 0.6568
Car -1 -1 -1.4226 807.5503 792.9068 929.8658 904.2538 1.5493 1.7614 3.5087 -1.6759 4.9202 28.1717 -1.4720 0.5240
Car -1 -1 -1.5325 905.6080 805.0557 966.0853 868.9369 1.5561 1.8480 4.4352 -0.8291 8.0144 51.3606 -1.5356 0.4253
