Pedestrian -1 -1 1.2276 1494.4669 732.0053 1671.5195 1087.9308 1.6788 0.6391 0.9120 3.2314 2.2758 7.8429 1.6974 0.6545
Pedestrian -1 -1 -2.1063 1676.2268 666.1860 1936.0000 1216.0000 1.6368 0.5967 0.6790 2.1122 1.7465 3.5753 -1.3383 0.5381
Cyclist -1 -1 -1.5373 972.6068 769.7173 1044.4843 921.7455 1.7872 0.8912 1.9331 0.6698 3.8675 20.4829 -1.4906 0.5424
Cyclist -1 -1 1.2184 1494.3641 732.6165 1673.1979 1087.3448 1.6712 0.6376 0.9253 3.2355 2.2720 7.8442 1.6887 0.1424
Car -1 -1 -1.3809 673.3156 776.6693 893.4805 957.4163 1.5450 1.9165 4.2970 -2.0765 3.6716 18.7333 -1.4874 0.9382
Car -1 -1 -1.4322 806.3632 798.0451 919.4113 899.8163 1.4891 1.7526 3.8497 -1.9470 5.2690 30.6539 -1.4854 0.9125
Car -1 -1 -1.4594 851.6771 798.6420 934.7921 876.0865 1.5293 1.7788 3.7538 -1.7781 6.4234 40.1830 -1.4918 0.8846
Car -1 -1 -0.4018 0.0000 638.3022 519.3190 1216.0000 1.4877 1.7192 4.0001 -2.2790 1.5284 2.4906 -1.5167 0.8836
Car -1 -1 -1.4881 878.1053 802.1395 946.8521 867.0597 1.4718 1.8025 4.2134 -1.5145 7.3998 47.8570 -1.5072 0.8804
Car -1 -1 -1.4503 775.5416 797.2239 905.8078 915.3666 1.4087 1.7082 3.3872 -1.9144 4.4467 24.6288 -1.5195 0.6798
Car -1 -1 2.0776 112.2778 781.9062 291.4490 873.8767 1.4527 1.7035 4.1877 -16.6345 5.1405 33.0006 1.6089 0.5268
