Pedestrian -1 -1 -1.8112 1437.1976 701.1002 1631.6317 1199.0244 1.6787 0.5872 0.6952 2.1088 1.9832 5.5711 -1.3414 0.8136
Pedestrian -1 -1 1.3844 1362.3375 745.7240 1473.0543 996.8517 1.6953 0.6740 0.7707 3.3246 2.6147 10.9455 1.7269 0.7423
Pedestrian -1 -1 1.6402 1067.9453 794.9985 1087.8286 847.9666 1.7399 0.6377 0.5839 4.0288 7.6530 51.6452 1.7328 0.4220
Cyclist -1 -1 -1.5579 985.8353 761.5165 1050.9565 912.0339 1.7987 0.8441 1.9022 0.8078 3.7719 20.6218 -1.5045 0.5142
Car -1 -1 -1.0540 0.0000 708.2614 691.5413 1216.0000 1.4510 1.7463 3.6155 -2.1717 1.8462 5.2687 -1.5573 0.9603
Car -1 -1 -1.4026 737.8449 773.1528 917.9573 924.3568 1.5021 1.8299 4.2603 -1.7845 3.8408 21.3855 -1.4791 0.9591
Car -1 -1 -1.4450 835.2125 789.7173 936.4141 879.2934 1.4162 1.7134 3.8813 -1.6045 5.2794 33.0436 -1.4826 0.9286
Car -1 -1 -1.4811 876.1819 791.0891 949.9149 861.4035 1.5114 1.7464 3.5670 -1.3342 6.4598 42.6870 -1.5001 0.8301
Car -1 -1 -1.5256 899.8325 795.2560 959.5467 854.8263 1.4695 1.7792 3.9065 -1.0225 7.4178 50.2304 -1.5332 0.7596
Car -1 -1 -1.4256 797.4683 777.2932 921.4709 888.0162 1.5215 1.7401 3.3421 -1.7781 4.4593 27.0863 -1.4819 0.7189
