Pedestrian -1 -1 -2.2060 1574.1587 647.5566 1936.0000 1216.0000 1.6626 0.6461 0.7601 2.1259 1.7298 4.0448 -1.5296 0.6884
Pedestrian -1 -1 1.2723 1454.2122 717.4418 1610.4827 1047.6047 1.7223 0.6620 0.8057 3.2201 2.2753 8.4930 1.7042 0.6863
Pedestrian -1 -1 1.5306 1063.1238 793.8358 1081.9548 847.3110 1.6943 0.6071 0.5154 3.6719 7.3028 49.3746 1.6196 0.3956
Cyclist -1 -1 -1.4934 971.5844 766.7632 1046.5303 913.6576 1.7436 0.8647 1.8580 0.6803 3.7914 20.6105 -1.4465 0.5410
Car -1 -1 -1.3851 695.2018 775.4212 899.7178 945.0053 1.5077 1.8406 4.1274 -1.9709 3.6579 19.2254 -1.4827 0.9433
Car -1 -1 -0.5993 0.0000 622.3891 610.6580 1216.0000 1.5564 1.7786 4.1308 -2.1704 1.5549 3.0205 -1.5222 0.9200
Car -1 -1 -1.4829 860.8760 792.4979 937.7466 867.4622 1.5351 1.7387 3.6063 -1.6436 6.3100 40.7540 -1.5113 0.9029
Car -1 -1 -1.4917 884.6908 796.4247 949.9199 858.3392 1.4321 1.7361 4.1073 -1.3782 7.2198 48.3557 -1.5076 0.8893
Car -1 -1 -1.4467 814.6588 789.6667 922.4834 889.3630 1.4961 1.7223 3.8916 -1.8585 5.1406 31.0731 -1.4961 0.8386
Car -1 -1 -1.4286 773.4197 790.4837 904.0656 906.5274 1.4224 1.6857 3.3865 -1.9831 4.3921 25.0715 -1.4993 0.4457
