Pedestrian -1 -1 1.1354 1698.8188 723.8447 1913.7782 1124.9957 1.6958 0.6651 0.7385 3.8987 2.1839 6.9535 1.7516 0.5671
Pedestrian -1 -1 1.5047 1057.5636 779.4890 1079.0801 843.0997 1.8219 0.6103 0.6077 3.1938 6.4693 44.6477 1.5909 0.3561
Cyclist -1 -1 -1.5598 981.4769 764.2444 1043.4014 906.3820 1.6842 0.8004 1.8106 0.7185 3.6777 20.4665 -1.5107 0.5439
Car -1 -1 -1.3450 595.6308 754.6237 876.1389 973.9312 1.5429 1.8881 4.4974 -2.1476 3.0970 15.5918 -1.4832 0.9664
Car -1 -1 -1.4363 775.1242 776.4215 900.4700 887.4099 1.4645 1.7225 3.8289 -2.1568 4.4059 27.0645 -1.5073 0.9459
Car -1 -1 -1.3391 710.8313 774.5632 883.2858 912.4485 1.4347 1.6780 3.3210 -2.2316 3.7251 21.1292 -1.4392 0.9268
Car -1 -1 -1.4975 859.9731 786.2480 929.7843 851.5293 1.4528 1.7612 3.6653 -1.9285 6.4428 44.3814 -1.5291 0.9135
Car -1 -1 -1.4593 832.4861 784.4892 923.5983 863.9639 1.4231 1.7735 3.9518 -1.9994 5.5853 36.9702 -1.5023 0.8691
Car -1 -1 2.1049 172.0281 759.8076 350.2722 846.8029 1.3681 1.6863 3.8908 -14.7730 4.4181 31.7915 1.6669 0.5335
Car -1 -1 1.9904 281.6288 774.8171 425.8154 854.4038 1.4833 1.8171 4.2706 -15.4214 5.5310 38.2083 1.6088 0.3188
