Pedestrian -1 -1 1.0294 1693.8234 700.8735 1936.0000 1170.4249 1.6502 0.6553 0.7753 3.3372 1.9669 5.8131 1.6803 0.6597
Pedestrian -1 -1 1.3871 1582.0260 748.7046 1710.8726 1050.6931 1.6306 0.6204 0.6910 4.0359 2.3984 8.8488 1.8894 0.6187
Cyclist -1 -1 -1.5129 973.4587 764.1056 1047.6510 911.5031 1.7485 0.8856 1.8729 0.6997 3.7540 20.5656 -1.4649 0.5838
Car -1 -1 -1.3530 637.4803 762.4677 887.1477 962.3934 1.5726 1.8962 4.3261 -2.1025 3.3519 17.0970 -1.4739 0.9612
Car -1 -1 -1.4764 868.5690 793.7679 937.0545 855.1660 1.3739 1.7129 3.7488 -1.7568 6.7864 46.0019 -1.5024 0.9172
Car -1 -1 -1.4628 842.7919 788.6016 928.4539 868.1008 1.5174 1.7619 3.8355 -1.9022 5.9646 38.6514 -1.5006 0.8639
Car -1 -1 -1.4486 795.6445 785.4016 911.0399 890.2330 1.4456 1.7084 4.0279 -2.0177 4.7799 29.0033 -1.5086 0.8370
Car -1 -1 -1.3846 741.6243 781.1279 894.1861 909.9060 1.4618 1.7135 3.3164 -2.1179 4.0379 22.9234 -1.4699 0.8214
Car -1 -1 2.0074 243.2759 783.6589 388.6837 865.4562 1.3693 1.6122 3.7977 -14.7629 5.2280 34.4240 1.6024 0.3670
Car -1 -1 -0.0643 0.0000 0.0000 1936.0000 1216.0000 1.5223 1.7875 4.0290 -2.9506 1.5559 2.0185 -1.4127 0.3365
