Pedestrian -1 -1 1.2426 1629.0214 714.3575 1799.9609 1067.2115 1.7115 0.6623 0.6606 3.9311 2.2047 7.8499 1.7953 0.7064
Pedestrian -1 -1 0.9809 1829.9047 625.0918 1936.0000 1216.0000 1.7804 0.7090 0.6911 3.0656 1.7811 4.3930 1.7805 0.5270
Pedestrian -1 -1 1.5259 1061.0684 777.6790 1082.6567 837.4479 1.7878 0.6550 0.6895 3.4675 6.6184 46.9243 1.6144 0.3797
Pedestrian -1 -1 1.6124 1054.5337 775.3239 1076.4592 837.8796 1.8183 0.6309 0.6526 3.1786 6.4396 45.5790 1.6967 0.3737
Cyclist -1 -1 -1.5391 978.1249 749.4365 1045.7905 897.6749 1.7473 0.8280 1.8693 0.7054 3.5110 20.2133 -1.4904 0.5587
Car -1 -1 -1.3302 614.8823 749.1753 879.6285 955.1904 1.5648 1.8530 4.1864 -2.1391 3.0900 16.1721 -1.4621 0.9723
Car -1 -1 -1.4520 786.1647 771.8230 906.2172 879.4893 1.4600 1.7289 4.0905 -2.0799 4.4229 28.0685 -1.5171 0.9398
Car -1 -1 -1.3481 724.1285 770.9040 887.9550 900.1808 1.3990 1.6668 3.3227 -2.1891 3.7087 21.9021 -1.4421 0.9366
Car -1 -1 -1.4898 864.2874 777.8724 934.0260 841.6068 1.4341 1.7489 3.9015 -1.8337 6.2634 45.2157 -1.5185 0.9223
Car -1 -1 -1.4553 839.5433 775.0552 926.9575 853.3250 1.4682 1.7211 3.8995 -1.9157 5.4626 37.7717 -1.4949 0.8671
Car -1 -1 2.1369 64.7979 765.1766 253.5034 854.0182 1.4076 1.6814 4.0731 -17.2514 4.6427 32.3951 1.6440 0.5845
