Pedestrian -1 -1 1.1454 1515.6453 727.8397 1715.2389 1104.1808 1.7047 0.6645 0.8543 3.2370 2.2497 7.4685 1.6398 0.6590
Pedestrian -1 -1 -2.3141 1675.3340 578.9226 1936.0000 1216.0000 1.7025 0.6419 0.6840 2.0868 1.6096 3.3849 -1.5041 0.3738
Cyclist -1 -1 -1.6228 974.1672 772.2797 1046.1390 921.1544 1.7702 0.9209 1.9867 0.6544 3.9134 20.7507 -1.5774 0.5349
Cyclist -1 -1 1.1364 1519.1083 728.5977 1720.7496 1104.3693 1.6923 0.6575 0.8749 3.2480 2.2402 7.4445 1.6340 0.1001
Car -1 -1 -1.4090 672.5215 776.1853 890.2465 959.6991 1.5381 1.9410 4.3474 -2.0618 3.6267 18.4221 -1.5169 0.9227
Car -1 -1 -1.4209 801.1230 796.0829 921.0383 902.3933 1.5170 1.7850 4.0983 -1.9522 5.2297 30.3086 -1.4751 0.8850
Car -1 -1 -0.3628 0.0000 611.1642 503.5365 1216.0000 1.5012 1.7300 3.9193 -2.1769 1.4987 2.2404 -1.5551 0.8742
Car -1 -1 -1.5110 875.0588 801.6237 941.1998 867.4020 1.4888 1.7955 4.2153 -1.6417 7.3534 47.4865 -1.5331 0.8687
Car -1 -1 -1.4994 851.5654 798.9151 929.7321 878.0506 1.5576 1.7671 3.8000 -1.8337 6.4207 39.8605 -1.5336 0.8289
Car -1 -1 1.9474 275.7881 804.1887 415.1725 889.5453 1.4702 1.7763 3.8925 -14.7016 6.0115 35.9245 1.5611 0.4274
