Pedestrian -1 -1 1.3453 1650.3762 717.8812 1816.1432 1087.7218 1.6955 0.6536 0.6818 3.8494 2.1888 7.5031 1.9130 0.6360
Pedestrian -1 -1 1.5389 1056.1716 775.6044 1078.0292 837.4572 1.7881 0.6483 0.6425 3.1974 6.3791 45.2179 1.6242 0.4518
Pedestrian -1 -1 1.4869 1060.8781 777.8917 1083.0742 836.8786 1.7712 0.6520 0.6127 3.4628 6.5915 46.8086 1.5755 0.4228
Cyclist -1 -1 -1.5199 978.9711 754.0381 1045.1285 897.5468 1.7093 0.7865 1.8396 0.7149 3.5607 20.4847 -1.4711 0.5174
Car -1 -1 -1.3268 600.6725 749.7513 879.9440 963.6027 1.5626 1.8847 4.4207 -2.1553 3.0830 15.9113 -1.4623 0.9681
Car -1 -1 -1.4507 782.3147 769.1335 904.0854 879.2257 1.4927 1.7367 4.0234 -2.1083 4.3641 27.7156 -1.5179 0.9447
Car -1 -1 -1.4081 733.1619 768.7549 887.7434 898.7996 1.3946 1.6722 3.3340 -2.0926 3.6353 21.5706 -1.4992 0.9338
Car -1 -1 -1.4890 862.7648 779.7504 931.5800 844.0811 1.4407 1.7100 3.8623 -1.8838 6.3006 44.9605 -1.5191 0.9228
Car -1 -1 -1.4298 834.5991 774.9532 928.7932 854.6124 1.4650 1.7621 3.9879 -1.9295 5.4239 37.3824 -1.4704 0.8960
Car -1 -1 2.1708 176.1826 758.8528 359.6596 846.4228 1.3830 1.6872 3.8015 -14.6337 4.4112 31.7926 1.7365 0.5503
