Pedestrian -1 -1 -3.7250 1855.1740 728.5503 1936.0000 1061.5685 1.6065 0.7357 0.6396 5.2175 2.1789 7.8606 -3.0397 0.4568
Cyclist -1 -1 -1.5138 972.2827 762.3587 1039.8890 909.3651 1.7133 0.7815 1.8533 0.6249 3.6573 20.1883 -1.4692 0.5568
Car -1 -1 -1.3151 516.6453 748.8043 853.7165 1004.9219 1.5636 1.9114 4.6202 -2.3006 2.9058 13.8173 -1.4864 0.9697
Car -1 -1 -1.4429 746.0513 777.1258 876.3030 894.6802 1.4531 1.6936 3.6940 -2.4530 4.2123 25.2276 -1.5326 0.9491
Car -1 -1 -1.3821 681.3483 775.6532 863.2630 922.8179 1.3518 1.6696 3.4845 -2.3260 3.4701 19.2158 -1.4996 0.9224
Car -1 -1 -1.4536 811.6978 782.7325 904.7124 865.9043 1.4576 1.7274 3.6027 -2.3634 5.3553 35.0799 -1.5105 0.9178
Car -1 -1 -1.5288 847.5019 785.3860 914.7847 853.4354 1.4813 1.7229 3.4810 -2.2385 6.2300 42.5079 -1.5699 0.9162
Car -1 -1 2.0172 395.0587 776.1230 521.0047 849.8227 1.6276 1.7701 4.6181 -15.1503 6.4509 45.2941 1.7000 0.8841
Car -1 -1 -1.5145 866.6519 786.2962 928.0723 846.2189 1.4620 1.7488 3.9027 -2.0584 6.9734 49.0926 -1.5443 0.6027
Car -1 -1 2.0729 269.6424 775.4109 421.0839 856.0121 1.4696 1.6973 4.2032 -15.3909 5.4754 37.6148 1.6862 0.5572
