Pedestrian -1 -1 1.6248 1032.6561 781.0514 1057.3103 848.9785 1.7366 0.6198 0.6361 2.2534 5.9728 40.2148 1.6953 0.5124
Cyclist -1 -1 -1.5353 962.7717 763.4327 1028.0088 907.1251 1.6796 0.7926 1.8248 0.4807 3.6406 20.2293 -1.4983 0.5465
Car -1 -1 -1.3065 451.7429 737.8254 824.7803 1026.3873 1.5685 1.8487 4.3398 -2.3476 2.6490 12.0881 -1.5113 0.9657
Car -1 -1 -1.4746 793.2626 781.1794 886.5869 867.8285 1.4590 1.7095 3.5325 -2.6574 5.1384 33.4197 -1.5442 0.9500
Car -1 -1 -1.4065 712.2292 768.7872 863.9646 900.2798 1.5209 1.7344 3.9846 -2.6579 4.0073 23.8018 -1.5118 0.9445
Car -1 -1 -1.3459 614.6818 762.8440 837.6950 936.5350 1.4270 1.7285 3.8301 -2.5977 3.2142 17.3996 -1.4946 0.9152
Car -1 -1 -1.5179 831.3010 782.2166 901.5427 853.0818 1.5052 1.7071 3.4203 -2.5651 6.0064 41.0757 -1.5692 0.8327
Car -1 -1 2.0318 239.7821 766.5723 386.5426 846.0439 1.4013 1.5541 4.1419 -15.5040 5.0121 36.0037 1.6254 0.7716
Car -1 -1 2.0351 0.0000 735.5029 104.5813 870.1963 1.5174 1.7707 4.3615 -14.9961 3.3770 22.8657 1.4396 0.7478
Car -1 -1 -1.5059 852.1797 782.0499 915.8105 843.4013 1.4626 1.7283 3.8447 -2.4169 6.6642 47.5545 -1.5450 0.5448
Car -1 -1 1.9160 367.1181 767.7556 479.3512 835.6295 1.4808 1.7609 4.0821 -15.4966 5.8112 43.2849 1.5763 0.5390
