Pedestrian -1 -1 1.5682 991.1249 777.6725 1018.9202 856.6688 1.7069 0.6198 0.5373 0.9877 5.1765 33.6813 1.6112 0.5115
Pedestrian -1 -1 1.5427 992.1192 775.2523 1019.7747 857.0967 1.8633 0.6487 0.6559 1.0605 5.4763 35.6026 1.5862 0.4146
Pedestrian -1 -1 1.5073 958.3881 786.9410 979.1627 844.3895 1.6298 0.5890 0.5357 0.2205 6.4597 44.2929 1.5254 0.3433
Pedestrian -1 -1 1.5019 982.1313 787.8239 1002.4304 844.2062 1.6014 0.5735 0.5011 0.9157 6.4497 44.2410 1.5360 0.3193
Cyclist -1 -1 -1.5121 901.2790 762.7841 974.9341 911.1309 1.7239 0.8610 1.8711 -0.2892 3.6671 20.1168 -1.5158 0.5769
Car -1 -1 -1.3394 399.7490 756.0232 725.3458 1012.9865 1.4265 1.7375 4.0528 -3.0953 2.6977 12.4467 -1.6006 0.9567
Car -1 -1 -1.1243 0.0000 702.1356 694.1066 1216.0000 1.5264 1.8961 4.7962 -2.7040 2.0225 7.1897 -1.5514 0.9538
Car -1 -1 -1.3783 569.5076 768.3690 781.7219 937.5477 1.4643 1.8010 4.3002 -3.4326 3.4718 18.7656 -1.5605 0.9460
Car -1 -1 -1.4958 745.4655 783.8600 830.9938 867.1235 1.5114 1.7392 3.5654 -4.0974 5.5151 35.8570 -1.6006 0.9441
Car -1 -1 -1.4465 695.9127 777.8525 815.5442 884.9304 1.5143 1.7655 3.6642 -3.8061 4.5889 28.2258 -1.5740 0.9397
Car -1 -1 -1.4969 773.9177 784.0557 846.6922 854.9207 1.5055 1.7312 3.8337 -4.2302 6.2201 42.3689 -1.5862 0.8469
