Pedestrian -1 -1 1.5664 993.5427 785.5034 1020.6841 865.8897 1.7925 0.6276 0.6016 1.0727 5.5754 34.9111 1.6109 0.5105
Pedestrian -1 -1 1.4276 967.1735 792.8459 988.2871 848.5924 1.6224 0.5816 0.5120 0.4997 6.7703 45.5497 1.4519 0.3231
Pedestrian -1 -1 1.5416 989.7476 793.7562 1008.9693 849.6348 1.6340 0.5773 0.5073 1.1581 6.8049 45.5377 1.5806 0.3126
Cyclist -1 -1 -1.5249 916.7772 772.4667 989.6784 918.2338 1.6946 0.8809 1.8718 -0.0869 3.7905 20.2824 -1.5178 0.5874
Car -1 -1 -1.4358 705.9107 784.8724 827.3533 891.9085 1.5313 1.8089 3.8434 -3.7121 4.8530 29.1160 -1.5554 0.9479
Car -1 -1 -1.1838 0.0000 713.0455 715.3244 1200.0841 1.5187 1.8819 4.7782 -2.6610 2.1275 7.9301 -1.5605 0.9433
Car -1 -1 -1.4996 759.2715 790.7029 844.3844 872.6019 1.4848 1.7764 3.7857 -3.8664 5.7744 36.7751 -1.5948 0.9393
Car -1 -1 -1.4271 604.2466 773.8229 790.7507 938.8878 1.5210 1.8113 4.0988 -3.3257 3.6778 19.5870 -1.5948 0.9385
Car -1 -1 -1.3057 432.5108 761.8888 754.3887 1005.8618 1.4574 1.7740 3.9636 -3.0328 2.8490 13.1875 -1.5452 0.9331
Car -1 -1 -1.5264 786.1360 792.9603 854.6010 861.7343 1.4510 1.7516 3.8682 -4.0183 6.5184 43.1253 -1.6087 0.8351
