Pedestrian -1 -1 1.7199 998.9155 788.7892 1030.5085 868.0078 1.7815 0.6530 0.6649 1.2762 5.7297 35.6361 1.7697 0.5216
Cyclist -1 -1 -1.5671 925.1442 776.3056 992.4090 921.7168 1.6868 0.8685 1.8622 -0.0189 3.8307 20.2373 -1.5563 0.5836
Car -1 -1 -1.1910 95.0286 727.4526 737.2731 1157.2501 1.4830 1.8637 4.6768 -2.6647 2.2399 8.6653 -1.5318 0.9534
Car -1 -1 -1.4311 624.7834 777.6326 802.6486 935.6702 1.5074 1.8033 4.1536 -3.2524 3.8044 20.3988 -1.5875 0.9448
Car -1 -1 -1.4310 721.7692 792.0439 839.3138 895.6876 1.5053 1.7812 3.7831 -3.5307 5.0527 29.8212 -1.5409 0.9442
Car -1 -1 2.1618 0.0000 755.0915 118.6383 865.4606 1.3954 1.6681 4.0270 -16.4652 3.8089 25.7000 1.5810 0.9141
Car -1 -1 -1.4547 789.3937 798.3171 866.9503 867.4505 1.4416 1.7507 4.1913 -3.8621 6.7901 43.9927 -1.5313 0.9121
Car -1 -1 -1.3052 473.6109 767.8973 772.9829 996.9888 1.4716 1.7829 3.8087 -2.9722 2.9938 13.9757 -1.5247 0.9091
Car -1 -1 -1.5171 770.1483 795.1472 850.7454 877.6868 1.5059 1.7599 3.9374 -3.7309 6.0056 37.5270 -1.6062 0.8894
Car -1 -1 2.0224 84.7519 772.2148 253.4975 861.2801 1.4031 1.6649 3.9037 -16.8870 4.7595 32.0914 1.5347 0.6552
