Pedestrian -1 -1 1.6485 1011.5463 783.5817 1040.8385 862.4017 1.8448 0.6633 0.6678 1.6042 5.7990 36.8893 1.7062 0.5756
Cyclist -1 -1 -1.5972 943.0831 772.4701 1004.7272 915.7480 1.6876 0.8056 1.8630 0.1593 3.8001 20.4727 -1.5771 0.5415
Car -1 -1 -1.2294 218.7672 737.0581 766.6973 1123.0870 1.4880 1.8455 4.5941 -2.5512 2.3728 9.4596 -1.5248 0.9613
Car -1 -1 -1.4351 662.3789 781.3178 823.7459 924.1222 1.4444 1.7376 3.8636 -3.0026 3.8736 21.2923 -1.5719 0.9564
Car -1 -1 -1.3367 534.9473 773.1880 793.4087 975.9271 1.4164 1.7387 3.5932 -2.8196 3.0813 14.9579 -1.5293 0.9392
Car -1 -1 -1.4463 745.7453 790.0346 853.5395 887.3048 1.4802 1.7359 3.5873 -3.2589 5.0757 30.7431 -1.5434 0.9386
Car -1 -1 2.2004 0.0000 762.3016 163.6723 873.5669 1.4306 1.6515 4.1591 -16.2532 4.0738 26.6329 1.6434 0.9331
Car -1 -1 -1.5275 788.4348 793.4313 863.3118 871.3049 1.4674 1.7148 3.8333 -3.4414 6.0309 38.5480 -1.6063 0.9326
Car -1 -1 1.9677 149.8893 769.9156 306.4938 858.5331 1.4427 1.6614 4.1608 -16.2749 4.8903 33.4273 1.5127 0.9011
Car -1 -1 -1.4783 806.5575 795.9833 877.5754 861.7380 1.4304 1.7214 3.9159 -3.5259 6.7832 44.8095 -1.5456 0.8905
