Pedestrian -1 -1 1.5833 972.1005 787.5327 991.7352 845.8665 1.6105 0.5518 0.4989 0.5952 6.3148 42.9974 1.6105 0.4823
Pedestrian -1 -1 1.6162 981.8897 775.9689 1012.2668 860.1525 1.7528 0.6282 0.6066 0.7844 5.0836 32.6438 1.6537 0.4516
Cyclist -1 -1 -1.5722 897.5757 763.6096 960.0139 907.4362 1.6874 0.8062 1.8191 -0.4307 3.6480 20.2234 -1.5833 0.5622
Car -1 -1 -1.3690 532.8214 765.6915 760.5319 944.6672 1.4560 1.7906 4.3581 -3.5731 3.3346 17.7740 -1.5710 0.9602
Car -1 -1 -1.4616 681.3353 776.5448 800.1693 885.8845 1.4984 1.7426 3.6169 -3.9692 4.4639 27.4111 -1.5996 0.9528
Car -1 -1 -1.3168 329.1002 745.9866 696.9181 1037.7277 1.4927 1.7393 4.0515 -3.1699 2.5841 11.4200 -1.6112 0.9513
Car -1 -1 -1.0639 0.0000 689.2053 652.4272 1216.0000 1.5409 1.8964 4.7605 -2.7195 1.9097 6.1944 -1.5706 0.9509
Car -1 -1 -1.4924 733.3499 784.8547 820.0714 865.5773 1.4183 1.7138 3.4233 -4.2581 5.3386 34.9115 -1.6052 0.9222
Car -1 -1 -1.4771 762.2817 780.0457 840.2751 853.2530 1.5261 1.7487 3.9105 -4.3809 6.0268 41.4252 -1.5726 0.9191
Car -1 -1 -1.4970 791.3332 785.1962 854.0928 843.3293 1.4922 1.8047 3.8065 -4.6690 7.1448 50.8247 -1.5775 0.5803
