Pedestrian -1 -1 1.5785 980.4856 778.5084 1012.1793 867.2437 1.7016 0.6255 0.6339 0.7101 4.8327 30.1522 1.6155 0.5664
Cyclist -1 -1 -1.5609 875.5510 762.2844 937.8129 911.4506 1.7599 0.8076 1.8926 -0.7237 3.7172 20.3521 -1.5871 0.5718
Car -1 -1 -1.3180 459.3156 767.3156 738.2582 974.8575 1.4561 1.7946 4.4368 -3.6232 3.1731 15.7946 -1.5517 0.9565
Car -1 -1 -1.4580 643.3038 783.2011 774.8919 903.7936 1.4905 1.7683 3.7358 -4.1988 4.3809 25.3979 -1.6176 0.9531
Car -1 -1 -1.2582 212.6994 748.6208 646.9282 1082.6527 1.4356 1.6614 3.4015 -3.1059 2.3610 9.4488 -1.6149 0.9485
Car -1 -1 -1.4537 706.6082 788.8996 806.2443 878.5779 1.4784 1.7400 3.5165 -4.4450 5.2779 32.8801 -1.5802 0.9374
Car -1 -1 -0.8820 0.0000 667.7818 556.1027 1216.0000 1.5329 1.8547 4.5837 -2.7001 1.7270 4.4533 -1.5973 0.9354
Car -1 -1 -1.4961 742.1268 790.2598 820.9463 865.9006 1.4570 1.7346 3.8563 -4.6739 6.0210 39.3177 -1.6050 0.9282
Car -1 -1 2.1537 0.0000 761.2865 193.9263 859.1415 1.4268 1.6745 4.3872 -17.5790 4.3906 30.2640 1.6218 0.4775
Car -1 -1 1.9761 173.0459 770.2962 314.0845 847.9591 1.4385 1.7070 4.1123 -17.9503 5.2980 37.6078 1.5311 0.4514
