Pedestrian -1 -1 1.6311 972.7683 770.0114 1009.4216 872.0952 1.7718 0.6229 0.6589 0.5486 4.4582 27.3275 1.6644 0.5336
Pedestrian -1 -1 1.5102 963.2490 784.4634 989.2125 852.7960 1.6499 0.6297 0.5699 0.3756 5.7139 37.7908 1.5333 0.4314
Cyclist -1 -1 -1.5637 857.2469 754.6266 922.2790 903.7699 1.7907 0.8530 1.8909 -0.9683 3.6592 20.5808 -1.6022 0.5574
Car -1 -1 -1.3024 379.1075 761.3368 696.3290 999.8811 1.4653 1.7509 4.1308 -3.6405 2.8979 13.6297 -1.5789 0.9672
Car -1 -1 -1.1323 0.0000 730.7381 566.1687 1194.8987 1.4553 1.7242 3.5699 -3.2023 2.1038 7.3412 -1.6155 0.9602
Car -1 -1 -1.4426 687.2344 783.7394 793.6110 878.7761 1.4780 1.7114 3.4842 -4.4949 4.9415 30.8581 -1.5803 0.9437
Car -1 -1 -1.4084 605.5687 779.3144 759.5618 907.6223 1.4630 1.7732 3.6146 -4.2403 4.0523 23.2556 -1.5866 0.9371
Car -1 -1 -1.4732 724.8244 785.2274 809.0864 864.0322 1.4479 1.6815 3.8712 -4.8017 5.6646 37.3775 -1.5921 0.9022
Car -1 -1 -0.2657 0.0000 0.0000 387.5842 1216.0000 1.6182 1.9007 4.3420 -2.7583 1.4726 2.2865 -1.5150 0.7511
Car -1 -1 2.1635 0.0000 777.6984 93.1572 896.1137 1.5067 1.7203 4.4774 -17.8610 4.4989 27.0459 1.5715 0.5584
