Pedestrian -1 -1 1.5171 961.5493 787.3430 985.8568 853.4363 1.6799 0.6235 0.5714 0.3282 6.0310 39.7597 1.5385 0.5464
Pedestrian -1 -1 1.5603 979.8641 778.0899 1012.6810 869.1923 1.7151 0.6405 0.5972 0.6910 4.7677 29.4927 1.5971 0.5401
Cyclist -1 -1 -1.5248 867.4703 761.1181 935.6573 912.2268 1.7799 0.8192 1.8832 -0.7881 3.7130 20.2730 -1.5545 0.5568
Car -1 -1 -1.3248 443.6049 764.2318 728.9554 977.8522 1.4541 1.7967 4.3422 -3.6020 3.0719 15.1896 -1.5675 0.9625
Car -1 -1 -1.2379 131.1504 743.5644 627.5009 1119.8688 1.4694 1.6984 3.5994 -3.1361 2.3175 8.8449 -1.6249 0.9458
Car -1 -1 -1.4385 701.1327 788.0984 806.1784 879.8557 1.4768 1.7550 3.5975 -4.4186 5.1963 32.2812 -1.5669 0.9441
Car -1 -1 -1.4381 635.9064 782.8549 772.3486 904.7978 1.4918 1.7499 3.5885 -4.1866 4.3068 24.8308 -1.6013 0.9423
Car -1 -1 -1.5249 741.1658 791.0539 816.6641 867.7800 1.4493 1.7274 3.8249 -4.6721 5.9698 38.7210 -1.6357 0.9363
Car -1 -1 -0.7814 0.0000 666.5519 534.1483 1216.0000 1.5000 1.8220 4.5342 -2.7551 1.6785 4.1315 -1.5625 0.9022
Car -1 -1 2.0924 0.0000 760.7849 164.2973 863.1389 1.4368 1.7038 4.4983 -17.6132 4.3048 29.2927 1.5444 0.3734
