Pedestrian -1 -1 1.5068 1001.7631 767.0815 1048.8149 893.6425 1.7848 0.6649 0.7128 0.9471 3.9349 22.2548 1.5637 0.6323
Pedestrian -1 -1 1.4788 1015.9624 773.4467 1058.0011 886.0859 1.7453 0.6356 0.6743 1.2321 4.2061 24.4281 1.5440 0.5092
Pedestrian -1 -1 1.5472 978.1035 785.2197 1007.0982 866.1091 1.6753 0.6236 0.6049 0.6777 5.1914 32.4910 1.5815 0.4255
Cyclist -1 -1 -1.4746 862.6841 764.9295 938.3397 913.6771 1.7467 0.8337 1.8675 -0.8030 3.7399 20.3262 -1.5049 0.5556
Car -1 -1 -1.1906 141.4747 762.0709 641.7695 1102.9154 1.4134 1.7413 3.9524 -3.3961 2.4924 9.7803 -1.5631 0.9667
Car -1 -1 -1.3706 656.9907 784.5681 796.5323 897.0383 1.4856 1.7651 3.6446 -4.1387 4.5592 26.9198 -1.5177 0.9430
Car -1 -1 -1.4589 565.5807 778.1356 741.9082 938.7195 1.4846 1.8243 3.6498 -3.8660 3.6612 19.3439 -1.6577 0.9375
Car -1 -1 -1.4787 721.4388 788.3350 816.9859 879.3205 1.4839 1.7315 3.9205 -4.2380 5.3609 33.4920 -1.5963 0.9337
Car -1 -1 -0.6185 0.0000 656.1718 341.9080 1216.0000 1.5208 1.7514 3.7447 -3.0347 1.6318 3.4182 -1.5919 0.9199
Car -1 -1 -1.4805 779.0872 782.1481 849.1612 849.8179 1.6293 1.8138 4.1871 -4.6594 6.8815 47.8510 -1.5667 0.8928
Car -1 -1 1.9192 131.0458 783.6993 271.5780 870.0097 1.4992 1.6925 4.2065 -18.3038 5.5780 36.2211 1.4513 0.4089
