Pedestrian -1 -1 1.4473 961.5339 792.5089 991.6989 870.7601 1.7230 0.6375 0.5934 0.3529 5.6441 34.6576 1.4707 0.6134
Pedestrian -1 -1 1.4995 985.8768 780.1019 1030.0829 895.2490 1.7797 0.6828 0.7066 0.7586 4.3550 24.4521 1.5443 0.5528
Cyclist -1 -1 -1.5291 848.6708 771.2859 919.7132 920.6036 1.7666 0.8768 1.9233 -1.0359 3.8714 20.5403 -1.5709 0.5396
Car -1 -1 -1.2131 232.6339 772.2817 670.0112 1076.3118 1.4447 1.7660 4.2779 -3.5662 2.7778 11.3648 -1.5435 0.9568
Car -1 -1 -0.9166 0.0000 713.0412 475.8656 1216.0000 1.4247 1.7263 3.7535 -3.0836 1.8379 5.1086 -1.5998 0.9290
Car -1 -1 -1.4441 580.6288 794.5079 741.6815 941.5145 1.4624 1.7577 3.5108 -4.0895 4.0340 20.8635 -1.6373 0.9290
Car -1 -1 -1.4368 666.8785 798.0297 785.2706 905.5146 1.5029 1.7371 3.4900 -4.3853 4.9856 28.3255 -1.5843 0.9261
Car -1 -1 -1.4922 720.3279 801.8392 808.8663 888.8622 1.4660 1.7269 3.8591 -4.5638 5.8566 35.1437 -1.6126 0.9194
Car -1 -1 -1.5443 776.8496 793.9921 837.2722 860.6044 1.6028 1.8292 4.4038 -5.0787 7.4768 49.6930 -1.6351 0.8575
Car -1 -1 1.8312 336.4132 802.0913 432.6656 869.3712 1.4653 1.7463 3.9677 -17.4774 7.0997 45.4909 1.4699 0.4646
