Pedestrian -1 -1 1.5117 998.9801 768.6498 1044.7153 896.3052 1.8192 0.6557 0.7837 0.9091 4.0286 22.5912 1.5663 0.6152
Pedestrian -1 -1 1.5408 967.3382 787.4295 995.5353 868.1092 1.6998 0.6130 0.6165 0.4429 5.3269 33.0635 1.5674 0.4510
Cyclist -1 -1 -1.5058 854.7833 766.2919 930.8573 918.1370 1.7747 0.8884 1.9094 -0.9028 3.7805 20.2472 -1.5416 0.5422
Car -1 -1 -1.2194 174.5325 766.0009 642.9171 1097.9517 1.4287 1.7356 3.9989 -3.4364 2.5761 10.1517 -1.5808 0.9633
Car -1 -1 -1.4170 570.5099 783.0777 751.5109 938.9230 1.4626 1.7803 3.6541 -3.8374 3.7403 19.6732 -1.6105 0.9474
Car -1 -1 -1.3668 654.0047 787.9454 793.0104 900.1091 1.4896 1.7633 3.6767 -4.2450 4.6631 27.2223 -1.5160 0.9473
Car -1 -1 -1.4680 716.4915 790.1671 813.8187 882.1934 1.5158 1.7469 4.0164 -4.3827 5.4882 33.9219 -1.5881 0.9330
Car -1 -1 -0.6809 0.0000 670.7795 389.2582 1216.0000 1.5166 1.7323 3.6827 -3.0602 1.6919 3.8646 -1.5631 0.9316
Car -1 -1 -1.4771 774.0509 786.0687 844.0535 853.1986 1.6136 1.8106 4.2172 -4.8572 7.0363 48.2025 -1.5667 0.8806
Car -1 -1 1.9190 43.9837 784.7787 193.6418 876.1962 1.5659 1.7378 4.3940 -20.1655 5.6617 36.0013 1.4077 0.5323
Car -1 -1 1.9621 149.3134 786.5335 291.7012 869.9675 1.4760 1.6834 4.1165 -18.0969 5.6747 36.7371 1.5048 0.4561
