Pedestrian -1 -1 1.5107 989.0361 779.7875 1033.1327 898.8453 1.8056 0.6745 0.7268 0.7943 4.3300 24.0051 1.5578 0.6073
Pedestrian -1 -1 1.4554 962.5999 793.9893 992.5967 872.0258 1.7018 0.6322 0.5795 0.3719 5.6166 34.3053 1.4795 0.6065
Cyclist -1 -1 -1.5429 850.7185 777.2041 920.3716 925.5118 1.7305 0.8770 1.9148 -1.0101 3.9052 20.3901 -1.5837 0.5479
Car -1 -1 -1.2275 228.2819 774.1108 659.5287 1081.8824 1.4393 1.7419 4.1279 -3.5328 2.7503 11.0695 -1.5645 0.9545
Car -1 -1 -1.4055 661.0206 798.5394 787.4406 908.2265 1.5196 1.7645 3.5039 -4.3770 4.9849 28.0774 -1.5541 0.9500
Car -1 -1 -0.8765 0.0000 714.5447 455.3432 1216.0000 1.4014 1.7009 3.5577 -3.0595 1.7996 4.8463 -1.5922 0.9359
Car -1 -1 -1.4494 581.3517 795.5461 744.1053 946.8325 1.4759 1.7598 3.5259 -3.9969 4.0250 20.5177 -1.6416 0.9332
Car -1 -1 -1.4718 716.7222 800.5129 810.8817 890.5530 1.5155 1.7586 3.9153 -4.5405 5.8409 34.8568 -1.5926 0.9050
Car -1 -1 -1.5340 776.5311 793.5047 839.2928 860.9422 1.6229 1.8514 4.3821 -5.0204 7.4463 49.4132 -1.6242 0.8813
Car -1 -1 -1.3327 740.7149 798.0970 829.2703 868.0214 1.5183 1.7283 3.7406 -5.1572 6.8640 44.1884 -1.4385 0.5214
Car -1 -1 1.8867 327.4007 804.7595 432.3568 872.8733 1.4738 1.7824 3.9650 -17.4490 7.1372 45.0652 1.5227 0.4347
