Pedestrian -1 -1 1.4966 1018.3335 764.6660 1063.8578 889.8483 1.7461 0.6288 0.6440 1.1644 3.8238 21.9066 1.5648 0.6929
Pedestrian -1 -1 1.5634 979.9412 781.2678 1009.5988 863.5533 1.6856 0.6303 0.5868 0.7204 5.0720 32.0846 1.5993 0.6234
Cyclist -1 -1 -1.5065 864.0018 756.1818 936.2727 904.9921 1.7731 0.8502 1.8809 -0.8139 3.6527 20.4565 -1.5372 0.5408
Car -1 -1 -1.1638 91.6472 755.7624 641.0309 1119.5923 1.4377 1.7643 4.1750 -3.4122 2.4562 9.5316 -1.5486 0.9619
Car -1 -1 -1.3654 663.6387 781.9631 802.0137 890.7761 1.4347 1.7417 3.4910 -4.0004 4.4274 26.6987 -1.5088 0.9482
Car -1 -1 -1.4437 563.3438 774.1184 743.9305 934.5622 1.4740 1.8006 3.6071 -3.8102 3.5627 19.0692 -1.6429 0.9448
Car -1 -1 -1.4856 726.5735 783.6358 820.9622 873.2275 1.4567 1.7189 3.8428 -4.0959 5.1829 33.1576 -1.6003 0.9423
Car -1 -1 -0.5103 0.0000 643.9670 317.2831 1216.0000 1.5469 1.7611 3.7860 -3.0323 1.6104 3.0796 -1.5639 0.9157
Car -1 -1 -1.4969 786.6381 775.3898 855.2545 841.8784 1.6047 1.8266 4.1645 -4.4224 6.6093 47.6412 -1.5787 0.8927
Car -1 -1 2.0366 0.0000 780.5952 143.9217 887.8896 1.4150 1.6873 4.2518 -17.3044 4.5877 28.2806 1.4807 0.6368
