Pedestrian -1 -1 1.4877 992.6462 776.1672 1037.3804 896.2853 1.7930 0.6593 0.6458 0.8397 4.2037 23.4976 1.5375 0.6930
Pedestrian -1 -1 1.4455 962.7133 791.9531 993.5029 870.1735 1.6718 0.6297 0.6148 0.3770 5.4787 33.7415 1.4698 0.5425
Cyclist -1 -1 -1.4969 851.9292 771.4834 925.9731 921.3101 1.7595 0.8536 1.8985 -0.9640 3.8547 20.4115 -1.5353 0.5431
Car -1 -1 -1.2222 203.4247 775.5310 653.4839 1092.6790 1.4332 1.7683 4.1292 -3.5331 2.7280 10.7875 -1.5688 0.9609
Car -1 -1 -1.3662 653.2181 796.9029 788.3593 906.0547 1.4688 1.7589 3.5361 -4.3685 4.8574 27.6486 -1.5172 0.9593
Car -1 -1 -1.4229 577.0556 791.6223 748.9046 943.1129 1.4609 1.7590 3.5282 -3.9233 3.9125 20.1881 -1.6150 0.9525
Car -1 -1 -0.8200 0.0000 701.6695 429.4172 1216.0000 1.4595 1.7011 3.6303 -3.0538 1.7831 4.4706 -1.5919 0.9402
Car -1 -1 -1.4812 716.8460 798.4106 809.9528 888.7449 1.4883 1.7350 3.9842 -4.4904 5.7153 34.4120 -1.6024 0.9268
Car -1 -1 -1.4868 773.1253 793.3613 840.4405 857.7791 1.5273 1.7864 4.3214 -5.0088 7.2866 48.9580 -1.5778 0.8686
Car -1 -1 -1.3691 740.8579 798.0974 825.2062 866.8680 1.4890 1.7257 3.5832 -5.1530 6.7589 43.6373 -1.4765 0.6233
Car -1 -1 1.9953 319.4115 804.6447 435.7512 872.8712 1.4706 1.7686 3.9360 -17.4416 7.1071 44.8775 1.6300 0.4405
