Pedestrian -1 -1 1.4555 1063.0256 760.8546 1119.9664 906.5410 1.7215 0.6445 0.6756 1.6176 3.4479 18.6491 1.5598 0.7121
Pedestrian -1 -1 1.5089 1019.6190 779.3001 1052.6267 869.8740 1.6523 0.6029 0.6260 1.4312 4.6442 28.6642 1.5733 0.5511
Pedestrian -1 -1 1.4652 1052.4664 768.1470 1101.9656 899.8150 1.7521 0.6368 0.6240 1.6155 3.7846 20.9026 1.5590 0.2924
Cyclist -1 -1 -1.5370 899.6218 760.1826 964.5899 910.0184 1.7760 0.8012 1.8696 -0.3773 3.7048 20.3763 -1.5450 0.4841
Car -1 -1 -1.3751 543.6970 773.8936 766.8056 958.0358 1.4853 1.7778 3.4831 -3.2728 3.3159 16.6294 -1.5739 0.9582
Car -1 -1 -1.0665 0.0000 740.9744 595.1725 1216.0000 1.4125 1.7277 3.8128 -3.0632 2.1034 6.9825 -1.5570 0.9553
Car -1 -1 -1.3960 672.7819 780.4654 821.1970 904.3407 1.4785 1.7606 3.5672 -3.3856 4.1885 24.2329 -1.5300 0.9539
Car -1 -1 -1.4617 740.2789 785.0759 847.1254 882.1366 1.4363 1.7196 4.0182 -3.3797 4.9512 30.7998 -1.5627 0.9504
Car -1 -1 -1.4716 803.1072 785.0864 875.6844 852.9286 1.5301 1.7560 3.8852 -3.6201 6.5602 44.9907 -1.5409 0.8176
Car -1 -1 -1.3960 773.3961 788.1100 859.6916 861.8375 1.4952 1.6880 3.5689 -3.8593 6.1050 40.3851 -1.4810 0.3623
