Pedestrian -1 -1 1.3990 1053.4934 757.5771 1108.9922 893.0568 1.6908 0.6404 0.6036 1.5693 3.4609 19.6254 1.4958 0.7430
Pedestrian -1 -1 1.5327 1016.4832 776.1906 1047.1797 862.7266 1.6409 0.5949 0.5680 1.3967 4.6715 29.6653 1.5941 0.4783
Pedestrian -1 -1 1.5121 1047.9338 760.9880 1094.5623 887.9106 1.7518 0.6473 0.6307 1.5880 3.7528 21.6632 1.6015 0.3366
Cyclist -1 -1 -1.5463 894.6207 758.5270 956.3249 904.9271 1.7351 0.7736 1.8214 -0.4675 3.6316 20.3094 -1.5592 0.5183
Car -1 -1 -1.1264 0.0000 738.9409 614.1761 1195.4418 1.4415 1.7492 4.0404 -3.1384 2.1872 7.7555 -1.5736 0.9602
Car -1 -1 -1.4719 739.1977 778.3977 842.0988 874.4620 1.4807 1.7249 3.9984 -3.5199 4.9150 31.4548 -1.5752 0.9546
Car -1 -1 -1.3973 674.3008 777.8434 816.8323 897.0024 1.4764 1.7438 3.5137 -3.5110 4.2071 24.9107 -1.5324 0.9469
Car -1 -1 -1.3900 553.7468 773.0090 766.8820 950.3413 1.4820 1.7923 3.5713 -3.3534 3.3735 17.2998 -1.5849 0.9441
Car -1 -1 -1.4834 803.1288 776.7141 873.2542 842.1130 1.5197 1.7623 3.8385 -3.7136 6.3518 45.6642 -1.5536 0.9142
Car -1 -1 -1.4006 776.4534 782.2407 858.0546 852.4410 1.4727 1.6459 3.3100 -3.8860 5.9463 40.7992 -1.4854 0.4066
Car -1 -1 1.8579 0.0000 782.1376 129.4700 878.4790 1.5467 1.8488 4.3476 -20.5368 5.3652 33.9788 1.3118 0.3198
