Pedestrian -1 -1 1.5353 1001.3064 778.3308 1031.9380 863.8391 1.6625 0.6109 0.5992 1.1247 4.8201 30.4718 1.5861 0.6186
Pedestrian -1 -1 1.5309 1043.7389 760.9335 1091.8036 894.1042 1.7273 0.6381 0.5871 1.4432 3.6052 20.3353 1.6181 0.5629
Cyclist -1 -1 -1.5299 882.6396 754.2477 950.0535 905.2471 1.7978 0.8222 1.8623 -0.5907 3.6398 20.3554 -1.5492 0.5043
Car -1 -1 -1.1449 0.0000 743.9320 625.1458 1165.4877 1.4569 1.7518 4.0212 -3.2052 2.2794 8.3198 -1.5667 0.9592
Car -1 -1 -1.4194 559.2499 770.8669 758.2683 943.2672 1.4939 1.8012 3.5312 -3.4842 3.4091 17.8177 -1.6156 0.9506
Car -1 -1 -1.3631 667.4117 775.4737 814.6941 893.8582 1.4962 1.7518 3.6002 -3.6669 4.2489 25.4813 -1.5010 0.9496
Car -1 -1 -1.4614 733.2991 780.4458 836.3265 873.2072 1.4478 1.7256 3.9029 -3.6905 4.9634 31.8454 -1.5687 0.9481
Car -1 -1 -1.4631 798.0338 775.5244 869.9048 839.8422 1.5309 1.7892 3.7736 -3.9128 6.4064 46.4886 -1.5363 0.6367
Car -1 -1 2.1672 0.0000 788.3629 60.1528 901.3514 1.4559 1.8630 4.2379 -18.7971 4.7007 27.5564 1.5607 0.4721
Car -1 -1 -0.1314 0.0000 0.0000 168.8783 1216.0000 1.5099 1.6964 3.7375 -3.0141 1.4273 2.0141 -1.4900 0.4573
