Pedestrian -1 -1 1.3706 1078.5342 761.7679 1142.3221 922.1556 1.7413 0.6326 0.5678 1.6973 3.3321 17.0721 1.4889 0.6487
Pedestrian -1 -1 1.5690 1038.1465 779.5475 1073.1416 879.1232 1.7077 0.6216 0.5940 1.7045 4.5288 26.9602 1.6474 0.5821
Cyclist -1 -1 -1.5632 916.6036 766.8854 978.7274 917.8225 1.7815 0.8083 1.9042 -0.1670 3.8099 20.4070 -1.5601 0.5237
Car -1 -1 -1.3422 506.8757 775.1971 770.1729 984.0842 1.5193 1.8539 3.7282 -3.1757 3.2630 15.4675 -1.5512 0.9497
Car -1 -1 -0.9858 0.0000 729.5922 556.5645 1216.0000 1.4290 1.7248 3.9398 -2.9921 1.9777 5.8638 -1.5652 0.9457
Car -1 -1 -1.4243 672.5319 785.3663 824.8008 917.4158 1.4841 1.7869 3.5953 -3.1812 4.1480 23.0156 -1.5571 0.9389
Car -1 -1 -1.4627 742.9974 786.9670 855.7983 891.5114 1.5104 1.7739 3.9174 -3.1387 4.9398 29.6758 -1.5599 0.9256
Car -1 -1 -1.5492 814.9022 787.2783 880.3589 858.5480 1.5495 1.7841 4.0593 -3.2977 6.5504 43.9905 -1.6129 0.8859
Car -1 -1 -1.4568 833.3081 785.2358 903.6965 851.6457 1.6597 1.8314 4.4277 -3.0881 7.3277 50.5964 -1.5059 0.3487
Car -1 -1 -1.4361 779.1324 790.4872 865.8316 870.8650 1.5697 1.7247 3.6368 -3.5440 6.0654 38.7393 -1.5171 0.3160
