Pedestrian -1 -1 1.3417 1100.2690 760.1463 1172.3568 929.8975 1.7182 0.6443 0.6751 1.8753 3.2060 16.0852 1.4788 0.6435
Pedestrian -1 -1 1.5662 1047.3821 770.8254 1084.7458 878.9308 1.7886 0.6397 0.6143 1.8230 4.3553 25.9710 1.6519 0.5946
Cyclist -1 -1 -1.5443 920.8297 765.9677 981.6178 911.9599 1.7441 0.7669 1.8580 -0.1200 3.7785 20.6250 -1.5387 0.5264
Car -1 -1 -1.3604 491.9163 777.3495 764.3523 993.9223 1.4706 1.8594 3.7431 -3.0980 3.1579 14.6744 -1.5768 0.9574
Car -1 -1 -1.4194 674.6039 783.2117 831.0246 918.5173 1.4725 1.7650 3.5836 -3.0187 4.0271 22.3209 -1.5496 0.9508
Car -1 -1 -1.4726 744.1007 786.8022 856.5247 892.5829 1.4754 1.7386 3.9030 -3.0253 4.8037 28.7894 -1.5693 0.9460
Car -1 -1 -0.8872 0.0000 707.0565 528.0743 1216.0000 1.4344 1.7352 3.8668 -2.9550 1.8238 5.1343 -1.5467 0.9367
Car -1 -1 -1.4990 818.8265 784.0180 892.2161 857.1694 1.6006 1.7919 3.8411 -2.9982 6.3880 43.0608 -1.5574 0.9285
Car -1 -1 -1.5081 840.1144 786.3137 904.4796 849.7982 1.5855 1.8377 4.0484 -2.9170 7.1759 49.7541 -1.5548 0.8384
Car -1 -1 -1.4564 779.6762 787.5905 864.7129 869.2610 1.5736 1.7049 3.3207 -3.4155 5.8068 37.2243 -1.5379 0.5122
Car -1 -1 2.1339 170.9995 785.5652 335.3840 869.0215 1.5258 1.7559 4.3217 -18.0088 5.8796 38.2708 1.6955 0.4689
