Pedestrian -1 -1 1.5816 1078.2794 765.4491 1121.7090 886.2913 1.7639 0.6486 0.6834 2.1460 3.9694 23.0875 1.6915 0.6639
Pedestrian -1 -1 1.3850 1149.8032 734.7340 1235.2407 950.5176 1.8190 0.6541 0.6489 2.0420 2.8172 13.2650 1.5645 0.6598
Pedestrian -1 -1 1.4128 1126.9075 754.2557 1196.0216 934.8484 1.7337 0.6122 0.6446 2.0196 3.0714 15.1422 1.5684 0.4524
Cyclist -1 -1 -1.4810 926.3660 759.8547 999.9694 908.0144 1.7528 0.8186 1.8677 0.0477 3.6844 20.4327 -1.4669 0.5326
Car -1 -1 -1.3212 435.2828 763.8273 756.2289 1024.0636 1.5268 1.7773 3.5540 -2.8570 2.8508 12.4656 -1.5614 0.9618
Car -1 -1 -1.4521 741.8726 772.8550 870.9455 890.9130 1.5514 1.7957 4.0459 -2.6916 4.4078 26.8253 -1.5445 0.9582
Car -1 -1 -1.3698 654.8773 772.0724 839.6163 923.4847 1.4880 1.7570 3.5908 -2.7758 3.6525 20.1433 -1.5041 0.9567
Car -1 -1 -1.5106 853.5050 777.7218 918.1412 843.2904 1.5972 1.7775 3.9557 -2.3661 6.6797 47.7368 -1.5484 0.9207
Car -1 -1 2.0962 49.9836 774.2591 247.0016 873.5557 1.4525 1.6667 4.0926 -16.2606 4.6717 30.1638 1.5972 0.8514
Car -1 -1 -0.3988 0.0000 639.2070 400.2036 1216.0000 1.5296 1.7785 4.1252 -2.8577 1.5771 2.8374 -1.4925 0.8497
Car -1 -1 2.0529 206.6081 776.4801 359.6108 860.4323 1.4967 1.6673 4.0930 -16.3631 5.3891 36.3085 1.6300 0.4074
