Pedestrian -1 -1 1.4353 1096.7462 754.7008 1153.8215 896.0333 1.8348 0.6915 0.7940 2.2460 3.6530 20.5479 1.5629 0.6662
Pedestrian -1 -1 1.3909 1182.2867 744.4700 1270.0500 964.8926 1.7433 0.6256 0.7323 2.2221 2.7812 12.6069 1.5953 0.6045
Pedestrian -1 -1 1.3319 1198.4072 717.1331 1306.2039 990.0240 1.8593 0.6317 0.7155 2.0881 2.5474 10.7952 1.5585 0.4344
Cyclist -1 -1 -1.5106 940.4214 761.2751 1004.5684 904.3890 1.7220 0.7573 1.8298 0.1745 3.6987 20.7329 -1.4900 0.5212
Car -1 -1 -1.3458 628.1703 765.0826 832.9546 930.0099 1.4894 1.7349 3.4616 -2.7171 3.3775 18.3477 -1.4923 0.9663
Car -1 -1 -1.2835 331.7332 750.9293 723.4934 1052.8684 1.4922 1.7577 3.5910 -2.8633 2.5440 10.6850 -1.5708 0.9629
Car -1 -1 -1.4123 720.2869 768.1704 867.1179 894.8837 1.5456 1.7843 4.0410 -2.7033 4.1377 24.9871 -1.5135 0.9625
Car -1 -1 2.0839 9.3047 765.0234 214.4687 866.0977 1.4214 1.6736 3.9909 -16.0951 4.2868 28.5794 1.5644 0.9423
Car -1 -1 -1.4311 818.7416 769.7134 909.4114 849.0574 1.5877 1.8108 3.8402 -2.4912 5.5751 39.1850 -1.4839 0.9366
Car -1 -1 -1.4852 849.0812 772.2689 918.3157 839.0654 1.5646 1.7435 3.8940 -2.3304 6.2712 45.7745 -1.5246 0.8508
Car -1 -1 -1.4061 764.0615 776.1288 870.2636 865.6575 1.5099 1.7643 3.3279 -3.1034 5.0007 32.7902 -1.4915 0.3880
