Pedestrian -1 -1 1.3641 1120.3877 754.3429 1186.0848 911.5316 1.7764 0.6706 0.6249 2.2756 3.3440 17.7780 1.5124 0.7496
Pedestrian -1 -1 1.1959 1296.5360 702.5667 1457.1708 1055.0981 1.7921 0.6256 0.8138 2.2604 2.2404 8.2096 1.5221 0.6461
Pedestrian -1 -1 1.3452 1236.0353 736.8400 1349.3265 1006.8207 1.7332 0.6358 0.7347 2.2662 2.5318 10.2907 1.6022 0.5201
Pedestrian -1 -1 1.4663 1038.5533 781.1507 1059.2096 837.2053 1.7302 0.6143 0.5702 2.8158 6.7864 48.0967 1.5391 0.4151
Cyclist -1 -1 -1.5514 942.6973 757.6655 1009.9445 902.9667 1.7578 0.8754 1.9233 0.2311 3.6968 20.8607 -1.5279 0.5126
Car -1 -1 -1.3205 580.1705 761.0718 821.9382 953.7649 1.5301 1.7528 3.6271 -2.7159 3.1960 16.4136 -1.4870 0.9656
Car -1 -1 -1.4088 700.2440 766.1816 863.4956 906.6888 1.5597 1.8072 4.1241 -2.6428 3.9265 22.9447 -1.5181 0.9624
Car -1 -1 -1.1681 152.5624 740.8347 701.0732 1126.2469 1.4708 1.7383 3.6500 -2.7812 2.2895 8.6953 -1.5211 0.9615
Car -1 -1 -1.4064 807.3440 767.7054 906.5390 853.8217 1.6401 1.8096 3.8986 -2.5387 5.3930 37.2644 -1.4640 0.9299
Car -1 -1 2.1474 0.0000 764.3699 178.4712 879.2778 1.4750 1.7033 4.3236 -15.9980 4.1674 26.6843 1.5986 0.9126
Car -1 -1 -1.5159 845.0720 772.0936 913.6022 841.3991 1.5387 1.7423 4.1064 -2.3658 6.0761 44.0337 -1.5582 0.7977
Car -1 -1 2.0644 360.5978 763.4369 497.8473 835.7881 1.5169 1.8401 4.2401 -14.9113 5.6303 42.1636 1.7283 0.4702
