Pedestrian -1 -1 1.2269 1300.4393 725.3621 1444.3245 1046.5428 1.6881 0.6014 0.7305 2.3097 2.2817 8.4645 1.5488 0.7365
Pedestrian -1 -1 1.1711 1384.6117 673.7766 1593.4768 1128.1050 1.8234 0.6162 0.8851 2.2794 2.0521 6.5475 1.5916 0.7300
Pedestrian -1 -1 1.3467 1137.9800 745.6389 1217.3450 922.3981 1.7653 0.6916 0.7928 2.2935 3.0842 15.9191 1.5132 0.6482
Cyclist -1 -1 -1.5051 956.0558 757.9163 1028.9545 900.8401 1.7074 0.8602 1.8597 0.4525 3.6290 20.6357 -1.4701 0.5254
Cyclist -1 -1 1.1616 1385.1548 673.5045 1598.6722 1127.5481 1.8112 0.6151 0.9205 2.2837 2.0386 6.5293 1.5841 0.1364
Car -1 -1 -1.0956 0.0000 714.9329 671.7201 1174.4880 1.4736 1.7319 3.6756 -2.7500 2.0336 7.4172 -1.5144 0.9691
Car -1 -1 -1.2989 539.7577 752.5186 810.2892 963.0910 1.5320 1.7520 3.6122 -2.7208 2.9746 15.0286 -1.4839 0.9636
Car -1 -1 -1.3944 684.5884 761.7499 860.2972 906.5908 1.5035 1.7878 4.1701 -2.6202 3.6842 21.6941 -1.5102 0.9623
Car -1 -1 -1.5533 843.8829 768.0609 909.3275 838.7579 1.5256 1.7396 4.0148 -2.3631 5.7908 42.5233 -1.5977 0.8510
Car -1 -1 -1.4241 803.2567 763.9445 904.3179 850.5834 1.5885 1.8279 3.9673 -2.5286 5.1336 36.0722 -1.4840 0.8205
Car -1 -1 1.9789 0.0000 751.1110 98.6524 865.1349 1.3894 1.6793 4.0452 -16.1808 3.6879 25.0955 1.3943 0.7072
