Pedestrian -1 -1 1.3175 1227.3921 735.1475 1339.2170 993.9495 1.7322 0.6368 0.7485 2.2912 2.5491 10.7050 1.5667 0.7207
Pedestrian -1 -1 1.3904 1115.9606 754.2297 1180.5250 907.8246 1.7664 0.6757 0.6976 2.2640 3.3687 18.1665 1.5351 0.6432
Pedestrian -1 -1 1.2234 1284.4442 700.5201 1436.2094 1038.7600 1.8100 0.6455 0.7656 2.2686 2.2634 8.5724 1.5359 0.5304
Cyclist -1 -1 -1.5377 941.3532 754.5927 1009.2577 903.2348 1.7945 0.8544 1.9436 0.2165 3.6832 20.7836 -1.5150 0.4964
Car -1 -1 -1.1865 191.8881 740.0530 704.2095 1106.9852 1.4853 1.7377 3.5635 -2.7946 2.3193 9.0126 -1.5271 0.9644
Car -1 -1 -1.3333 590.2350 759.3640 825.6747 949.6307 1.5358 1.7524 3.6417 -2.6764 3.1989 16.6133 -1.4951 0.9615
Car -1 -1 -1.4174 706.5090 764.2250 864.9484 902.2871 1.5687 1.8083 4.1032 -2.6293 3.9348 23.3049 -1.5241 0.9613
Car -1 -1 -1.4056 810.2021 769.0945 907.6968 853.2831 1.6081 1.7841 3.8989 -2.5106 5.4270 37.5704 -1.4619 0.9275
Car -1 -1 2.1262 0.0000 762.5000 174.3800 874.2736 1.4746 1.6628 4.1568 -16.1172 4.1460 26.9476 1.5786 0.9140
Car -1 -1 -1.5126 845.6787 774.1735 913.7360 842.7463 1.5416 1.7373 3.9507 -2.3699 6.1592 44.2697 -1.5547 0.8820
