Pedestrian -1 -1 1.4807 1106.1211 754.2289 1164.5015 901.5845 1.8021 0.6989 0.7835 2.2510 3.5160 19.4105 1.6157 0.7416
Pedestrian -1 -1 1.4039 1199.6628 746.5311 1293.9154 977.7509 1.6874 0.6258 0.8089 2.2352 2.6795 11.7770 1.6243 0.5654
Pedestrian -1 -1 1.2939 1225.1621 715.6707 1353.5891 1011.7829 1.8150 0.6593 0.7717 2.1338 2.4337 9.8000 1.5498 0.4795
Pedestrian -1 -1 1.5437 1036.6802 781.4930 1055.0363 835.6143 1.7204 0.5993 0.5436 2.7963 6.9303 49.4688 1.6145 0.4461
Cyclist -1 -1 -1.5136 940.3484 753.6551 1007.4252 904.1124 1.8136 0.7959 1.8784 0.1945 3.6750 20.6506 -1.4919 0.4941
Car -1 -1 -1.2383 276.9931 747.4095 719.7257 1077.4763 1.4892 1.7500 3.5510 -2.7983 2.4456 9.8783 -1.5455 0.9674
Car -1 -1 -1.3346 610.1738 762.4711 829.1684 936.7535 1.5016 1.7498 3.5162 -2.7185 3.2874 17.5884 -1.4886 0.9642
Car -1 -1 -1.4159 714.4958 766.8201 864.6676 896.9586 1.5432 1.7846 4.0053 -2.6848 4.0378 24.2401 -1.5201 0.9612
Car -1 -1 2.1188 0.0000 761.4554 199.8774 869.0980 1.4923 1.7227 4.0596 -16.1577 4.2324 27.9624 1.5875 0.9319
Car -1 -1 -1.4306 815.8190 773.1551 905.8030 853.2355 1.5734 1.7646 3.7126 -2.5285 5.5744 38.4335 -1.4856 0.9304
Car -1 -1 -1.4918 848.5621 774.3160 917.5675 841.6223 1.5392 1.7266 3.9934 -2.3205 6.2618 45.2368 -1.5315 0.8748
