Pedestrian -1 -1 1.3888 1145.4724 744.2365 1224.5364 925.6401 1.7566 0.6876 0.8086 2.2971 3.0201 15.4252 1.5608 0.7183
Pedestrian -1 -1 1.0630 1413.8191 653.9424 1663.9741 1151.4558 1.8280 0.6175 0.9346 2.2918 1.9545 6.0316 1.5256 0.6219
Pedestrian -1 -1 1.2237 1325.6556 724.9208 1481.3326 1066.5135 1.6835 0.6158 0.7117 2.3279 2.2381 7.9348 1.5712 0.6104
Pedestrian -1 -1 1.4466 1043.3783 778.3382 1065.1681 834.2015 1.6362 0.6083 0.5405 2.8369 6.3491 45.6482 1.5231 0.4225
Cyclist -1 -1 -1.5079 956.4028 752.9803 1030.8818 898.3920 1.7176 0.8719 1.8864 0.4633 3.5468 20.3756 -1.4721 0.5219
Cyclist -1 -1 1.0513 1409.2501 657.6179 1663.3219 1152.4011 1.8199 0.6179 0.9656 2.2934 1.9636 6.0671 1.5112 0.1346
Cyclist -1 -1 1.3873 1145.8739 744.8086 1225.3823 926.4246 1.7482 0.6821 0.8545 2.2984 3.0172 15.3953 1.5598 0.1039
Car -1 -1 -1.0637 0.0000 714.7032 656.0388 1216.0000 1.4647 1.7416 3.6867 -2.7514 1.9943 6.9302 -1.5156 0.9714
Car -1 -1 -1.2716 517.7698 747.8519 807.3961 968.3075 1.5422 1.7425 3.6603 -2.7300 2.8921 14.5061 -1.4650 0.9699
Car -1 -1 -1.3829 676.9572 758.3939 858.5823 906.7901 1.5149 1.7795 4.0980 -2.6174 3.5916 21.1591 -1.5021 0.9633
Car -1 -1 -1.4298 805.1085 761.8516 905.9086 849.4471 1.5964 1.8198 3.9036 -2.4541 5.0409 35.5911 -1.4885 0.8518
Car -1 -1 -1.5446 843.8187 767.3652 910.2471 838.3782 1.5180 1.7148 4.0184 -2.3273 5.7229 42.1136 -1.5887 0.7485
Car -1 -1 2.0832 0.0000 749.2488 88.4884 854.8427 1.4182 1.7283 4.4622 -18.2351 3.9183 27.7744 1.4930 0.4477
Car -1 -1 -1.3951 737.2960 758.2978 864.3808 864.8510 1.6143 1.8315 3.6472 -3.0669 4.3947 29.2792 -1.4918 0.3735
