Pedestrian -1 -1 1.4341 1103.2437 750.5875 1163.4170 898.4153 1.8485 0.7044 0.7581 2.2620 3.5385 19.7267 1.5676 0.7050
Pedestrian -1 -1 1.3857 1192.4175 739.9419 1287.7870 973.5534 1.7403 0.6353 0.7870 2.2135 2.6899 11.9406 1.6011 0.5741
Pedestrian -1 -1 1.3037 1215.0394 710.2307 1333.0204 998.8641 1.8397 0.6302 0.7433 2.1052 2.4396 10.1348 1.5476 0.4034
Cyclist -1 -1 -1.4963 941.2437 757.2312 1008.5218 903.8523 1.7522 0.7665 1.8185 0.2062 3.6509 20.5141 -1.4740 0.5131
Car -1 -1 -1.2551 292.3690 746.3363 718.0965 1066.1864 1.4783 1.7429 3.5338 -2.8115 2.4379 10.0393 -1.5583 0.9648
Car -1 -1 -1.3281 612.1553 761.9747 829.6758 933.1796 1.4893 1.7397 3.5024 -2.7314 3.2832 17.7487 -1.4813 0.9646
Car -1 -1 -1.4139 715.0509 766.2222 863.1761 895.4665 1.5498 1.7661 3.9511 -2.7096 4.0432 24.3663 -1.5186 0.9619
Car -1 -1 2.1213 0.0000 762.4346 205.1029 869.3301 1.4784 1.7166 4.1280 -16.1576 4.2565 28.1238 1.5926 0.9435
Car -1 -1 -1.4148 815.1490 769.4784 907.8417 850.3485 1.6042 1.7863 3.7372 -2.5196 5.5231 38.5853 -1.4693 0.9360
Car -1 -1 -1.4799 847.3253 770.6357 919.8499 839.1664 1.5763 1.7842 4.0809 -2.3072 6.1982 45.3435 -1.5193 0.9115
