Pedestrian -1 -1 1.3708 1127.2721 750.3488 1195.3422 913.5602 1.7827 0.6763 0.6075 2.2866 3.2476 17.1434 1.5252 0.7637
Pedestrian -1 -1 1.2662 1261.8752 728.8997 1393.7676 1022.4420 1.7294 0.6309 0.7926 2.3109 2.4180 9.4982 1.5510 0.6583
Pedestrian -1 -1 1.1812 1327.4078 689.1293 1500.7822 1069.9379 1.8033 0.6252 0.7912 2.2862 2.1482 7.6241 1.5384 0.6010
Cyclist -1 -1 -1.5248 946.1617 758.5504 1018.2868 905.7418 1.7559 0.8816 1.9018 0.3107 3.6847 20.6015 -1.4971 0.5364
Car -1 -1 -1.1430 99.3880 735.5590 688.8671 1137.2242 1.4350 1.7115 3.6332 -2.7712 2.1813 8.2265 -1.5179 0.9659
Car -1 -1 -1.3200 566.5031 759.8527 818.6613 960.7614 1.5320 1.7575 3.6794 -2.7013 3.1352 15.8629 -1.4923 0.9659
Car -1 -1 -1.4037 693.8286 764.8988 864.7532 908.9926 1.5678 1.8530 4.1227 -2.6211 3.8701 22.4819 -1.5147 0.9645
Car -1 -1 -1.4405 808.6175 769.0335 902.9447 854.3920 1.6172 1.8025 3.7501 -2.5391 5.3509 36.8027 -1.4991 0.9088
Car -1 -1 -1.5231 844.6326 772.6666 913.8276 843.7256 1.5578 1.7637 4.1454 -2.3388 6.0617 43.5029 -1.5654 0.8464
Car -1 -1 2.1258 0.0000 761.5292 150.4530 876.3099 1.4400 1.6332 4.2123 -15.9901 3.9998 25.9044 1.5628 0.7393
