Pedestrian -1 -1 1.3538 1209.9797 725.0699 1319.3120 977.0679 1.7596 0.6867 0.6310 2.2238 2.5193 11.0199 1.5890 0.6750
Pedestrian -1 -1 0.9379 1625.0792 612.8385 1936.0000 1216.0000 1.7420 0.6512 0.6933 2.2029 1.7133 3.9247 1.6549 0.6487
Pedestrian -1 -1 1.4331 1037.5270 778.8676 1062.6671 842.5778 1.7010 0.6342 0.5750 2.4757 6.0280 41.7196 1.5068 0.4919
Cyclist -1 -1 -1.4915 961.1300 764.3241 1036.4175 909.8013 1.7236 0.8639 1.8793 0.5385 3.7349 20.5886 -1.4519 0.5641
Car -1 -1 -1.2852 373.4632 746.7299 749.1003 1047.5244 1.5865 1.7710 3.6804 -2.7815 2.6549 11.2539 -1.5483 0.9662
Car -1 -1 -1.3505 606.8699 761.1364 834.5736 942.8428 1.5423 1.8223 4.0315 -2.7272 3.3598 17.8766 -1.5020 0.9655
Car -1 -1 -0.6256 0.0000 637.0385 477.4586 1216.0000 1.6004 1.8681 4.3504 -2.7677 1.6459 3.4141 -1.5572 0.9253
Car -1 -1 -1.4412 780.0835 765.3477 892.1752 866.7789 1.6612 1.8626 3.9330 -2.6142 4.8650 32.0952 -1.5131 0.9145
Car -1 -1 -1.4231 815.4813 771.2766 905.3503 850.3428 1.5531 1.7345 3.8243 -2.5556 5.5359 38.7056 -1.4784 0.7287
Car -1 -1 -1.4762 831.8916 775.7865 903.0884 840.8170 1.4719 1.7236 3.4846 -2.7112 6.0787 43.8798 -1.5267 0.4256
