Pedestrian -1 -1 1.3656 1196.2412 727.3577 1293.5742 956.2608 1.7541 0.6695 0.6584 2.2826 2.6054 12.0921 1.5844 0.7087
Pedestrian -1 -1 0.9949 1510.1761 664.3999 1799.6445 1216.0000 1.7259 0.6141 0.7484 2.2776 1.8676 4.9880 1.5616 0.5476
Pedestrian -1 -1 1.4598 1039.5204 778.4130 1063.2046 839.1279 1.6608 0.6216 0.5985 2.5753 6.0849 42.7866 1.5343 0.4730
Pedestrian -1 -1 0.6719 1669.5833 657.2065 1936.0000 1216.0000 1.6436 0.6004 0.6230 2.0751 1.7246 3.4052 1.4714 0.3909
Cyclist -1 -1 -1.5241 961.1874 756.2556 1034.5283 900.6603 1.7293 0.8998 1.8866 0.5277 3.6306 20.6670 -1.4853 0.5541
Car -1 -1 -1.3648 630.5198 758.9285 839.0274 924.6779 1.4956 1.7955 3.9156 -2.7087 3.3570 18.7572 -1.5072 0.9677
Car -1 -1 -1.3068 428.9653 745.6896 767.9541 1016.9740 1.5487 1.7528 3.7367 -2.7294 2.6797 12.1119 -1.5445 0.9671
Car -1 -1 -0.8086 0.0000 670.1113 529.7330 1216.0000 1.5274 1.7905 4.1557 -2.7696 1.7215 4.3299 -1.5568 0.9615
Car -1 -1 -1.4554 790.0547 763.0447 896.7491 859.0884 1.6202 1.8655 3.9603 -2.5376 4.8621 33.0705 -1.5225 0.9400
Car -1 -1 -1.5109 833.4511 764.7859 908.6387 840.4653 1.5479 1.7177 3.8226 -2.3421 5.4328 39.6104 -1.5592 0.6276
Car -1 -1 2.1645 0.0000 744.1716 164.7592 843.5395 1.4784 1.7552 4.2888 -17.8914 4.0183 29.6651 1.6146 0.4522
