Pedestrian -1 -1 1.3245 1201.9276 726.0455 1305.6849 966.2002 1.7699 0.6601 0.7116 2.2745 2.5850 11.6892 1.5504 0.7845
Pedestrian -1 -1 1.4795 1039.3419 782.1741 1062.2421 843.0870 1.6533 0.6061 0.5613 2.5331 6.1375 42.3518 1.5537 0.4949
Pedestrian -1 -1 0.9363 1551.2988 644.5952 1883.0334 1216.0000 1.7257 0.6506 0.6565 2.2069 1.7885 4.4377 1.5647 0.4518
Cyclist -1 -1 -1.5439 962.5402 760.8200 1032.3042 904.8111 1.7220 0.8877 1.8880 0.5214 3.6907 20.6886 -1.5054 0.5441
Car -1 -1 -1.3536 617.6820 760.1572 835.7457 934.8198 1.5383 1.8118 3.8744 -2.7272 3.3701 18.2568 -1.5015 0.9616
Car -1 -1 -1.2956 407.8638 748.1013 760.3751 1032.9066 1.5654 1.7422 3.6615 -2.7321 2.6801 11.6773 -1.5435 0.9616
Car -1 -1 -0.7095 0.0000 653.8865 497.2179 1216.0000 1.5819 1.8027 4.0600 -2.7799 1.6968 3.8723 -1.5436 0.9412
Car -1 -1 -1.4075 782.3272 765.7198 898.7741 866.4381 1.6595 1.8567 3.9906 -2.5507 4.9165 32.5137 -1.4762 0.9377
Car -1 -1 -1.4504 820.7980 773.2113 907.5357 849.5549 1.5016 1.7695 3.8643 -2.4863 5.5789 39.1242 -1.5031 0.9117
Car -1 -1 -1.4775 835.5967 777.6957 907.7901 841.8535 1.4630 1.7833 3.5583 -2.6283 6.2035 44.5782 -1.5251 0.7751
