Pedestrian -1 -1 -1.2719 490.8588 786.9089 520.0317 856.8668 1.7052 0.5713 0.5489 -11.5826 5.8529 38.0088 -1.5633 0.1561
Pedestrian -1 -1 -1.2205 497.4748 787.3438 526.9563 856.9100 1.7205 0.5799 0.5323 -11.5871 5.9439 38.5959 -1.5074 0.1270
Pedestrian -1 -1 -1.2473 543.4510 791.1476 571.4900 855.7769 1.6882 0.5920 0.5560 -11.0381 6.2668 40.8881 -1.5049 0.1209
Pedestrian -1 -1 -1.1189 505.6462 790.0858 535.4298 855.9903 1.7004 0.5869 0.5617 -11.9482 6.2156 40.5493 -1.3999 0.1195
Pedestrian -1 -1 -1.0879 528.0001 790.3909 557.9174 855.0215 1.7033 0.6039 0.5673 -11.6074 6.3341 41.5040 -1.3545 0.1143
Cyclist -1 -1 -1.2078 510.1033 768.5449 594.5156 875.6382 1.7957 0.8952 2.0877 -7.9197 4.6913 29.0628 -1.4722 0.2582
Cyclist -1 -1 1.4039 1427.5261 776.7034 1490.0778 893.3387 1.6506 0.7234 1.9238 8.2322 4.2716 24.8078 1.7521 0.1482
Car -1 -1 -1.1789 125.5137 748.3173 623.1809 1069.1694 1.4421 1.8248 3.9617 -3.6907 2.4514 10.2403 -1.5621 0.9679
Car -1 -1 3.2434 614.9651 800.9019 743.8019 858.0546 1.4977 1.8054 3.7704 -8.7461 7.1090 46.6376 3.0671 0.1565
Car -1 -1 0.6441 0.0000 768.1558 54.4670 846.2933 1.7089 1.9280 4.4764 -25.6422 5.4190 37.6664 0.0446 0.1491
