Pedestrian -1 -1 1.4379 1661.8832 812.1867 1702.3326 889.4073 1.6724 0.7765 0.8828 17.1435 6.1970 35.5819 1.9122 0.3590
Cyclist -1 -1 2.1274 717.3195 782.0100 875.2927 980.6389 1.7021 0.7403 1.8606 -1.6624 3.4243 15.3935 2.0216 0.4910
Cyclist -1 -1 -0.9937 638.5373 789.4247 744.3384 923.4309 1.6769 0.6105 1.8762 -3.9630 4.2174 22.1095 -1.1689 0.4703
Cyclist -1 -1 -1.7900 1556.9260 805.5527 1593.4825 869.5925 1.8308 0.7462 1.9840 20.3870 7.9599 49.6916 -1.3803 0.3598
Cyclist -1 -1 1.4505 1657.0580 815.1298 1697.8733 892.0227 1.6578 0.7914 0.9761 17.1262 6.2846 35.7779 1.9221 0.1454
Car -1 -1 1.8292 950.2053 805.3113 1094.2692 916.0045 1.4559 1.7380 4.2849 1.2874 5.2924 29.4942 1.8873 0.9582
Car -1 -1 1.9199 822.7811 791.9009 1020.1537 931.8978 1.5197 1.7483 4.3613 -0.5270 4.4821 24.1805 1.9093 0.9566
Car -1 -1 1.9915 668.4778 794.5811 919.8419 963.2833 1.4801 1.7444 4.1296 -2.0768 3.9860 19.8505 1.8924 0.9392
Car -1 -1 2.5860 0.0000 747.2293 318.6957 1194.4001 1.5238 1.8148 4.4288 -6.1369 2.4386 8.7936 1.9086 0.8882
Car -1 -1 -1.5381 1370.9124 806.5797 1448.4886 884.2709 1.5444 1.9020 4.1896 12.8602 7.0160 42.7450 -1.2258 0.2929
