Pedestrian -1 -1 -1.4184 512.9031 787.0641 538.7732 846.5833 1.8115 0.6972 0.6832 -13.9671 7.0560 47.9805 -1.6945 0.6142
Pedestrian -1 -1 1.6554 230.1178 772.9302 280.2006 879.6678 1.8016 0.7615 0.7918 -12.8097 4.5389 27.1475 1.2094 0.5807
Pedestrian -1 -1 1.7344 281.8781 775.1439 330.7021 876.4698 1.7686 0.7315 0.6805 -12.1567 4.6011 27.7720 1.3179 0.5427
Pedestrian -1 -1 1.5992 1155.1735 786.5302 1179.4829 852.9108 1.7434 0.6395 0.6170 5.7060 6.2567 41.3971 1.7528 0.4314
Pedestrian -1 -1 -1.3582 490.4165 790.8657 515.8013 847.4418 1.7263 0.6622 0.5988 -14.6595 7.0737 47.8583 -1.6485 0.4258
Pedestrian -1 -1 1.6767 492.7856 799.9371 513.9839 847.4215 1.4936 0.6158 0.5615 -15.2519 7.3639 49.8207 1.3869 0.2690
Cyclist -1 -1 3.2271 124.4276 770.5252 253.3888 881.9378 1.7719 0.8151 1.9734 -13.6647 4.4283 26.5212 2.7446 0.4767
Cyclist -1 -1 -1.7497 1172.5503 763.1485 1228.2731 867.0659 1.7645 0.7658 1.9324 4.6087 4.5287 28.9331 -1.5726 0.4573
Cyclist -1 -1 1.6417 975.1108 779.4822 1006.9888 848.8844 1.8170 0.7885 2.0062 0.9026 6.5574 44.8192 1.6753 0.3563
Car -1 -1 -1.6854 786.0596 781.8563 864.9122 856.2654 1.6469 1.9314 4.4224 -4.1744 6.6592 45.3987 -1.7663 0.4193
