Pedestrian -1 -1 1.6447 307.4329 768.2262 346.8411 860.2534 1.7384 0.6802 0.7288 -12.7663 4.6688 30.1205 1.2415 0.5008
Pedestrian -1 -1 -1.3593 542.2027 778.1666 567.1679 835.5225 1.8407 0.6827 0.6514 -13.6338 7.0162 50.1570 -1.6171 0.4961
Pedestrian -1 -1 1.4989 978.9334 779.4194 999.7080 835.4643 1.7254 0.6334 0.6209 0.9009 6.7331 48.1415 1.5310 0.4772
Pedestrian -1 -1 1.7282 349.4785 768.7540 389.5701 857.1718 1.7322 0.6790 0.6494 -12.2463 4.7483 30.9621 1.3504 0.4413
Pedestrian -1 -1 1.8547 258.2881 765.7877 310.8312 858.3706 1.7170 0.7348 0.8851 -13.4394 4.5631 29.7188 1.4267 0.4129
Pedestrian -1 -1 1.6816 1153.6879 776.3835 1178.2416 833.8406 1.6103 0.6535 0.5439 6.0366 6.1120 44.0925 1.8340 0.3835
Cyclist -1 -1 -1.7915 1170.2913 756.6954 1232.3778 853.3809 1.7185 0.8643 1.9687 4.8463 4.4785 30.3148 -1.6142 0.4875
Cyclist -1 -1 2.1486 246.8850 760.5285 318.4241 854.2574 1.7138 0.8253 1.1070 -13.4720 4.4639 29.7139 1.7194 0.1276
Car -1 -1 -1.5187 852.0719 759.7264 949.6689 855.1262 1.5823 1.8696 4.0510 -1.2530 4.7098 32.6407 -1.5462 0.6184
Car -1 -1 -1.8213 823.0480 768.5121 925.2283 848.3482 1.7644 1.9822 4.7556 -2.6802 6.3167 44.8390 -1.8696 0.2712
