Pedestrian -1 -1 1.6686 367.2530 769.1055 403.7933 857.0720 1.7516 0.6547 0.7144 -12.1698 4.8427 31.6238 1.3007 0.6218
Pedestrian -1 -1 1.5333 328.1548 766.9113 363.6734 856.0497 1.7274 0.6515 0.7568 -12.7535 4.7157 30.9882 1.1413 0.5531
Pedestrian -1 -1 1.5936 1150.4965 780.4957 1173.0582 836.2253 1.5949 0.6512 0.5583 6.0318 6.3089 44.9758 1.7432 0.5032
Pedestrian -1 -1 -1.4329 547.5952 781.2037 569.0920 833.2731 1.6904 0.6295 0.5642 -13.6766 7.0299 50.7691 -1.6884 0.3728
Pedestrian -1 -1 1.4582 977.9962 779.4191 1000.4793 833.9048 1.6953 0.6709 0.7027 0.9148 6.8023 49.0479 1.4902 0.2821
Pedestrian -1 -1 1.2901 276.6149 763.4885 330.1100 855.0789 1.7064 0.6985 1.1835 -13.4624 4.6043 30.5916 0.8729 0.1888
Cyclist -1 -1 -1.8378 1162.6233 757.5523 1226.0776 855.4821 1.7547 0.8247 1.9536 4.7410 4.5540 30.5461 -1.6652 0.4667
Cyclist -1 -1 2.6652 255.1116 764.5060 342.1716 857.8943 1.7009 0.7606 1.4289 -13.4657 4.6142 30.4114 2.2456 0.1993
Car -1 -1 -1.7918 817.5305 767.6393 914.8138 848.3956 1.8305 2.0085 4.6704 -2.9467 6.3975 45.3264 -1.8454 0.4114
Car -1 -1 -1.5095 853.7924 761.9825 951.5792 856.2303 1.5884 1.8781 4.0721 -1.2386 4.8294 33.2873 -1.5357 0.4050
