Pedestrian -1 -1 1.7607 154.8949 778.8509 213.6835 891.0544 1.6271 0.7060 0.6477 -12.0634 4.0616 23.2342 1.2716 0.6052
Pedestrian -1 -1 1.9762 71.4238 772.0671 144.1267 888.5754 1.6425 0.7095 0.7804 -12.8904 3.9095 22.6045 1.4456 0.5162
Pedestrian -1 -1 1.5630 1174.4468 799.1602 1199.0437 868.3562 1.6074 0.5901 0.5303 5.5204 5.9086 36.6026 1.7303 0.4421
Pedestrian -1 -1 1.7132 443.3423 802.1497 468.2042 855.7816 1.5504 0.6425 0.5857 -15.4970 7.0263 45.8548 1.3935 0.4163
Pedestrian -1 -1 2.0328 0.0000 774.8774 71.6651 892.1256 1.6053 0.6170 0.8382 -13.6611 3.8643 22.0745 1.4647 0.4080
Pedestrian -1 -1 -1.3471 463.4859 791.6343 490.3113 853.4387 1.7699 0.6409 0.6323 -14.5759 6.8266 45.0113 -1.6541 0.3226
Pedestrian -1 -1 3.3972 0.0000 787.4124 70.3687 900.0151 1.6347 0.7136 0.8676 -14.6128 4.2449 23.5468 2.8304 0.3194
Pedestrian -1 -1 -1.5987 441.7121 797.1246 465.1682 857.4975 1.6973 0.6509 0.6126 -15.1874 6.8935 44.7199 -1.9202 0.3044
Cyclist -1 -1 -1.8168 1165.8650 779.6683 1229.9143 885.9063 1.6786 0.7579 1.8603 4.3104 4.6095 27.3648 -1.6411 0.5108
Cyclist -1 -1 1.4002 963.4711 786.5486 1006.6102 864.1917 1.7728 0.8299 2.0899 0.6183 6.1920 39.7896 1.4291 0.3738
Car -1 -1 1.7115 584.9654 794.3036 666.7883 863.5330 1.4940 1.7930 3.8389 -9.7986 6.6947 43.9316 1.4999 0.8460
Car -1 -1 3.4923 0.0000 779.9568 214.5130 889.3380 1.3703 1.6000 3.7100 -13.7944 3.8899 23.1491 2.9425 0.2712
