Pedestrian -1 -1 1.3105 130.1676 770.8816 198.8582 891.8532 1.7751 0.7668 0.8639 -12.7423 4.1659 23.9145 0.8113 0.5465
Pedestrian -1 -1 -1.3500 471.4967 798.8563 500.7565 861.8935 1.8333 0.7189 0.6915 -14.5886 7.2193 45.9275 -1.6509 0.5418
Pedestrian -1 -1 1.8030 197.7838 783.6056 254.7338 893.6384 1.7021 0.7216 0.6200 -12.0970 4.3566 24.6276 1.3388 0.5046
Pedestrian -1 -1 1.5955 467.5289 804.1308 490.0758 860.6545 1.6877 0.6623 0.6175 -15.3228 7.4277 47.5038 1.2905 0.2851
Pedestrian -1 -1 1.5922 1164.3896 796.3442 1190.6705 868.5588 1.7310 0.6362 0.6137 5.4848 6.1189 37.9138 1.7531 0.2717
Cyclist -1 -1 1.3910 963.6047 791.0804 1006.0704 864.3714 1.7533 0.8568 2.0500 0.6443 6.5115 41.7404 1.4198 0.4328
Cyclist -1 -1 -1.7984 1164.8495 779.6959 1225.7823 885.1532 1.7176 0.7533 1.9213 4.3960 4.7392 28.2117 -1.6246 0.4271
Cyclist -1 -1 2.4323 102.9790 768.5779 210.5664 893.1573 1.7909 0.8865 1.2389 -12.8581 4.1607 23.9301 1.9295 0.1250
Car -1 -1 1.6984 604.6423 800.3508 681.3906 867.1791 1.5111 1.8114 3.9031 -9.8210 7.1899 46.3909 1.4984 0.7680
Car -1 -1 0.6424 0.0000 780.8235 248.9653 886.9532 1.4339 1.7560 3.8850 -14.0109 4.1024 24.5020 0.1129 0.6463
Car -1 -1 -1.5553 795.9490 774.3457 897.5967 884.7041 1.7092 1.9717 4.2444 -2.3299 5.0441 31.2025 -1.6202 0.5175
