Pedestrian -1 -1 1.6671 11.3102 766.2332 79.8201 899.9900 1.7281 0.7544 0.8743 -12.8857 3.7719 21.0650 1.1028 0.7387
Pedestrian -1 -1 1.7479 98.0204 772.4203 162.3836 898.2092 1.7085 0.7211 0.6514 -12.0743 3.8957 21.7437 1.2280 0.5365
Pedestrian -1 -1 1.7297 419.0221 801.5959 448.1805 859.1628 1.6006 0.7176 0.6532 -15.6347 6.8828 44.3208 1.3962 0.5306
Pedestrian -1 -1 -1.6380 421.5775 798.5865 447.6577 860.8864 1.6903 0.6753 0.6418 -15.2792 6.7785 43.3821 -1.9712 0.4519
Pedestrian -1 -1 1.5453 1181.9867 794.6698 1208.7493 871.0649 1.7022 0.6152 0.5586 5.4875 5.7203 35.0722 1.7184 0.4455
Pedestrian -1 -1 -1.2746 450.6890 794.5868 480.2271 856.1171 1.7247 0.6733 0.6083 -14.5645 6.7456 43.9385 -1.5889 0.3968
Pedestrian -1 -1 3.3746 26.6798 792.7316 72.0928 882.8978 1.6965 0.5929 0.6595 -18.2603 5.1017 29.9559 2.8224 0.2448
Cyclist -1 -1 -1.7597 1161.8898 774.8835 1220.5776 885.9791 1.7409 0.7372 1.8775 4.1231 4.5369 26.9322 -1.5884 0.4632
Cyclist -1 -1 1.3287 961.5106 793.6157 1009.6102 868.7307 1.6519 0.8526 1.7289 0.6054 6.0471 38.0228 1.3580 0.3588
Cyclist -1 -1 1.6851 9.1242 766.9018 79.7776 901.8708 1.7390 0.7611 0.9174 -12.9006 3.7943 21.0650 1.1204 0.1221
Car -1 -1 1.7537 557.8646 790.9335 648.7502 863.5192 1.5224 1.8057 3.6947 -9.9663 6.3810 41.8753 1.5271 0.8645
Car -1 -1 -1.5848 781.1204 772.9279 884.9183 886.4640 1.7455 1.9904 4.2100 -2.6558 5.0185 30.8786 -1.6614 0.3983
