Pedestrian -1 -1 1.6479 118.0408 775.6468 174.3231 893.6401 1.7042 0.7230 0.7576 -12.7228 4.1089 23.3599 1.1386 0.6013
Pedestrian -1 -1 1.7047 182.6998 783.9941 235.7258 894.3960 1.6519 0.6856 0.6364 -12.0547 4.2477 23.9853 1.2302 0.5927
Pedestrian -1 -1 1.5960 1169.5602 801.6383 1196.3873 871.6578 1.6530 0.6390 0.5419 5.5283 6.0973 37.2781 1.7606 0.5181
Pedestrian -1 -1 1.6559 460.6280 801.5256 482.9876 857.2002 1.6513 0.6174 0.5548 -15.3300 7.2243 46.8458 1.3463 0.5016
Pedestrian -1 -1 -1.4816 459.8307 793.4696 484.4448 854.4823 1.7548 0.6537 0.6467 -14.8913 6.9316 45.5380 -1.7914 0.4321
Cyclist -1 -1 -1.7808 1166.5063 781.2112 1228.5256 887.5569 1.7121 0.7939 1.9085 4.3860 4.7282 27.8877 -1.6055 0.4712
Cyclist -1 -1 1.2335 957.0544 788.1646 1009.1868 862.5748 1.7461 0.8236 2.0334 0.5841 6.3403 40.9865 1.2611 0.4252
Car -1 -1 1.7549 589.4363 796.9218 672.6255 864.6537 1.5196 1.7584 3.8242 -9.9501 6.9530 45.3014 1.5469 0.8654
Car -1 -1 0.5571 0.0000 780.8051 217.5357 882.7161 1.3987 1.6630 3.8779 -14.2719 3.9861 23.9696 0.0087 0.6222
Car -1 -1 -1.5160 789.5430 773.5988 897.3074 882.3954 1.7114 1.9906 4.3612 -2.4197 5.0822 31.7079 -1.5825 0.6092
