Pedestrian -1 -1 1.7443 0.0000 764.4014 51.9023 900.7410 1.7158 0.7123 0.8564 -12.9160 3.6730 20.4469 1.1641 0.7149
Pedestrian -1 -1 1.6968 403.7836 799.3443 435.4515 859.5405 1.6363 0.7806 0.7209 -15.7913 6.7744 43.6115 1.3546 0.5921
Pedestrian -1 -1 1.8118 59.2804 770.4157 128.6187 898.7419 1.6910 0.7179 0.6459 -12.2047 3.7806 21.0603 1.2719 0.5191
Pedestrian -1 -1 -1.3137 444.7381 794.3345 473.7037 856.6948 1.7249 0.6658 0.5925 -14.5662 6.6777 43.3978 -1.6320 0.4241
Pedestrian -1 -1 1.5704 1185.8407 785.3892 1214.0288 863.6552 1.7124 0.6311 0.5761 5.4997 5.4457 34.4481 1.7468 0.2946
Pedestrian -1 -1 3.3987 8.3008 796.2819 59.9646 885.9221 1.6562 0.6021 0.7408 -18.3130 5.0883 29.5497 2.8388 0.2688
Cyclist -1 -1 -1.7628 1158.9963 776.1691 1216.8174 885.7103 1.7115 0.7179 1.8605 4.0581 4.5270 26.8955 -1.5938 0.4675
Cyclist -1 -1 1.4883 958.9851 789.1809 998.0739 870.6793 1.7394 0.8310 2.1352 0.4180 5.9679 37.4014 1.5127 0.2712
Cyclist -1 -1 1.7557 0.0000 765.6469 52.1294 902.9146 1.7234 0.7180 0.8979 -12.9333 3.7012 20.4612 1.1754 0.1118
Car -1 -1 1.7179 551.6223 791.1780 640.1088 866.2622 1.5019 1.7679 3.7487 -9.8283 6.2164 40.4584 1.4862 0.8945
Car -1 -1 -1.5647 727.4304 797.7955 794.6686 876.5010 1.7087 1.8940 4.3248 -5.9372 7.1310 44.6419 -1.6868 0.3913
Car -1 -1 0.6949 0.0000 758.9549 150.5222 879.7742 1.4398 1.6490 3.9815 -13.8326 3.4209 21.0852 0.0972 0.2502
