Pedestrian -1 -1 1.6776 205.9989 775.8278 257.0565 880.9611 1.7377 0.7457 0.7051 -12.9222 4.4584 26.4975 1.2178 0.6057
Pedestrian -1 -1 1.7075 264.6261 780.6910 314.7390 882.7409 1.7318 0.7482 0.6522 -12.1534 4.5965 27.0783 1.2810 0.5342
Pedestrian -1 -1 -1.3558 500.8528 793.3380 529.5237 854.9125 1.8640 0.7357 0.7265 -14.2482 7.2892 47.7785 -1.6384 0.4868
Pedestrian -1 -1 -1.5146 472.4218 800.7400 497.3949 860.3862 1.7599 0.7063 0.6687 -14.9527 7.3290 46.9523 -1.8160 0.3029
Pedestrian -1 -1 1.5554 488.1213 802.4668 509.0619 854.1985 1.6020 0.6560 0.6177 -15.2874 7.5153 49.4072 1.2627 0.2665
Pedestrian -1 -1 0.7533 109.5410 779.5016 214.2901 884.5078 1.6629 0.7391 1.4898 -13.8025 4.3900 25.8335 0.2549 0.2109
Cyclist -1 -1 3.2476 97.3345 778.7806 209.7927 886.7476 1.6819 0.7703 1.6446 -13.9561 4.4148 25.8864 2.7455 0.4429
Cyclist -1 -1 -1.7550 1170.4832 769.3099 1227.4066 873.6341 1.7696 0.7843 1.9177 4.5896 4.6623 28.9930 -1.5789 0.4347
Cyclist -1 -1 1.4806 973.0540 781.2227 1006.5577 852.4718 1.8402 0.8370 2.0215 0.8321 6.5678 44.1920 1.5129 0.2627
Car -1 -1 -1.7661 774.3727 783.3358 868.0396 861.3706 1.7033 2.0052 4.5923 -4.2949 6.7563 45.2106 -1.8501 0.4180
