Pedestrian -1 -1 1.2902 1526.6394 803.9772 1600.3550 939.3365 1.5586 0.6891 0.7918 7.5686 3.8651 18.8216 1.7086 0.5170
Pedestrian -1 -1 1.8510 305.2994 794.3473 350.0485 879.9871 1.6362 0.6934 0.6087 -12.8233 5.1061 30.2787 1.4490 0.3352
Pedestrian -1 -1 1.2230 1137.4801 800.9473 1224.6339 935.1664 1.6477 0.7965 1.4572 3.0993 4.2382 21.2161 1.3889 0.1418
Cyclist -1 -1 -1.8462 1306.0410 808.3618 1392.3107 945.5794 1.6232 0.7427 1.8567 5.4480 4.3267 21.1069 -1.5668 0.4868
Cyclist -1 -1 1.7070 487.4151 818.4077 530.3478 892.4883 1.6180 0.8135 1.7957 -11.6540 6.7317 38.5696 1.4193 0.3520
Cyclist -1 -1 1.8128 487.9680 820.0988 530.2272 891.0469 1.6469 0.6716 1.8365 -12.3164 7.0913 40.7774 1.5259 0.2795
Cyclist -1 -1 1.2230 1137.4801 800.9473 1224.6339 935.1664 1.6477 0.7965 1.4572 3.0993 4.2382 21.2161 1.3889 0.2747
Cyclist -1 -1 1.6630 508.3460 840.2112 538.2780 901.0196 1.6082 0.7336 1.6528 -13.6558 8.4528 46.6595 1.3867 0.2319
Car -1 -1 1.8697 242.4733 768.3702 522.0798 972.0115 1.5754 1.8161 3.8723 -6.1575 3.3394 16.3868 1.4944 0.9411
Car -1 -1 -1.5467 834.3644 818.0342 935.2651 928.6686 1.5869 1.9209 4.1385 -1.5045 5.8337 30.8013 -1.5842 0.7279
