Pedestrian -1 -1 1.2549 1548.4379 808.4673 1624.5664 947.9393 1.5764 0.6953 0.6947 7.6425 3.8705 18.3034 1.6879 0.6271
Pedestrian -1 -1 1.6888 503.7146 828.9647 531.1353 888.5093 1.6206 0.6721 0.9792 -13.3282 7.8242 44.9238 1.4081 0.2211
Pedestrian -1 -1 1.1169 1147.0908 802.8982 1246.4596 942.7797 1.6474 0.8159 1.4342 3.2016 4.1772 20.4528 1.2939 0.1813
Cyclist -1 -1 -1.8698 1304.5068 813.6029 1396.8287 950.6593 1.6071 0.7819 1.8765 5.4613 4.3870 21.0846 -1.5895 0.4737
Cyclist -1 -1 1.0680 1143.0598 803.6176 1248.3870 942.5815 1.6266 0.8290 1.4933 3.1946 4.1777 20.5062 1.2442 0.3499
Cyclist -1 -1 1.8044 468.4726 811.6411 520.2484 888.4352 1.6399 0.8356 1.7779 -11.6277 6.4109 37.2930 1.5070 0.3410
Cyclist -1 -1 1.8865 486.5324 829.8586 530.3348 896.8370 1.5813 0.7045 1.4900 -12.3076 7.2603 40.6807 1.5993 0.2230
Car -1 -1 1.9333 167.9543 762.8315 500.6314 982.7365 1.5421 1.8315 3.9043 -6.0560 3.1066 14.9725 1.5279 0.9508
Car -1 -1 -1.5720 825.4901 820.4940 926.2156 934.2202 1.6049 1.9171 4.1942 -1.7241 5.8873 30.6021 -1.6172 0.4247
Car -1 -1 1.5362 772.9406 845.4456 833.5663 914.2045 1.4652 1.7990 3.8447 -4.9878 8.6743 46.8606 1.4419 0.2832
