Pedestrian -1 -1 1.9454 1290.3439 797.9125 1398.2921 1004.2949 1.6836 0.6993 0.7752 3.4849 3.3164 13.5928 2.2320 0.5800
Pedestrian -1 -1 2.1617 175.4269 781.6503 244.2206 887.7897 1.5524 0.7272 0.6364 -11.6956 4.0309 23.2880 1.6864 0.4192
Pedestrian -1 -1 1.9596 345.8520 792.8687 389.4365 873.3419 1.5161 0.6218 0.6106 -11.8128 4.8945 29.7698 1.5805 0.3098
Pedestrian -1 -1 1.5898 532.5063 827.8162 563.5701 896.2385 1.7225 0.8323 1.5969 -12.0697 7.7725 43.7123 1.3283 0.1040
Cyclist -1 -1 1.8394 377.2370 785.9717 442.3868 886.2443 1.6875 0.7261 1.8605 -10.7472 4.9358 29.2010 1.4860 0.4862
Cyclist -1 -1 -1.7112 1404.5576 829.9252 1486.5470 988.6437 1.6090 0.7753 1.9203 6.0636 4.3276 18.8107 -1.3675 0.4532
Cyclist -1 -1 1.5898 532.5063 827.8162 563.5701 896.2385 1.7225 0.8323 1.5969 -12.0697 7.7725 43.7123 1.3283 0.4114
Cyclist -1 -1 1.7801 460.9254 810.0475 507.8670 887.3765 1.6107 0.7358 1.7310 -11.5733 6.2206 36.3377 1.4761 0.4073
Cyclist -1 -1 1.9056 404.0547 798.0513 463.8100 885.3736 1.5887 0.6492 1.7447 -11.1060 5.3423 31.5446 1.5682 0.2896
Car -1 -1 -1.5903 767.7671 844.2260 855.8489 946.6582 1.5910 1.8791 3.8963 -3.4133 6.8763 33.9982 -1.6798 0.4413
