Pedestrian -1 -1 1.9598 210.6316 783.9354 276.1843 886.2418 1.5834 0.7875 0.6454 -11.7894 4.2340 24.5759 1.5047 0.6512
Pedestrian -1 -1 1.3729 1876.2620 813.1753 1936.0000 1025.0964 1.5765 0.6731 0.6661 7.9970 3.1885 12.3592 2.0094 0.5902
Pedestrian -1 -1 1.7861 1266.1232 800.8394 1355.4294 986.3327 1.6664 0.6961 0.7835 3.4892 3.4798 14.9057 2.0477 0.5666
Pedestrian -1 -1 1.8541 469.0812 820.7386 513.5768 894.1662 1.6414 0.7054 1.4036 -11.9021 6.6984 37.9086 1.5552 0.1476
Pedestrian -1 -1 1.4670 525.5832 840.5586 559.3109 906.5491 1.6906 0.8295 1.6149 -12.6417 8.3267 45.1144 1.2022 0.1275
Cyclist -1 -1 1.4690 526.1555 839.8295 560.3961 905.7969 1.6847 0.8441 1.6754 -12.6428 8.3160 45.2062 1.2048 0.5254
Cyclist -1 -1 1.8511 402.7372 799.6713 465.2695 893.4876 1.6615 0.7353 1.8479 -10.8900 5.3880 30.9428 1.5137 0.5116
Cyclist -1 -1 -1.8345 1371.6550 823.8872 1474.9567 984.0751 1.6612 0.8217 1.9606 5.8387 4.3245 19.0104 -1.5056 0.4366
Cyclist -1 -1 1.8097 472.6077 822.3788 516.4064 895.4059 1.6193 0.7206 1.5164 -11.8944 6.7592 38.1449 1.5129 0.3827
Cyclist -1 -1 1.8807 420.0158 807.4215 479.1418 895.5928 1.6527 0.6952 1.8346 -11.1965 5.7658 32.7762 1.5540 0.2167
