Pedestrian -1 -1 1.4233 1237.6194 801.8218 1308.9917 963.5958 1.6683 0.6923 0.8151 3.4971 3.7086 16.8103 1.6559 0.6330
Pedestrian -1 -1 1.1727 1733.1057 810.0157 1835.6038 989.3585 1.5791 0.6893 0.6110 7.8342 3.3878 14.2562 1.7269 0.5913
Pedestrian -1 -1 1.7623 240.7386 791.4295 291.7157 895.6547 1.6976 0.6943 0.6679 -12.1117 4.6468 26.0747 1.3221 0.5216
Pedestrian -1 -1 1.7934 492.2697 842.3336 530.8613 910.9102 1.6244 0.7057 1.4001 -12.2339 7.6489 40.7139 1.5085 0.1120
Cyclist -1 -1 -1.8218 1356.8107 824.0005 1450.9492 974.6567 1.6043 0.7725 1.9203 5.7425 4.3324 19.5072 -1.5057 0.4656
Cyclist -1 -1 1.5774 516.2509 839.5095 543.1344 905.2360 1.7388 0.7921 2.0206 -13.7525 8.7372 47.6874 1.3055 0.4068
Cyclist -1 -1 1.8535 444.8033 818.7267 505.1535 905.4371 1.6576 0.7973 1.8806 -10.9687 6.1605 33.7905 1.5433 0.2966
Cyclist -1 -1 1.7934 492.2697 842.3336 530.8613 910.9102 1.6244 0.7057 1.4001 -12.2339 7.6489 40.7139 1.5085 0.2427
Cyclist -1 -1 1.4106 1235.9592 801.9199 1308.2070 963.4344 1.6654 0.6896 0.8600 3.4948 3.7158 16.8679 1.6423 0.1187
Car -1 -1 2.1300 0.0000 750.9078 293.2105 1178.2738 1.5225 1.7842 3.8461 -5.4174 2.4051 8.4866 1.4923 0.8934
Car -1 -1 -1.5596 856.7726 842.1420 950.1457 952.1678 1.5781 1.8250 3.9152 -1.1571 6.3965 31.1988 -1.5846 0.3555
Car -1 -1 1.3912 762.1485 858.3648 868.6992 959.5671 1.6041 1.9009 4.0737 -3.5859 7.5925 36.1425 1.3035 0.2192
