Pedestrian -1 -1 3.5119 18.8597 736.3661 111.9468 879.3777 1.6424 0.7326 0.7722 -10.9388 3.0375 18.2826 2.9510 0.6830
Pedestrian -1 -1 1.9401 300.4924 777.3089 351.0544 876.6614 1.6527 0.6350 0.6216 -11.1233 4.3546 26.1884 1.5335 0.3232
Pedestrian -1 -1 -0.5305 1409.5510 800.9938 1678.2523 1110.9904 1.6603 0.8407 1.2698 3.4880 2.7808 9.0351 -0.0973 0.2250
Cyclist -1 -1 1.9880 241.5795 762.2686 342.6251 895.1212 1.7347 0.6826 1.9096 -10.0212 3.8866 22.4679 1.5590 0.5171
Cyclist -1 -1 1.8308 399.6024 795.7045 462.1366 891.6667 1.5957 0.7147 1.7563 -10.2631 5.0101 28.9900 1.4902 0.4876
Cyclist -1 -1 1.8274 451.8137 809.2129 505.0449 894.4452 1.5925 0.6831 1.7356 -10.5266 5.7259 32.6518 1.5183 0.4087
Cyclist -1 -1 -1.8328 1471.3459 881.7481 1584.6779 1071.0031 1.6768 0.7783 2.0292 6.4696 4.8086 17.1773 -1.4368 0.4081
Cyclist -1 -1 -0.6496 1394.4098 786.8766 1704.1165 1116.7030 1.6785 0.8422 1.4600 3.4050 2.6850 8.7285 -0.2100 0.3953
Cyclist -1 -1 1.7631 508.4895 820.2431 556.3992 896.5433 1.5515 0.7758 1.7701 -10.3088 6.3735 36.0011 1.4895 0.3525
Cyclist -1 -1 1.8576 320.2045 778.8369 391.2263 890.8643 1.6361 0.6657 1.6677 -10.1342 4.3065 25.0777 1.4684 0.2123
Car -1 -1 -1.6802 906.1995 858.9360 1003.2551 964.5854 1.5849 1.8008 3.9081 -0.2067 7.1444 33.4887 -1.6729 0.4041
Car -1 -1 1.7112 774.3155 847.2060 888.2242 959.5674 1.5491 1.7313 3.5301 -2.5110 6.2243 29.6315 1.6369 0.2447
