Pedestrian -1 -1 2.0084 129.2564 763.0854 205.3359 881.4503 1.6021 0.7609 0.6522 -11.3567 3.6125 21.4072 1.5070 0.7464
Pedestrian -1 -1 -1.2508 316.1435 794.8962 365.5459 880.8541 1.5384 0.7107 0.6145 -11.7832 4.8064 28.4153 -1.6465 0.5065
Cyclist -1 -1 2.4127 1255.6980 790.0939 1518.0511 1040.1395 1.6689 0.7835 1.9092 3.3305 3.0426 11.6966 2.7328 0.5053
Cyclist -1 -1 1.9804 329.4385 779.8322 417.7639 892.2070 1.7314 0.7553 1.9649 -10.4942 4.6087 26.7777 1.6037 0.5039
Cyclist -1 -1 -1.7937 1419.1088 842.4309 1517.5167 1010.2817 1.6299 0.7750 1.9632 6.1380 4.4268 18.2028 -1.4354 0.4192
Cyclist -1 -1 1.7983 442.3772 807.7659 494.8444 891.2257 1.6309 0.7608 1.7117 -11.1822 5.8957 33.9906 1.4837 0.2874
Cyclist -1 -1 2.0433 375.7227 799.4539 445.2875 890.1140 1.5482 0.6815 1.4762 -10.7715 5.0575 29.2909 1.6903 0.2496
Cyclist -1 -1 1.7339 482.4921 816.1482 524.4652 892.6483 1.6073 0.7077 1.7413 -11.2752 6.4393 36.8743 1.4422 0.2236
Car -1 -1 -1.4439 756.8427 847.9276 870.6115 957.2625 1.6090 1.9129 4.0256 -3.1240 6.7505 32.4240 -1.5294 0.5854
Car -1 -1 -1.5616 900.4746 855.0520 990.5074 961.2854 1.5453 1.8222 3.8969 -0.2938 6.8040 32.2086 -1.5575 0.2604
