Pedestrian -1 -1 1.9407 45.5131 746.8863 129.8515 880.4800 1.5801 0.7179 0.7107 -11.0033 3.1520 18.8561 1.3925 0.6925
Pedestrian -1 -1 -0.5583 1416.8055 805.5704 1608.4622 1092.4866 1.6574 0.8091 0.8853 3.5512 2.8843 9.6903 -0.1483 0.4750
Pedestrian -1 -1 2.0098 312.6933 777.2156 364.1853 879.3695 1.7368 0.6333 0.6574 -11.1497 4.4996 26.7842 1.6112 0.3796
Cyclist -1 -1 1.9564 267.3724 763.6047 364.4687 892.7269 1.7487 0.7233 1.9466 -10.0441 4.0056 23.3491 1.5422 0.5216
Cyclist -1 -1 -1.7945 1475.6776 885.6561 1577.3556 1073.4696 1.6487 0.7203 2.0239 6.4372 4.8196 17.1262 -1.3992 0.4340
Cyclist -1 -1 1.8462 402.3063 792.3011 464.8980 887.9332 1.6466 0.7222 1.7699 -10.5053 5.0869 29.8268 1.5076 0.3151
Cyclist -1 -1 1.8143 460.1735 810.0000 511.7366 890.8850 1.5511 0.7115 1.6741 -10.6192 5.7984 33.4572 1.5102 0.2995
Cyclist -1 -1 1.9139 336.4971 780.6140 413.4299 892.4433 1.6987 0.6995 1.7722 -10.2144 4.5111 26.1123 1.5373 0.2968
Cyclist -1 -1 1.8686 504.3168 819.2062 556.0579 892.2719 1.5288 0.7329 1.7671 -10.6292 6.4426 36.9261 1.5937 0.2541
Cyclist -1 -1 -0.6438 1362.4988 803.3338 1609.3545 1098.8719 1.5885 0.7603 1.2115 3.2024 2.7455 9.1799 -0.2481 0.2533
Car -1 -1 -1.5986 911.1113 860.9028 996.2407 961.7700 1.5028 1.7965 3.9208 -0.1996 7.1044 33.5163 -1.5911 0.3771
