Pedestrian -1 -1 2.0742 158.5186 771.6983 233.6272 885.1691 1.6260 0.7930 0.6638 -11.5804 3.8826 22.6481 1.5905 0.5974
Pedestrian -1 -1 2.0659 1286.0643 804.6249 1434.5645 1013.0271 1.5446 0.7119 1.2394 3.4670 3.1848 12.9594 2.3652 0.4505
Pedestrian -1 -1 -1.2854 340.8135 792.8790 382.8068 874.3912 1.5117 0.6238 0.5994 -11.7872 4.8529 29.4169 -1.6682 0.4226
Pedestrian -1 -1 1.6976 521.9627 824.9061 557.0392 890.6273 1.6308 0.7746 1.4407 -11.9911 7.4241 42.5485 1.4302 0.1759
Cyclist -1 -1 1.8727 360.0974 782.0078 430.1381 885.1247 1.6902 0.7219 1.8669 -10.7190 4.7712 28.3727 1.5098 0.5014
Cyclist -1 -1 1.6938 522.6911 827.2549 558.4241 892.4690 1.6083 0.7919 1.5042 -11.9899 7.4883 42.6531 1.4271 0.4626
Cyclist -1 -1 2.1009 1266.9005 803.2291 1432.8420 1016.5649 1.5495 0.7305 1.4242 3.3567 3.1741 12.8716 2.3935 0.4565
Cyclist -1 -1 -1.8117 1408.7368 834.3718 1505.2562 993.8442 1.5882 0.7548 1.8739 6.0751 4.3049 18.4218 -1.4605 0.3903
Cyclist -1 -1 1.7851 458.4716 809.0557 506.6543 888.0259 1.6016 0.7273 1.7377 -11.3232 6.0739 35.4185 1.4796 0.3571
Car -1 -1 -1.5455 763.3311 847.4794 853.3517 951.9913 1.6084 1.8700 3.9455 -3.3837 6.9241 33.6854 -1.6351 0.7125
Car -1 -1 -1.6064 891.2174 852.6535 982.0623 961.2740 1.6015 1.8723 4.0906 -0.5893 6.9231 32.8603 -1.6113 0.2984
