Pedestrian -1 -1 2.0316 65.9063 753.3207 152.4621 881.2937 1.5645 0.7265 0.7560 -11.0975 3.2735 19.4973 1.4960 0.5961
Pedestrian -1 -1 1.8678 320.4472 781.2550 371.1417 881.3530 1.7155 0.6820 0.6880 -11.1789 4.5963 27.1775 1.4740 0.4722
Pedestrian -1 -1 1.9761 354.7480 784.5268 416.2436 887.4777 1.7024 0.6657 1.0798 -10.3810 4.6424 26.9907 1.6061 0.2480
Pedestrian -1 -1 -0.5208 1329.1594 802.2080 1580.0520 1086.5187 1.6870 0.8055 1.3781 3.2747 2.9324 10.0016 -0.1512 0.1466
Cyclist -1 -1 1.8875 287.7835 768.9542 372.3856 892.2127 1.7145 0.7093 1.8894 -10.1219 4.1246 24.0469 1.4823 0.5228
Cyclist -1 -1 2.6231 1315.5776 789.5191 1609.8165 1073.5344 1.7035 0.8285 1.6961 3.3642 2.8758 10.1180 2.9974 0.4598
Cyclist -1 -1 -1.8965 1453.9320 870.3900 1571.1533 1052.2246 1.6400 0.7193 2.0275 6.3415 4.6518 17.3129 -1.5101 0.4220
Cyclist -1 -1 1.7665 462.0675 810.2126 510.4352 891.1587 1.5909 0.7410 1.6526 -10.8483 5.9352 34.1967 1.4629 0.3633
Cyclist -1 -1 1.8575 412.2656 797.2176 474.0728 888.7502 1.6050 0.7126 1.7983 -10.5753 5.2340 30.5794 1.5254 0.3357
Cyclist -1 -1 1.7950 508.3142 820.9753 552.6294 891.4210 1.5326 0.7219 1.6818 -10.9828 6.6498 38.1696 1.5207 0.2871
Cyclist -1 -1 1.8849 365.7717 788.7451 426.8585 891.6681 1.6799 0.6856 1.2449 -10.2173 4.7168 27.0802 1.5217 0.1774
