Pedestrian -1 -1 3.7782 0.0000 724.5609 205.1846 1191.9559 1.5917 0.6245 0.8240 -3.3758 1.9837 5.5572 3.1087 0.6105
Pedestrian -1 -1 1.3463 0.0000 634.1127 232.0112 1216.0000 1.7875 0.6330 0.9862 -2.7375 1.8182 4.4457 0.6249 0.5591
Pedestrian -1 -1 -2.8192 974.1056 904.7479 1021.6280 1021.1934 1.5122 0.5399 0.5323 0.5270 5.5881 21.4340 -2.7800 0.2382
Pedestrian -1 -1 2.2061 1304.3771 869.2849 1398.7330 1049.7057 1.4442 0.6357 0.5246 3.5196 3.7173 13.4979 2.4970 0.2123
Pedestrian -1 -1 -1.8989 1053.7710 901.7949 1098.4368 1005.5010 1.4501 0.5404 0.5604 1.7658 5.7777 23.0369 -1.8054 0.1561
Pedestrian -1 -1 -0.2041 930.6006 895.1630 976.3948 1018.0739 1.6100 0.5623 0.5577 -0.1145 5.5320 21.3712 -0.1965 0.1323
Pedestrian -1 -1 1.3040 1001.3510 907.4594 1036.6606 990.0052 1.3970 0.5298 0.5951 1.0794 6.7587 28.0303 1.3576 0.1107
Pedestrian -1 -1 1.5423 5.6520 851.0881 44.5237 942.6169 1.7782 0.6770 0.4839 -19.6364 6.5814 31.3670 0.9818 0.1103
Cyclist -1 -1 3.6508 0.0000 722.0541 204.1953 1199.5641 1.6006 0.6245 0.8480 -3.3645 1.9851 5.5418 2.9811 0.1400
Cyclist -1 -1 1.4255 0.0000 618.1454 226.8944 1216.0000 1.7955 0.6849 0.8564 -2.7215 1.7779 4.4430 0.7057 0.1209
Car -1 -1 -1.3685 776.9884 866.8111 964.1735 1048.0673 1.5096 1.6967 3.6708 -1.0830 4.9937 19.5929 -1.4142 0.5094
Car -1 -1 2.0299 0.0000 821.6196 14.1808 929.6951 1.4516 1.7533 3.9925 -20.8077 5.6572 29.8636 1.4170 0.1384
