Pedestrian -1 -1 0.5037 0.0000 705.0122 432.5389 1216.0000 1.6603 0.7135 1.0072 -2.2334 1.9280 4.5923 -0.0957 0.6243
Pedestrian -1 -1 3.6616 0.0000 771.1351 221.1655 1210.5042 1.4346 0.6302 0.8052 -3.2569 2.0080 5.4956 3.0026 0.4795
Pedestrian -1 -1 -2.8553 973.9996 897.7943 1028.2498 1013.5867 1.4953 0.5651 0.6381 0.5740 5.4728 21.4267 -2.8139 0.2527
Pedestrian -1 -1 -2.7937 1054.5287 907.5266 1102.9872 1007.7166 1.3642 0.5986 0.5654 1.8065 5.7782 22.9639 -2.6981 0.2417
Pedestrian -1 -1 0.1478 741.7560 870.4779 807.1290 1037.4677 1.5799 0.5923 0.5836 -1.9108 4.1497 15.3451 0.0259 0.1942
Cyclist -1 -1 0.5628 0.0000 717.6925 139.0997 1216.0000 1.6696 0.8032 1.5140 -3.2895 1.9710 4.2647 -0.2756 0.2519
Cyclist -1 -1 3.7339 0.0000 770.5399 263.1880 1212.6195 1.4467 0.6830 0.8256 -3.1284 2.0168 5.4926 3.0939 0.1239
Car -1 -1 -1.3227 793.7672 854.3130 989.2282 1032.2908 1.5054 1.6763 3.6128 -0.8113 4.8115 19.6064 -1.3538 0.2520
Car -1 -1 2.0064 240.3855 853.0120 419.3229 969.1891 1.5368 1.7402 4.0432 -12.5090 6.4124 29.9079 1.6113 0.2054
Car -1 -1 0.5254 0.0000 677.5622 265.1907 1216.0000 1.5429 1.5416 3.9553 -4.0300 1.7364 3.9002 -0.4769 0.1268
