Pedestrian -1 -1 -0.6353 1374.2848 772.7943 1688.8289 1216.0000 1.6833 0.6336 0.9124 2.1252 2.2794 5.6376 -0.1706 0.7053
Pedestrian -1 -1 -2.0156 1189.6134 889.6505 1240.8297 1004.1808 1.5602 0.5791 0.5448 3.7777 5.5617 22.2657 -1.8260 0.5094
Pedestrian -1 -1 -3.2302 1112.5219 902.5313 1153.7821 1015.3054 1.4465 0.6025 0.5360 2.4135 5.4100 21.0363 -3.0967 0.2220
Pedestrian -1 -1 1.5206 51.0510 875.9082 94.5488 974.6013 1.7578 0.7028 0.5251 -17.3198 6.7203 29.1519 0.9831 0.1340
Cyclist -1 -1 -0.6145 1370.8309 770.6317 1693.2291 1216.0000 1.6897 0.6348 0.9431 2.1213 2.2755 5.6269 -0.1495 0.1821
Car -1 -1 -1.3047 935.9423 849.5366 1143.7465 1029.6375 1.4760 1.7103 3.6164 1.1079 4.6605 19.2097 -1.2308 0.3365
Car -1 -1 2.2291 0.0000 813.0207 30.4343 1004.2841 1.5640 1.9672 4.3029 -13.9088 4.1774 18.6202 1.5683 0.1554
Car -1 -1 2.2159 0.0000 827.5618 76.1494 951.5944 1.5561 1.9568 4.2675 -18.9157 5.6531 28.0540 1.6175 0.1349
Car -1 -1 -0.5592 0.0000 707.7953 92.6027 1129.6743 1.6507 1.9198 4.4397 -7.8976 2.2910 9.1687 -1.3383 0.1232
Car -1 -1 2.1354 0.0000 803.8293 2.5411 971.0845 1.6186 2.0120 4.3828 -16.1151 4.4761 21.6093 1.4805 0.1210
