Pedestrian -1 -1 -1.8339 1257.7544 907.1773 1302.6106 1002.2745 1.2626 0.5152 0.6155 4.6959 5.4826 22.0415 -1.6004 0.4206
Pedestrian -1 -1 -3.2836 1173.4635 896.4700 1214.5974 1005.7290 1.4909 0.6325 0.5347 3.4736 5.6080 22.3468 -3.1085 0.3291
Pedestrian -1 -1 -3.2824 1167.8267 881.6939 1209.4910 1004.1085 1.5765 0.5852 0.5072 3.1615 5.2033 20.8201 -3.1104 0.3107
Pedestrian -1 -1 -0.0412 1181.0765 888.5876 1220.6119 1007.8003 1.5627 0.5972 0.5471 3.4258 5.3971 21.4123 0.1389 0.2177
Pedestrian -1 -1 1.4991 1190.4297 896.6874 1220.1730 981.6080 1.3733 0.4913 0.5952 4.3328 6.2613 26.5723 1.6805 0.2047
Pedestrian -1 -1 -3.1633 1185.8768 891.6083 1221.8663 1001.0312 1.5349 0.5891 0.5380 3.7203 5.6854 22.9381 -2.9815 0.1858
Pedestrian -1 -1 -1.6727 1249.7706 921.3763 1284.3466 1011.7476 1.2210 0.4679 0.6857 4.6974 5.8526 22.9936 -1.4485 0.1802
Pedestrian -1 -1 2.9973 0.0000 789.9968 129.5883 982.2135 1.5687 0.9131 1.0453 -8.5221 3.1985 14.0745 2.4217 0.1171
Car -1 -1 -1.3103 973.0416 846.1404 1176.0900 1030.6442 1.5441 1.6633 3.6212 1.5550 4.6887 19.2687 -1.2120 0.3269
Car -1 -1 0.7171 0.0000 785.8671 308.7077 993.4833 1.5759 1.6481 3.5695 -8.2937 3.2150 14.1359 0.1562 0.2056
