Pedestrian -1 -1 -2.2001 1236.9728 912.0002 1293.6190 1014.8228 1.3357 0.5695 0.6132 4.4736 5.6390 22.0211 -1.9766 0.3332
Pedestrian -1 -1 -3.1829 1170.8086 888.3658 1205.5143 1009.1082 1.5431 0.5604 0.4652 3.1468 5.2556 20.7645 -3.0112 0.2652
Pedestrian -1 -1 -3.0531 1118.2494 905.8121 1160.7708 1031.0074 1.5758 0.5886 0.5244 2.4728 5.5329 20.7202 -2.9146 0.1551
Pedestrian -1 -1 1.5382 1169.0918 907.2479 1198.0740 992.2501 1.3960 0.5109 0.5945 4.0213 6.5694 27.0723 1.7048 0.1469
Pedestrian -1 -1 2.0202 0.0000 818.6079 61.3199 934.7729 1.8319 0.6853 0.6093 -15.5955 5.1230 25.0658 1.4559 0.1260
Pedestrian -1 -1 1.8729 1173.5917 914.1243 1217.3457 1016.6546 1.4384 0.5082 0.6335 3.7021 6.0844 23.6243 2.0488 0.1139
Pedestrian -1 -1 -0.8151 26.8896 808.1213 102.2750 945.9193 1.8131 0.6855 0.5956 -12.5841 4.4298 20.9966 -1.3681 0.1077
Cyclist -1 -1 0.6078 0.0000 557.2004 445.3427 1216.0000 1.8441 0.8579 2.0295 -2.4614 1.6966 3.8521 -0.1707 0.4946
Car -1 -1 1.8356 968.7071 849.6176 1172.0513 1031.1096 1.5041 1.6611 3.6014 1.5005 4.6969 19.2692 1.9308 0.5755
Car -1 -1 2.2001 0.0000 793.6549 214.6038 970.5435 1.6900 1.8266 4.4730 -12.6255 4.3156 20.9695 1.6446 0.1653
Car -1 -1 3.6878 0.0000 824.5003 138.7321 923.4937 1.5739 1.7667 4.0242 -18.1724 5.5013 28.4887 3.1151 0.1274
