Pedestrian -1 -1 -3.2082 1168.1445 897.3941 1211.7228 1015.0887 1.4683 0.6145 0.5645 3.1366 5.2731 20.5455 -3.0353 0.4917
Pedestrian -1 -1 0.9872 1181.4707 896.8175 1229.5048 1005.5613 1.5102 0.5700 0.4428 3.6987 5.6874 22.6583 1.1701 0.3787
Pedestrian -1 -1 -1.8450 1237.5724 905.0986 1293.8785 1008.8539 1.2916 0.5713 1.0458 4.4799 5.5241 22.0524 -1.6214 0.2650
Pedestrian -1 -1 -0.5609 1681.0798 830.6279 1902.7532 1082.4050 1.3867 0.6389 0.9973 5.0340 2.6851 9.1073 0.0224 0.2631
Pedestrian -1 -1 -3.2964 1147.5272 891.8469 1187.0826 1001.7122 1.5403 0.5800 0.5206 3.1193 5.6387 22.6687 -3.1398 0.1886
Pedestrian -1 -1 -2.9819 1118.4197 918.6075 1165.9446 1036.4891 1.4552 0.6105 0.5527 2.5067 5.5928 20.6939 -2.8415 0.1313
Pedestrian -1 -1 1.4473 1247.2977 901.6472 1284.3593 996.3372 1.3113 0.4984 0.6223 4.6797 5.6294 22.9992 1.6708 0.1250
Pedestrian -1 -1 0.3725 0.0000 801.5887 118.1921 987.6844 1.5146 0.8932 1.0240 -8.4648 3.2034 13.7493 -0.2118 0.1145
Pedestrian -1 -1 -1.9375 0.0000 678.2622 14.4638 1207.5865 1.7210 0.7604 0.6085 -4.0115 1.9317 5.4305 -2.7076 0.1025
Cyclist -1 -1 -1.8450 1237.5724 905.0986 1293.8785 1008.8539 1.2916 0.5713 1.0458 4.4799 5.5241 22.0524 -1.6214 0.2049
Car -1 -1 1.7545 979.2553 856.9471 1159.6687 1036.1958 1.4666 1.6134 3.5146 1.4701 4.7263 19.0958 1.8489 0.2918
Car -1 -1 0.5599 0.0000 848.5676 207.2353 944.3786 1.6022 1.6829 3.8181 -17.5129 6.2412 30.1153 0.0313 0.1360
