Pedestrian -1 -1 0.9706 1649.4642 472.8162 1936.0000 1216.0000 1.7712 0.6263 0.5892 1.4739 1.5657 2.4078 1.9346 0.3964
Pedestrian -1 -1 -0.2311 1165.7825 888.3047 1212.2865 1004.3040 1.4761 0.5901 0.5264 3.1557 5.1853 20.7483 -0.0588 0.3558
Pedestrian -1 -1 -1.5982 1258.7246 902.2615 1293.9733 999.9046 1.2713 0.5023 0.7069 4.6589 5.4480 22.1227 -1.3671 0.2522
Pedestrian -1 -1 0.8751 1639.8186 334.2007 1936.0000 1216.0000 1.6702 0.6567 0.6308 1.2004 1.4226 1.7210 2.1868 0.1920
Pedestrian -1 -1 1.8315 1183.7631 889.7152 1229.8020 999.4827 1.5179 0.5760 0.4888 3.7259 5.5962 22.6862 2.0154 0.1853
Pedestrian -1 -1 -2.1321 1645.8813 559.3535 1936.0000 1216.0000 1.8162 0.6600 0.6676 1.8075 1.7011 3.0369 -1.3030 0.1372
Pedestrian -1 -1 -2.9254 1114.1259 919.6255 1165.7036 1034.5339 1.4046 0.6285 0.5780 2.4763 5.5624 20.7020 -2.7866 0.1151
Pedestrian -1 -1 -1.8490 0.0000 680.5468 14.7321 1212.9967 1.7275 0.7618 0.6060 -4.0051 1.9477 5.4341 -2.6177 0.1120
Car -1 -1 1.7716 978.8338 850.2898 1163.3724 1029.0497 1.4858 1.6257 3.4078 1.4817 4.6316 19.0048 1.8670 0.2474
Car -1 -1 0.5571 0.0000 845.8444 206.0504 941.9963 1.6107 1.7021 3.8183 -17.5388 6.1922 30.1063 0.0276 0.1679
Car -1 -1 -0.5517 0.0000 656.5182 170.3474 1216.0000 1.6502 1.8249 4.1437 -5.2257 1.8166 5.6841 -1.4237 0.1187
Car -1 -1 3.2454 0.0000 800.3575 308.9055 1013.0756 1.5119 1.6591 3.8985 -8.6405 3.4420 14.8553 2.6914 0.1087
