Pedestrian -1 -1 -0.1964 1357.5511 788.8833 1462.4036 1000.5703 1.6958 0.6598 0.7760 3.8712 3.1571 12.9466 0.1348 0.7433
Pedestrian -1 -1 -1.6820 1056.7847 789.0272 1109.8956 925.2183 1.6432 0.6160 0.7673 1.5740 3.8112 19.3655 -1.5836 0.7288
Pedestrian -1 -1 2.6945 1492.1068 807.7158 1614.9062 1013.1356 1.6392 0.6618 0.7876 5.0869 3.2551 12.8784 3.1186 0.7052
Pedestrian -1 -1 1.7502 742.0916 771.9841 795.2052 896.8854 1.6787 0.6434 0.6278 -2.7267 3.7974 21.2103 1.6262 0.5792
Pedestrian -1 -1 -1.3388 642.3286 780.3710 794.7656 1123.1433 1.8116 0.7310 0.7192 -1.3829 2.7479 8.6269 -1.5160 0.5439
Pedestrian -1 -1 1.4969 924.6167 770.4392 948.7659 827.1607 1.6464 0.6972 0.6342 -0.7504 6.1093 45.5130 1.4928 0.5025
Pedestrian -1 -1 -2.7332 350.0720 763.8314 428.2866 939.4772 1.7760 0.7081 0.5559 -6.1325 3.3011 16.0541 -3.1150 0.3812
Pedestrian -1 -1 -2.5802 1021.5730 796.8487 1077.2618 853.1161 1.0578 0.4950 1.0893 1.8737 4.7776 31.8289 -2.5067 0.2179
Cyclist -1 -1 -2.6306 1021.0585 795.5656 1082.5426 852.1511 1.0605 0.4905 1.2266 1.9253 4.7575 31.8504 -2.5555 0.1990
Cyclist -1 -1 -0.3403 1486.8840 809.5238 1609.6190 1015.9987 1.6395 0.6680 0.8272 5.0466 3.2768 12.8956 0.0802 0.1215
Cyclist -1 -1 -0.1328 1360.0468 788.9039 1466.1475 1002.9477 1.7047 0.6643 0.8208 3.8956 3.1687 12.9417 0.2005 0.1094
Cyclist -1 -1 -1.6815 1055.4595 788.4281 1108.4838 925.5644 1.6530 0.6125 0.8190 1.5607 3.8225 19.4258 -1.5841 0.1026
