Pedestrian -1 -1 -1.7591 1147.1721 764.6944 1244.7722 1007.0953 1.6202 0.5983 0.6098 1.6621 2.6447 10.6540 -1.5734 0.7660
Pedestrian -1 -1 1.3008 1311.6680 745.3489 1435.7375 1000.5637 1.7155 0.7197 0.7156 2.9567 2.6136 10.7770 1.6136 0.7384
Pedestrian -1 -1 1.4811 1152.3833 769.5230 1201.3201 909.4725 1.7315 0.5903 0.6602 2.8168 3.6590 19.5797 1.6454 0.3656
Pedestrian -1 -1 -1.5726 924.6843 763.5861 992.2625 907.9984 1.7414 0.8952 1.8374 -0.0294 3.7491 20.7270 -1.5624 0.1222
Cyclist -1 -1 -1.5709 923.8782 763.3718 991.8964 908.2955 1.7481 0.9028 1.8803 -0.0359 3.7605 20.7884 -1.5610 0.5894
Car -1 -1 -1.3192 444.9360 747.6326 791.7297 1023.7591 1.4939 1.7531 3.7997 -2.4714 2.6141 11.7248 -1.5427 0.9583
Car -1 -1 -1.4219 759.6176 776.9286 895.2792 893.4288 1.5669 1.8746 4.1971 -2.4058 4.6240 27.9114 -1.4994 0.9504
Car -1 -1 -0.7002 0.0000 631.2448 549.4551 1216.0000 1.6608 1.8676 4.3234 -2.6721 1.6864 3.8305 -1.5236 0.9442
Car -1 -1 -1.4571 832.5803 790.4849 914.7884 866.3546 1.4695 1.7011 3.8585 -2.2681 6.0740 39.6015 -1.5031 0.8788
Car -1 -1 -1.5236 860.3407 792.7529 921.7164 854.1404 1.4892 1.7882 4.0636 -2.2835 7.2744 49.4980 -1.5576 0.4564
Car -1 -1 -2.8844 1740.6759 384.8970 1936.0000 1216.0000 1.9494 2.0155 4.6651 4.6754 1.7105 3.9952 -1.8140 0.2937
