Pedestrian -1 -1 -1.8844 1635.2107 757.3489 1718.6919 926.9387 1.7188 0.6563 0.6811 7.7244 3.1852 16.1637 -1.3938 0.4848
Pedestrian -1 -1 2.1458 454.9572 832.4761 551.9011 1027.4565 1.6000 0.6059 0.6006 -4.1032 3.5146 13.4247 1.8326 0.4645
Pedestrian -1 -1 -0.9882 843.1027 931.8090 910.4572 1086.4358 1.6250 0.5525 0.6054 -0.9979 5.3421 17.7106 -1.0346 0.2343
Pedestrian -1 -1 1.7881 1415.7236 888.5785 1456.9143 979.3729 1.6722 0.6598 0.6979 9.7665 7.1751 30.7400 2.1186 0.2236
Pedestrian -1 -1 0.0869 346.1299 799.2751 440.4754 1011.0106 1.6532 0.6617 0.7141 -4.8450 3.1939 12.7920 -0.2999 0.2167
Pedestrian -1 -1 1.2198 1748.6261 758.5295 1839.0317 925.2475 1.6230 0.6518 0.6764 8.6692 3.0519 15.5935 1.7766 0.2135
Pedestrian -1 -1 -0.2920 783.5492 931.9531 852.0338 1084.2095 1.5191 0.5698 0.6330 -1.6195 5.0563 16.8449 -0.3812 0.1879
Pedestrian -1 -1 2.7987 719.5478 915.6275 792.2206 1071.4934 1.5082 0.6115 0.6228 -2.2599 4.7833 16.4318 2.6651 0.1653
Cyclist -1 -1 0.3805 340.8224 804.9956 511.7343 1005.9300 1.5998 0.7987 1.1998 -4.6459 3.2206 13.0490 0.0161 0.2417
Cyclist -1 -1 -1.4342 966.5588 792.2651 1066.3632 983.1301 1.7421 0.8118 1.9581 0.6388 3.7059 16.5087 -1.3807 0.2171
Cyclist -1 -1 -1.4947 1196.4014 809.0858 1261.2626 952.9075 1.6853 0.7184 1.8326 3.7763 4.3939 21.0120 -1.2941 0.1831
Cyclist -1 -1 -1.3038 1047.9955 772.2455 1161.4955 971.0535 1.8118 0.7014 1.9343 1.5814 3.5075 16.1810 -1.1868 0.1694
Cyclist -1 -1 -1.4836 946.1423 737.8070 1105.9919 1106.5193 1.7611 0.7335 1.7990 0.4200 2.4867 8.6663 -1.4181 0.1670
Cyclist -1 -1 -1.8881 1208.6042 777.6619 1346.0416 1014.4172 1.6752 0.6554 1.8160 2.6466 3.0691 12.7140 -1.6499 0.1496
Cyclist -1 -1 -1.8084 1299.1322 769.4194 1409.1735 970.7710 1.7505 0.7452 1.6869 3.9350 3.2929 15.0989 -1.5199 0.1336
Car -1 -1 -1.3737 906.2966 756.3723 1374.4109 1169.5122 1.5103 1.8563 4.3112 1.3747 2.5347 9.3058 -1.1943 0.4375
