Pedestrian -1 -1 -1.9384 1680.6412 765.1985 1766.6130 928.1799 1.6203 0.6419 0.6444 8.0770 3.1431 15.8649 -1.4207 0.4231
Pedestrian -1 -1 2.9116 370.0550 794.8084 461.2321 1003.7755 1.6001 0.5888 0.5878 -4.5724 3.0697 12.5257 2.5364 0.3680
Pedestrian -1 -1 2.4443 480.5807 817.2756 583.6402 1020.0243 1.6175 0.5996 0.6353 -3.7776 3.3677 13.1759 2.1488 0.3014
Pedestrian -1 -1 2.6302 735.7067 903.9175 816.3507 1063.0206 1.4781 0.6090 0.6311 -1.9638 4.5143 15.8409 2.5100 0.2521
Pedestrian -1 -1 1.3330 1469.9132 843.2195 1509.5287 930.5164 1.6415 0.6370 0.6248 10.6743 6.1045 30.2206 1.6972 0.2485
Pedestrian -1 -1 1.0529 1770.4449 769.3093 1854.7323 919.1724 1.5423 0.5994 0.5808 9.2598 3.1440 16.2814 1.6181 0.2321
Pedestrian -1 -1 -0.4699 830.1872 895.3228 913.8147 1059.8461 1.5729 0.6263 0.6989 -0.9702 4.5843 16.2076 -0.5215 0.2033
Pedestrian -1 -1 -2.1154 0.0000 910.5999 58.6677 1081.1764 1.7042 0.6291 0.6107 -10.6110 4.9830 16.7471 -2.6978 0.2017
Pedestrian -1 -1 -1.2355 876.7964 907.9202 932.3188 1059.4811 1.6277 0.5185 0.4772 -0.6613 4.9992 17.5090 -1.2627 0.1465
Cyclist -1 -1 -1.6173 1016.9196 817.5216 1090.6592 1005.3190 1.6861 0.7495 1.9795 0.9949 3.9378 16.4805 -1.5403 0.2789
Cyclist -1 -1 -1.3967 1092.9072 787.6351 1188.7158 988.0698 1.7956 0.6632 1.8771 1.9471 3.6460 16.0083 -1.2540 0.2396
Cyclist -1 -1 -1.6123 1338.4015 752.6277 1468.5900 1074.2766 1.7540 0.7590 1.9423 2.9675 2.6987 10.0205 -1.2742 0.1933
Cyclist -1 -1 -2.5313 368.2685 777.3426 531.2459 993.8737 1.6701 0.7437 1.0822 -4.3433 3.0189 12.7333 -2.8831 0.1859
Cyclist -1 -1 -1.8009 1250.1038 758.7196 1384.9680 1010.1071 1.7747 0.7157 2.1305 2.9965 3.0150 12.7820 -1.5352 0.1617
Cyclist -1 -1 -1.9109 1351.8763 769.3864 1505.0392 995.4191 1.7210 0.7905 1.9162 4.1902 3.1247 13.5698 -1.5712 0.1507
Cyclist -1 -1 0.6832 0.0000 884.5504 12.6051 1057.7426 1.6886 0.7089 1.1908 -11.0564 4.5589 16.1409 0.0612 0.1451
Cyclist -1 -1 -1.8005 1231.0414 814.5855 1318.5978 975.7139 1.7578 0.7065 2.2348 4.1737 4.4443 20.0627 -1.5706 0.1411
Car -1 -1 -1.4860 945.5775 755.3472 1355.9725 1180.3984 1.5481 1.8988 4.2394 1.4052 2.5469 9.1530 -1.2996 0.3247
Car -1 -1 1.4700 1074.9242 779.8589 1142.7771 845.5229 1.5806 1.8197 4.3312 4.7314 6.8261 48.4455 1.5826 0.2071
