Pedestrian -1 -1 2.1240 514.9020 814.8849 607.6973 1012.2364 1.5575 0.5340 0.6114 -3.4368 3.2398 12.8755 1.8473 0.4790
Pedestrian -1 -1 -1.8846 1768.1654 778.9011 1854.3514 949.4194 1.6188 0.6189 0.6461 8.6801 3.2337 15.2916 -1.3182 0.3209
Pedestrian -1 -1 2.4263 396.9743 786.2434 516.9456 999.8199 1.5774 0.6036 0.7032 -4.1026 2.9410 12.1847 2.0768 0.3111
Pedestrian -1 -1 1.5397 1829.2233 783.9168 1891.8604 936.5738 1.4800 0.5573 0.7253 9.5660 3.2195 15.9026 2.1310 0.2246
Pedestrian -1 -1 1.4261 1516.2302 870.8038 1553.2867 959.6093 1.6074 0.6132 0.6267 11.3254 6.5280 29.5451 1.8174 0.2215
Pedestrian -1 -1 3.1561 580.5781 775.1710 641.0573 950.8260 1.6525 0.6989 0.5839 -3.5514 3.2175 15.1687 2.9169 0.2020
Pedestrian -1 -1 -0.5787 911.1119 834.9399 996.4567 1008.2815 1.6704 0.6475 0.6675 -0.0825 3.9759 15.9618 -0.5723 0.1863
Pedestrian -1 -1 1.9232 1610.5486 797.2765 1669.7141 928.7774 1.7944 0.6198 0.5737 9.9572 4.3717 21.9362 2.3833 0.1429
Cyclist -1 -1 -1.5767 1437.3145 767.9367 1543.9871 1003.3947 1.7861 0.8406 1.8054 4.8196 3.1769 13.5464 -1.1912 0.2682
Cyclist -1 -1 -1.5050 1118.3411 782.6424 1202.9196 974.6854 1.7656 0.7531 1.9176 2.2156 3.6071 16.4396 -1.3487 0.2255
Cyclist -1 -1 0.5049 375.3177 784.0514 547.6623 1003.1179 1.6272 0.7040 1.1344 -4.0560 2.9701 12.1810 0.1591 0.2193
Cyclist -1 -1 -1.7119 1395.6176 750.7772 1554.2274 1095.7661 1.7641 0.7755 2.0733 3.2214 2.6604 9.5486 -1.3295 0.1810
Cyclist -1 -1 2.2284 564.5222 840.6419 672.3808 1027.4706 1.4125 0.5423 0.7816 -2.9376 3.3342 12.8532 1.9915 0.1806
Cyclist -1 -1 0.3075 0.0000 836.8715 61.8916 1000.4401 1.5628 0.7448 1.2948 -10.6073 3.9423 16.2428 -0.2943 0.1793
Car -1 -1 -1.5000 1052.0259 755.6059 1475.8123 1204.6294 1.5459 1.8591 4.2750 2.0275 2.5208 8.8284 -1.2274 0.7069
Car -1 -1 1.4335 1117.3158 779.0178 1189.1355 844.9883 1.5676 1.7621 4.2379 6.0564 6.6902 47.5815 1.5760 0.3183
