Pedestrian -1 -1 1.9256 520.5508 813.1012 608.2797 1003.7209 1.5481 0.5764 0.5977 -3.4685 3.2372 13.1006 1.6516 0.4395
Pedestrian -1 -1 -1.9061 1727.0673 766.5859 1809.7705 929.2545 1.5834 0.6012 0.6431 8.4035 3.0961 15.5893 -1.3630 0.3964
Pedestrian -1 -1 2.7581 372.6417 791.2531 481.8723 999.6577 1.5711 0.5722 0.6834 -4.4350 3.0022 12.4223 2.3900 0.3062
Pedestrian -1 -1 -0.7168 540.3951 786.6606 626.5488 964.0523 1.6844 0.6284 0.5915 -3.8859 3.3946 15.3895 -0.9739 0.2634
Pedestrian -1 -1 1.2228 1785.1761 772.7280 1862.9307 925.9360 1.5474 0.5634 0.6498 9.3454 3.1879 16.2155 1.7940 0.2045
Pedestrian -1 -1 1.3113 0.0000 926.1147 76.6534 1101.5707 1.7430 0.5975 0.5934 -10.3236 5.1958 16.7214 0.7416 0.1996
Pedestrian -1 -1 1.4119 1479.3137 882.4723 1518.5870 973.8362 1.6604 0.6517 0.6833 10.7259 6.8704 29.8471 1.7812 0.1877
Pedestrian -1 -1 -0.9002 612.2709 821.3021 719.0655 1026.0997 1.6072 0.5762 0.7530 -2.5812 3.3882 13.0954 -1.1035 0.1490
Cyclist -1 -1 0.5195 350.3663 789.8314 521.2539 998.3179 1.5811 0.6856 1.1552 -4.3605 3.0016 12.4502 0.1579 0.2667
Cyclist -1 -1 -1.6823 1129.7357 785.9692 1213.5056 976.9940 1.7555 0.7347 2.0673 2.3005 3.6528 16.5648 -1.5217 0.2000
Cyclist -1 -1 -1.7396 1387.0197 760.1114 1502.6937 979.9497 1.7667 0.8134 1.7934 4.5384 3.1324 14.1490 -1.3894 0.1892
Cyclist -1 -1 -1.6969 1366.5073 749.7088 1513.9674 1092.7018 1.7879 0.7527 1.9726 3.0243 2.6768 9.6038 -1.3377 0.1724
Cyclist -1 -1 3.7589 0.0000 896.1102 14.7724 1062.5035 1.6333 0.6899 1.1420 -11.0135 4.6258 16.1542 3.1394 0.1723
Car -1 -1 -1.4465 945.1421 763.9849 1383.1216 1195.6051 1.5202 1.8698 4.1177 1.4589 2.5632 8.9654 -1.2492 0.4185
Car -1 -1 1.3986 1112.6581 779.3937 1191.2592 846.0135 1.4913 1.7353 4.0408 5.6870 6.3528 45.0116 1.5404 0.2171
Car -1 -1 2.0031 0.0000 778.6310 78.7474 1136.6569 1.3892 1.6188 3.7298 -7.1050 2.5773 9.5444 1.3018 0.1706
