Pedestrian -1 -1 -1.6631 794.8094 921.7076 846.9758 1081.8098 1.7444 0.5736 0.6200 -1.6913 5.3817 17.9703 -1.7494 0.1443
Pedestrian -1 -1 1.3329 1463.8400 799.6089 1494.6062 871.8726 1.7048 0.6049 0.6283 12.9177 6.1039 37.3074 1.6886 0.1281
Pedestrian -1 -1 1.5860 473.2125 846.8386 535.0897 1022.5764 1.7049 0.6172 0.6416 -4.8578 4.1240 15.9040 1.2795 0.1254
Pedestrian -1 -1 -1.7633 1634.9918 781.0924 1709.3522 938.8825 1.5880 0.6458 0.5928 7.6798 3.3169 16.1752 -1.2756 0.1238
Pedestrian -1 -1 -1.3248 724.3660 920.7004 789.7476 1071.3145 1.5194 0.5829 0.6776 -2.3023 4.9370 16.9085 -1.4564 0.1215
Pedestrian -1 -1 1.2977 1454.5449 798.9899 1485.0935 868.4142 1.6690 0.5993 0.6169 12.8983 6.1242 37.9397 1.6475 0.1200
Pedestrian -1 -1 -0.7448 409.9911 883.3215 506.0836 1078.0659 1.5847 0.5617 0.6119 -4.5844 4.0107 13.6370 -1.0853 0.1132
Pedestrian -1 -1 2.1872 1436.7405 853.6028 1484.7230 942.5107 1.7250 0.6662 0.7355 10.6821 6.6909 31.9872 2.5327 0.1118
Cyclist -1 -1 -1.4551 971.9364 778.9483 1063.9221 971.3351 1.7056 0.7327 1.8615 0.6251 3.4346 15.8055 -1.4008 0.2992
Cyclist -1 -1 -2.8666 625.5195 733.4073 1010.5644 1116.6786 1.8461 0.8356 1.9253 -0.7451 2.4764 8.1084 -2.9677 0.1977
Cyclist -1 -1 -1.4863 1147.7058 809.8765 1212.5769 951.6219 1.6808 0.7202 1.9023 3.1473 4.4506 21.3817 -1.3193 0.1467
Cyclist -1 -1 -1.5799 1009.8699 784.6260 1037.6138 858.7797 1.6689 0.7033 1.9505 1.6304 5.9313 38.9160 -1.5240 0.1262
Cyclist -1 -1 -1.5946 900.9456 850.9213 971.7365 1039.6885 1.6558 0.7372 2.0214 -0.2900 4.3169 16.5854 -1.6010 0.1217
Cyclist -1 -1 -1.6983 1259.4259 752.4938 1363.3979 974.2834 1.8002 0.7871 1.8522 3.2967 3.0966 14.2244 -1.4379 0.1099
Car -1 -1 -1.2898 787.0945 760.7367 1302.7596 1186.8669 1.5434 1.8762 4.3425 0.8042 2.6020 9.2891 -1.1803 0.2493
Car -1 -1 1.8305 479.9948 760.4531 597.3812 841.7656 1.5064 1.7486 4.1371 -10.2913 5.0221 36.7078 1.5609 0.1650
Car -1 -1 -1.6436 990.7346 785.9440 1058.9728 855.3377 1.4927 1.7594 4.1570 1.8227 6.4542 43.9787 -1.5882 0.1526
Car -1 -1 1.9153 189.3099 775.3040 319.0919 855.3936 1.5289 1.6995 4.3285 -18.4254 5.6937 39.1750 1.4771 0.1490
Car -1 -1 1.8159 585.6140 766.9116 672.7944 827.8734 1.4820 1.7466 4.2956 -10.7475 6.3116 48.6790 1.6064 0.1423
Car -1 -1 1.7827 669.5437 805.6533 793.6887 907.5299 1.4955 1.7264 4.1176 -4.7650 5.5666 31.5675 1.6403 0.1217
