Pedestrian -1 -1 1.3495 715.7017 820.9873 806.4255 1041.3113 1.5810 0.5821 0.6492 -1.5940 3.1895 11.8608 1.2109 0.4891
Pedestrian -1 -1 1.7824 584.7037 797.1316 686.3153 1037.6577 1.6729 0.6216 0.7130 -2.4452 3.0139 11.2815 1.5531 0.3440
Pedestrian -1 -1 -0.8792 1133.6974 887.3825 1206.3334 1066.9103 1.7084 0.6004 0.4615 2.1916 4.5328 15.7138 -0.7173 0.2134
Pedestrian -1 -1 -0.1138 130.3378 870.3489 217.3043 1037.2607 1.6252 0.6538 0.7693 -8.6837 4.4118 16.4889 -0.6163 0.2123
Pedestrian -1 -1 -0.5050 641.1485 772.8190 724.2884 955.5033 1.7445 0.6265 0.6157 -2.8747 3.3137 15.4268 -0.6942 0.1352
Pedestrian -1 -1 -1.3873 1513.1115 814.4605 1559.8251 920.1485 1.7756 0.6584 0.7358 10.5268 5.3061 27.3637 -0.9928 0.1200
Pedestrian -1 -1 -0.4318 1801.3853 821.5276 1899.6450 965.5175 1.5923 0.7455 0.8011 10.7682 4.0327 18.1328 0.1474 0.1153
Pedestrian -1 -1 -1.3423 1027.9974 902.8703 1109.5610 1118.2441 1.7872 0.6263 0.5699 0.9918 4.4079 13.7305 -1.2511 0.1060
Cyclist -1 -1 0.6095 558.2610 794.6583 731.6739 1045.9542 1.6831 0.7134 1.0601 -2.3746 3.0219 11.2629 0.3865 0.2655
Cyclist -1 -1 0.0364 271.5875 802.9421 646.8928 1092.6498 1.6055 0.8207 2.2735 -3.2912 2.8781 9.9456 -0.3166 0.2277
Cyclist -1 -1 -1.1217 1682.9868 897.1047 1903.8735 1171.0092 1.7432 0.7329 1.8416 6.6335 4.0539 11.8980 -0.5554 0.1750
Cyclist -1 -1 -1.8563 1090.8710 778.6329 1337.4672 1195.8119 1.6913 0.8165 1.8458 1.2329 2.5832 7.7215 -1.6581 0.1706
Cyclist -1 -1 -0.5283 1342.6340 891.0408 1698.2916 1181.3226 1.8141 0.8225 2.3092 4.0440 3.8516 10.9003 -0.1218 0.1435
Cyclist -1 -1 1.2998 685.9598 817.6605 780.9914 1045.0840 1.6278 0.5816 0.6759 -1.8123 3.2116 11.8588 1.1412 0.1360
Cyclist -1 -1 -1.8221 1370.9816 813.9200 1478.9751 1013.7595 1.8137 0.7081 2.1160 5.1407 4.0622 16.7052 -1.4898 0.1248
Cyclist -1 -1 -1.7471 1284.4120 793.7352 1367.4105 980.0890 1.7820 0.6416 1.9500 4.1447 3.8269 17.1123 -1.4800 0.1224
Cyclist -1 -1 2.0093 1569.2103 928.2603 1762.6163 1176.3770 1.6414 0.6720 1.9242 6.0523 4.4099 12.8030 2.5007 0.1152
Car -1 -1 -1.6517 1229.0422 784.2533 1652.1682 1216.0000 1.5835 1.8627 4.2827 2.7571 2.7859 8.9703 -1.2973 0.8861
