Pedestrian -1 -1 1.1452 716.9288 815.7590 821.4383 1041.0945 1.5909 0.5813 0.6869 -1.5150 3.1483 11.7576 1.0123 0.5213
Pedestrian -1 -1 1.4528 634.2978 795.7834 726.8055 1035.6593 1.6271 0.5902 0.7357 -2.1131 2.9591 11.2148 1.2534 0.4510
Pedestrian -1 -1 -0.5000 660.7366 804.1510 742.1068 981.8278 1.6696 0.6282 0.5936 -2.6693 3.5616 15.3529 -0.6754 0.2324
Pedestrian -1 -1 -1.0803 847.1505 856.5513 933.3503 1062.1213 1.7214 0.6398 0.4703 -0.6469 3.8925 13.6647 -1.1203 0.1564
Pedestrian -1 -1 -1.4583 1054.6727 918.4344 1132.7201 1132.4011 1.7504 0.6353 0.5215 1.1956 4.4537 13.4480 -1.3489 0.1439
Pedestrian -1 -1 -0.9100 126.3101 883.1630 225.0202 1050.7769 1.6495 0.6318 0.7597 -8.6326 4.5644 16.4533 -1.4104 0.1295
Pedestrian -1 -1 -0.1110 1129.9227 915.1102 1186.2773 1088.3607 1.5455 0.5663 0.4984 1.9184 4.4392 14.6178 0.0430 0.1116
Cyclist -1 -1 0.5834 611.8024 795.9808 768.8406 1041.2960 1.6451 0.6908 0.9342 -2.0257 2.9858 11.2212 0.3927 0.2538
Cyclist -1 -1 -3.5784 1557.2454 905.0826 1857.8171 1168.6881 1.6912 0.7157 1.8337 5.4184 3.8229 10.9452 -3.0592 0.1857
Cyclist -1 -1 -1.3534 1255.9504 827.8945 1356.5654 1008.1150 1.7163 0.6806 2.0533 4.1129 4.2665 17.7183 -1.0973 0.1666
Cyclist -1 -1 -1.8984 1098.7758 751.5193 1358.6803 1195.3986 1.7537 0.7590 1.8859 1.2547 2.4675 7.4491 -1.6888 0.1554
Cyclist -1 -1 -0.7298 1520.8398 875.5455 1820.3239 1151.8201 1.8676 0.7836 2.1266 5.6191 3.9632 11.8754 -0.2338 0.1164
Cyclist -1 -1 3.3736 252.2587 785.8398 686.2249 1113.4021 1.8677 0.8717 2.5393 -3.0966 2.9696 9.6648 3.0304 0.1083
Cyclist -1 -1 0.6886 707.7158 815.4373 833.4763 1036.1781 1.5574 0.6167 0.7693 -1.5045 3.1226 11.8192 0.5575 0.1023
Car -1 -1 -1.5223 1185.2852 785.2920 1604.1613 1216.0000 1.5675 1.8235 4.2716 2.7681 2.7584 8.7812 -1.1586 0.7495
