Pedestrian -1 -1 1.5285 595.3417 825.4045 660.0490 1018.8034 1.4910 0.5012 0.6393 -2.8344 3.2420 12.6839 1.2962 0.4600
Pedestrian -1 -1 -1.0644 1802.3828 792.0308 1897.5453 964.6776 1.6211 0.5683 0.6636 9.0480 3.3686 15.2311 -0.4776 0.4540
Pedestrian -1 -1 -1.4553 17.1665 887.6462 88.5041 1045.2787 1.5310 0.6070 0.6835 -9.9700 4.4949 16.4299 -2.0204 0.2536
Pedestrian -1 -1 2.5393 1640.0236 818.4208 1715.4158 948.4596 1.6652 0.6768 0.6821 9.8845 4.3859 20.6479 3.0218 0.2255
Pedestrian -1 -1 -0.7339 1034.3749 958.3223 1125.4222 1155.3741 1.5594 0.6306 0.5508 1.0811 4.6987 13.6634 -0.6350 0.1766
Pedestrian -1 -1 1.8656 437.8510 778.8478 553.6574 1016.5991 1.7309 0.6751 0.8477 -3.6819 2.9987 11.8821 1.5419 0.1664
Pedestrian -1 -1 1.3227 1555.0321 887.6638 1598.4827 982.0953 1.6254 0.6133 0.7677 11.7491 6.7196 28.5623 1.7390 0.1623
Pedestrian -1 -1 -0.7097 75.8386 886.8782 176.2392 1054.9719 1.6710 0.6331 0.7512 -9.3493 4.6865 16.7547 -1.2358 0.1572
Cyclist -1 -1 0.7682 405.6222 773.6855 610.5775 1027.6384 1.7737 0.7948 1.3870 -3.5960 3.0213 11.8791 0.4518 0.3015
Cyclist -1 -1 0.5531 0.0000 875.4966 119.0427 1031.9097 1.5339 0.7164 1.2025 -9.9349 4.3130 16.2156 -0.0176 0.2355
Cyclist -1 -1 -1.4837 1167.2600 823.7205 1259.9276 1027.3009 1.7543 0.7364 2.7661 2.9253 4.2196 17.1123 -1.2899 0.1691
Cyclist -1 -1 0.8242 563.1975 818.6252 690.5828 1024.5027 1.5303 0.6077 0.8746 -2.8048 3.2198 12.5456 0.5914 0.1578
Cyclist -1 -1 -1.1786 1865.1656 795.6812 1936.0000 970.5579 1.5844 0.5717 0.8486 9.5454 3.3426 14.9284 -0.5568 0.1163
Car -1 -1 -1.4153 1047.4241 752.8812 1534.3049 1209.3942 1.5620 1.8478 4.1939 2.1576 2.5017 8.6909 -1.1217 0.7380
Car -1 -1 1.3735 1165.0786 777.7847 1246.6765 843.1797 1.4710 1.7313 4.0899 7.3606 6.3170 45.3393 1.5513 0.2191
Car -1 -1 1.4015 1146.3773 779.2151 1220.3188 840.7021 1.5854 1.8828 4.2865 7.5949 7.1216 51.4999 1.5640 0.1746
