Pedestrian -1 -1 1.4183 655.0449 856.5627 733.8052 1065.7611 1.5377 0.5425 0.6045 -2.1817 3.4854 12.1981 1.2332 0.4177
Pedestrian -1 -1 -1.3006 72.2796 896.3784 151.2681 1056.1106 1.5501 0.5880 0.7397 -9.3163 4.6098 16.4207 -1.8349 0.2309
Pedestrian -1 -1 -1.2904 544.9335 801.9553 644.8549 1030.3694 1.6489 0.5919 0.7310 -2.8656 3.0836 11.7454 -1.5469 0.2196
Pedestrian -1 -1 -1.1958 1113.9323 956.0344 1195.0162 1159.8562 1.6114 0.5713 0.4902 1.7245 4.6428 13.3345 -1.0427 0.2044
Pedestrian -1 -1 -0.3709 1788.2441 831.1994 1854.2103 967.8629 1.7149 0.6902 0.5848 11.6926 4.5764 20.3486 0.1893 0.1634
Pedestrian -1 -1 -1.0666 1014.5202 895.3868 1098.4460 1073.1282 1.5882 0.6392 0.5796 0.9603 4.3868 15.0541 -0.9852 0.1467
Pedestrian -1 -1 -1.9575 1461.2262 845.4349 1508.8037 942.1149 1.6654 0.6062 0.7690 9.7794 5.8437 27.9408 -1.5953 0.1191
Cyclist -1 -1 -2.3595 527.1786 801.9589 677.2657 1035.3425 1.6297 0.6912 0.9310 -2.8265 3.0883 11.7859 -2.6115 0.2561
Cyclist -1 -1 -2.4141 13.8354 883.7781 164.7531 1047.4446 1.5628 0.7016 1.2570 -9.4263 4.4441 16.1864 -2.9612 0.2370
Cyclist -1 -1 -1.1449 1522.8105 829.9697 1750.1160 1112.0488 1.8566 0.8095 2.1118 5.5451 3.6662 12.2253 -0.6664 0.2309
Cyclist -1 -1 -1.7500 1223.9417 824.1788 1311.4293 999.7340 1.6564 0.7062 1.9030 3.5110 4.0872 17.2739 -1.5228 0.2118
Cyclist -1 -1 -1.0330 1492.2507 778.9794 1894.1637 1192.5470 1.7563 0.7756 2.1554 3.8560 2.6509 7.8331 -0.4901 0.1227
Cyclist -1 -1 -1.7283 982.4172 758.8004 1180.5461 1170.5875 1.6908 0.7663 1.7556 0.5565 2.4542 7.6256 -1.6326 0.1183
Car -1 -1 -1.5325 1081.8308 772.0274 1496.8591 1216.0000 1.5721 1.8885 4.2988 2.1588 2.6842 8.9662 -1.2486 0.8821
Car -1 -1 1.5127 1662.9486 788.5148 1823.4181 962.3892 1.6198 1.7594 4.0809 10.5544 4.0865 20.3267 2.0297 0.3129
Car -1 -1 -2.5772 1.8933 814.8090 189.1494 881.9056 1.5392 1.8449 4.0968 -23.7004 6.8778 41.0294 -3.0987 0.1189
Car -1 -1 1.4210 1166.7479 784.6442 1240.3275 849.4347 1.6304 1.8968 4.5401 8.2443 7.3490 51.2395 1.5969 0.1181
