Pedestrian -1 -1 -1.6762 662.5065 806.9824 752.9290 1052.3794 1.6471 0.5871 0.5997 -1.8641 3.0264 10.9578 -1.8560 0.6128
Pedestrian -1 -1 1.0410 753.3544 827.7192 862.1036 1065.5510 1.6477 0.5972 0.6291 -1.1861 3.2691 11.5248 0.9368 0.5724
Pedestrian -1 -1 -0.1133 724.1097 774.4498 801.1275 980.8355 1.7936 0.7236 0.6378 -1.8730 3.2413 14.0472 -0.2479 0.3970
Pedestrian -1 -1 -0.3328 185.5771 834.1317 282.1523 995.8529 1.5952 0.6543 0.7859 -8.0629 3.9863 16.5802 -0.8034 0.2630
Pedestrian -1 -1 2.6856 696.1735 800.9137 779.9025 976.0564 1.6343 0.5793 0.6549 -2.2752 3.4771 15.2324 2.5356 0.1955
Pedestrian -1 -1 -0.8487 1100.4996 880.9393 1186.9690 1099.1841 1.7466 0.6118 0.4580 1.6135 4.0794 13.2441 -0.7036 0.1574
Pedestrian -1 -1 -0.6447 888.2893 845.9089 975.2306 1056.8330 1.7176 0.6263 0.5078 -0.2677 3.7612 13.4252 -0.6549 0.1424
Cyclist -1 -1 -1.7287 1229.5272 755.9811 1423.7451 1193.1835 1.7306 0.7417 1.8705 1.7640 2.4717 7.4795 -1.4418 0.2304
Cyclist -1 -1 0.6538 631.9037 803.8565 779.5533 1057.5287 1.6590 0.6592 0.8374 -1.8657 3.0271 10.9479 0.4736 0.2250
Cyclist -1 -1 2.3093 1805.1633 863.4445 1936.0000 1143.5212 1.7749 0.7739 2.1540 7.4467 3.6194 11.0000 2.9719 0.2186
Cyclist -1 -1 -0.7721 1543.1062 838.2261 1870.0132 1116.7140 1.8381 0.7976 2.3080 5.7601 3.5862 11.5794 -0.2529 0.1952
Cyclist -1 -1 2.1551 1586.0612 888.4539 1908.9409 1162.0997 1.8016 0.7975 3.0345 6.7719 4.2400 12.8195 2.6938 0.1582
Cyclist -1 -1 3.3678 289.6001 808.1565 682.3400 1118.7147 1.7714 0.7647 2.3036 -2.9939 3.0130 9.6279 3.0342 0.1535
Car -1 -1 -1.6099 1337.7545 783.7863 1767.2760 1216.0000 1.5818 1.7695 4.1938 3.4019 2.7315 8.5450 -1.1614 0.6768
Car -1 -1 0.9812 1744.8894 815.1432 1936.0000 943.7695 1.5426 1.8232 4.2929 15.9394 5.1866 26.4847 1.5555 0.4389
