Pedestrian -1 -1 0.9320 780.7764 823.6613 890.4642 1060.4398 1.6271 0.5700 0.6320 -0.9610 3.2010 11.4164 0.8483 0.4689
Pedestrian -1 -1 -1.6384 699.4988 792.6788 784.8140 1036.0674 1.6076 0.5592 0.6842 -1.5929 2.8658 10.8187 -1.7941 0.3613
Pedestrian -1 -1 -0.2048 749.3693 765.0018 829.9502 971.3203 1.8008 0.6747 0.6270 -1.6172 3.1554 14.0403 -0.3200 0.1997
Pedestrian -1 -1 -0.8751 1111.5022 866.8461 1197.9990 1088.4375 1.7779 0.5967 0.4683 1.7063 3.9754 13.2040 -0.7220 0.1785
Pedestrian -1 -1 -0.6189 892.2458 827.6052 978.3123 1038.6083 1.7193 0.6105 0.5103 -0.2348 3.5820 13.3448 -0.6269 0.1533
Pedestrian -1 -1 -1.0267 978.6116 887.8802 1068.5665 1095.2882 1.7144 0.6178 0.5784 0.5779 4.2179 13.8230 -0.9687 0.1360
Pedestrian -1 -1 2.0711 704.4955 798.4258 784.6441 968.4623 1.5925 0.5656 0.6504 -2.2018 3.4069 15.2326 1.9261 0.1237
Cyclist -1 -1 -1.9922 1198.0879 767.3531 1492.7692 1210.9491 1.7088 0.7842 1.8306 1.7985 2.4983 7.3314 -1.6937 0.2018
Cyclist -1 -1 2.2713 1679.4937 810.2053 1936.0000 1092.1143 1.7815 0.7752 2.2007 6.4835 3.2271 10.9978 2.8701 0.1850
Cyclist -1 -1 0.2722 146.7865 811.5962 293.5966 969.2460 1.5416 0.7503 1.2873 -8.0557 3.6396 16.3055 -0.2068 0.1258
Cyclist -1 -1 3.4580 339.0489 817.6398 671.1868 1091.9794 1.5896 0.7333 1.9019 -2.8760 2.8706 9.5650 3.1337 0.1125
Cyclist -1 -1 2.3082 1597.6392 894.4636 1930.9606 1155.6942 1.8609 0.8469 2.7876 7.0405 4.3694 13.1133 2.8527 0.1042
Car -1 -1 -1.5456 1323.9338 787.6366 1757.6102 1216.0000 1.5749 1.7574 4.2449 3.4398 2.7302 8.3305 -1.0812 0.8744
Car -1 -1 1.3549 1253.3363 786.3658 1371.7896 878.5645 1.5877 1.9299 4.4645 8.3526 5.7124 35.9392 1.6033 0.2633
