Pedestrian -1 -1 -1.4273 1858.2548 791.7656 1936.0000 968.6755 1.6166 0.6153 0.6478 9.4019 3.3353 14.9554 -0.8135 0.3627
Pedestrian -1 -1 -0.4227 985.2233 878.9169 1064.1903 1049.4382 1.5660 0.6301 0.6094 0.6457 4.2396 15.3374 -0.3649 0.3598
Pedestrian -1 -1 1.6687 588.8358 834.8281 662.8742 1044.7159 1.6065 0.5516 0.6101 -2.7871 3.4038 12.4640 1.4365 0.2567
Pedestrian -1 -1 2.1957 460.7886 799.3753 594.6682 1036.9139 1.6756 0.6484 0.8452 -3.4054 3.1103 11.7927 1.8935 0.1808
Pedestrian -1 -1 -3.3850 1654.4171 813.8126 1715.6096 948.2247 1.7121 0.6563 0.6356 9.9394 4.3586 20.5546 -2.8982 0.1725
Pedestrian -1 -1 -1.1055 1066.9728 962.9003 1154.0262 1169.6368 1.6240 0.6102 0.5013 1.3343 4.7291 13.3603 -0.9840 0.1623
Pedestrian -1 -1 1.7094 1604.5962 847.8124 1642.4932 946.8870 1.7429 0.5661 0.6352 12.6771 6.0722 28.6229 2.1536 0.1559
Pedestrian -1 -1 -1.3833 330.7042 771.5455 365.8152 849.5281 1.7347 0.6493 0.6702 -14.3985 5.2188 35.1369 -1.7715 0.1487
Pedestrian -1 -1 1.0205 1845.0098 882.6018 1921.9391 1026.0773 1.6723 0.6490 0.5150 11.5097 4.9373 18.6758 1.6138 0.1277
Cyclist -1 -1 0.6067 450.2182 798.2993 632.2189 1037.9427 1.6830 0.7474 1.1651 -3.3072 3.1147 11.8123 0.3135 0.2831
Cyclist -1 -1 0.2473 0.0000 861.4001 146.2645 1031.5811 1.6023 0.7028 1.4455 -9.7040 4.2502 16.1863 -0.3138 0.2655
Cyclist -1 -1 -1.7405 1185.7036 829.1559 1283.2854 1015.5753 1.7049 0.7764 2.5381 3.2041 4.3065 17.7662 -1.5374 0.2373
Cyclist -1 -1 -1.8084 968.4701 755.9788 1184.6294 1154.7589 1.6519 0.7477 1.7149 0.5355 2.4052 7.6910 -1.7168 0.1491
Car -1 -1 -1.5863 1090.7257 770.3220 1500.0394 1216.0000 1.5739 1.8680 4.2986 2.0699 2.6810 9.0692 -1.3165 0.9066
Car -1 -1 1.4206 1157.9581 779.2294 1232.1058 842.5184 1.5996 1.9167 4.5374 7.9526 7.1236 51.2395 1.5908 0.1768
Car -1 -1 1.8588 16.5332 790.9225 141.3019 870.9005 1.6090 1.8674 4.2354 -24.5852 6.5060 41.8297 1.3292 0.1383
