Pedestrian -1 -1 1.3100 803.0810 807.6379 899.8504 1045.9458 1.6313 0.5852 0.6151 -0.8299 3.0491 11.2161 1.2371 0.3840
Pedestrian -1 -1 1.6592 721.5687 776.1192 816.7424 1037.2762 1.7175 0.6156 0.6737 -1.3495 2.8240 10.5918 1.5249 0.3527
Pedestrian -1 -1 -0.4865 770.4436 784.6909 864.7138 997.9662 1.8001 0.7128 0.6016 -1.3282 3.3220 13.7793 -0.5811 0.2596
Pedestrian -1 -1 -1.2396 1595.8059 969.9127 1683.9924 1155.7520 1.7344 0.6470 0.7496 7.3894 5.6046 16.2819 -0.7747 0.2309
Pedestrian -1 -1 0.1893 0.0000 755.2598 36.8608 1061.2681 1.6651 0.6360 0.7089 -5.9855 2.4846 8.9581 -0.4651 0.1908
Pedestrian -1 -1 -0.7498 918.8242 815.1147 1007.3920 1031.5718 1.7535 0.6023 0.5089 0.0147 3.4828 13.2012 -0.7374 0.1826
Pedestrian -1 -1 -1.1755 992.7282 870.0554 1082.6516 1075.8331 1.6864 0.6239 0.6217 0.7026 3.9956 13.6684 -1.1073 0.1372
Pedestrian -1 -1 -0.9602 1378.3073 915.3423 1456.8400 1078.9583 1.6390 0.5843 0.6366 5.1579 5.0052 16.9086 -0.6317 0.1314
Pedestrian -1 -1 -1.0616 696.8881 783.8024 779.7375 963.1522 1.6431 0.5826 0.6200 -2.1996 3.2562 14.7885 -1.2118 0.1305
Pedestrian -1 -1 -0.9682 1369.9890 931.5444 1455.6655 1107.3445 1.5200 0.6094 0.5360 4.4499 4.6265 14.7454 -0.6395 0.1082
Cyclist -1 -1 -0.6950 1581.1970 811.0699 1936.0000 1094.2705 1.8780 0.8802 2.8380 6.2727 3.3673 11.3458 -0.1278 0.1800
Cyclist -1 -1 -1.8041 1511.7045 914.0018 1603.4858 1120.8308 1.6656 0.5573 1.7162 6.1286 4.8231 15.4384 -1.3869 0.1473
Cyclist -1 -1 0.2236 337.1970 771.2702 741.3945 1098.3488 1.8258 0.8914 2.3019 -2.5676 2.7933 9.3537 -0.0750 0.1390
Cyclist -1 -1 -2.1894 1228.2939 767.1145 1577.2791 1216.0000 1.7420 0.7687 1.8081 2.0439 2.5218 7.2251 -1.8485 0.1098
Car -1 -1 -1.4332 1322.6102 787.9175 1866.9609 1216.0000 1.5408 1.7965 4.2949 3.7000 2.6836 8.2231 -0.9327 0.8145
Car -1 -1 1.3296 1265.4760 777.4740 1394.3198 871.1628 1.6086 1.9972 4.7452 8.7347 5.5105 35.8532 1.5890 0.1710
Car -1 -1 3.4582 353.2638 787.7834 525.1147 853.1371 1.5130 1.9280 3.9951 -14.1014 6.0383 40.5555 3.1278 0.1278
