Pedestrian -1 -1 1.7855 811.6307 773.6985 924.3954 1043.7227 1.6643 0.6232 0.6792 -0.6142 2.6998 10.0233 1.7246 0.5428
Pedestrian -1 -1 0.9499 910.6567 772.2419 1031.4670 1022.5839 1.6251 0.6053 0.6357 0.0661 2.7172 10.6515 0.9666 0.4351
Pedestrian -1 -1 1.9477 672.8615 767.3816 721.7348 872.8712 1.6256 0.6067 0.5941 -4.2945 3.9793 24.3503 1.7759 0.3430
Pedestrian -1 -1 -0.7242 844.1235 739.1544 951.3088 948.7040 1.7373 0.7217 0.6444 -0.5713 2.7987 13.4089 -0.7611 0.2636
Pedestrian -1 -1 -0.4101 1035.0726 744.1094 1130.5675 971.2736 1.7938 0.6278 0.6094 1.0185 2.8305 12.6122 -0.3101 0.2175
Pedestrian -1 -1 -0.4974 1100.0493 778.2024 1188.5933 992.9849 1.7552 0.6378 0.5430 1.6066 3.1461 13.1751 -0.3524 0.1727
Pedestrian -1 -1 -0.6101 784.6477 731.1927 876.2540 909.3343 1.7787 0.7249 0.6871 -1.4037 2.9532 16.0252 -0.6945 0.1213
Pedestrian -1 -1 -3.1433 1389.5933 834.0473 1439.7726 1046.8497 1.6954 0.5424 0.3921 3.9037 3.5395 12.8649 -2.8080 0.1096
Cyclist -1 -1 -1.1264 1734.4226 801.7498 1936.0000 1105.2643 1.7965 0.8186 2.7534 6.9657 3.2235 11.0509 -0.4966 0.1572
Cyclist -1 -1 0.7415 0.0000 804.9072 171.1655 1071.5798 1.7214 0.7611 2.1353 -6.9694 3.0890 10.8516 0.1243 0.1242
Cyclist -1 -1 -0.9643 1710.1399 812.6077 1936.0000 1127.4382 1.6798 0.7566 1.6448 5.6330 2.9356 9.3701 -0.3453 0.1148
Car -1 -1 -1.6328 1529.3099 772.2373 1936.0000 1216.0000 1.5075 1.8162 4.1105 4.3357 2.5106 7.9479 -1.0441 0.4902
Car -1 -1 3.4108 428.7476 789.4182 594.1871 852.8972 1.4663 1.8887 3.9339 -12.1528 6.0386 40.5840 3.1250 0.1236
Car -1 -1 -1.9773 1513.5989 806.7048 1635.2410 880.7342 1.4679 1.7413 4.0250 16.9605 6.7663 41.5667 -1.5676 0.1128
