Pedestrian -1 -1 1.8413 745.9018 752.8062 795.2164 858.4968 1.5961 0.6339 0.6191 -3.0298 3.6612 23.7915 1.7192 0.4461
Pedestrian -1 -1 1.6805 931.5820 781.9645 1041.4128 1074.8203 1.7407 0.6332 0.6557 0.1731 2.7933 9.6533 1.7107 0.4193
Pedestrian -1 -1 1.0537 1037.6432 798.1273 1170.3647 1064.6002 1.6011 0.6463 0.6576 0.9438 2.8058 9.9714 1.1716 0.4031
Pedestrian -1 -1 0.0385 452.2444 791.6360 527.1068 947.8683 1.5861 0.6017 0.7679 -5.1680 3.4608 16.4193 -0.2785 0.2802
Pedestrian -1 -1 -0.8233 1123.4497 765.8923 1230.4086 1004.9077 1.7745 0.6254 0.5782 1.7317 2.9483 12.0267 -0.6530 0.2144
Pedestrian -1 -1 -0.8750 919.4152 750.6787 1030.1333 962.2628 1.6842 0.6954 0.6620 0.1177 2.8137 12.9502 -0.8547 0.1339
Pedestrian -1 -1 -0.3731 1200.7191 790.7576 1271.4296 982.6991 1.6906 0.6221 0.4739 2.5872 3.2943 14.1141 -0.1633 0.1196
Pedestrian -1 -1 -1.2079 886.8691 745.3400 975.9028 938.9631 1.7053 0.6460 0.6554 -0.2762 2.8755 14.1111 -1.2190 0.1138
Cyclist -1 -1 -1.1259 1773.4982 801.6866 1936.0000 1214.7299 1.7230 0.7767 2.3489 5.3919 2.7427 7.7899 -0.4228 0.3162
Cyclist -1 -1 -1.5987 1840.5975 742.5240 1936.0000 1216.0000 1.7767 0.6587 1.4943 4.1739 2.3286 6.2290 -0.8843 0.1593
Cyclist -1 -1 -1.8772 1628.5133 772.3383 1875.1888 1216.0000 1.6869 0.6705 1.6827 3.6031 2.4615 6.9561 -1.2997 0.1299
Cyclist -1 -1 -0.0760 443.5016 790.8245 538.9183 950.4320 1.5902 0.6426 0.9434 -5.1491 3.4595 16.3697 -0.3928 0.1176
Cyclist -1 -1 0.7990 917.7619 782.2759 1077.6440 1078.8262 1.7060 0.7045 0.7592 0.2331 2.7782 9.6704 0.8363 0.1126
Car -1 -1 -2.2707 1672.8844 799.5130 1936.0000 1047.6039 1.6143 1.6874 4.4477 9.3372 3.6645 15.2616 -1.6712 0.1127
