Pedestrian -1 -1 -0.7146 1096.2751 721.0719 1217.4723 949.8158 1.7543 0.7227 0.6926 1.6131 2.5814 12.3710 -0.5597 0.5463
Pedestrian -1 -1 1.6761 1144.4347 779.0317 1269.9161 1100.5873 1.6834 0.6316 0.5839 1.4154 2.6043 8.5612 1.8776 0.5019
Pedestrian -1 -1 -0.3678 624.0881 764.9927 714.6994 927.9421 1.6417 0.6195 0.8026 -3.1950 3.2192 16.3627 -0.5655 0.4768
Pedestrian -1 -1 2.1608 727.1115 767.3167 783.3613 882.5064 1.7392 0.6432 0.6509 -3.3157 4.0744 24.0867 2.0288 0.1317
Pedestrian -1 -1 1.0946 1235.3461 796.5018 1373.3925 1092.1506 1.6027 0.5783 0.6672 2.0388 2.6728 8.9402 1.3648 0.1235
Pedestrian -1 -1 -3.2154 1190.4193 739.5596 1266.7611 940.4755 1.6375 0.5831 0.6227 2.2966 2.6516 12.8954 -3.0093 0.1200
Pedestrian -1 -1 -1.4669 1269.2491 754.2538 1438.7058 1211.3812 1.7832 0.6093 0.6402 1.7131 2.3807 6.4885 -1.1396 0.1132
Pedestrian -1 -1 0.0870 1140.9666 751.0023 1214.4067 933.2209 1.5445 0.6026 0.5945 1.9663 2.7181 13.5507 0.2566 0.1108
Pedestrian -1 -1 1.6470 696.3514 751.7398 761.9091 932.1924 1.6809 0.5979 0.4767 -2.2545 2.9381 14.5605 1.4891 0.1074
Car -1 -1 -2.9682 620.2726 808.5711 770.1623 865.3003 1.3262 1.8118 3.8628 -7.3975 6.5770 41.8321 -3.1347 0.1591
