Pedestrian -1 -1 1.6328 1066.7145 772.8059 1177.1608 1067.4972 1.6437 0.6135 0.5837 0.9790 2.5716 9.0351 1.7677 0.6394
Pedestrian -1 -1 1.1362 1164.0696 788.2808 1298.0481 1063.8102 1.5757 0.6147 0.6815 1.6886 2.6492 9.4259 1.3505 0.4826
Pedestrian -1 -1 -1.0970 1019.0611 745.5634 1129.4785 961.0938 1.6862 0.7197 0.6324 0.9605 2.7462 12.6755 -1.0026 0.4433
Pedestrian -1 -1 -0.0943 577.4081 747.5894 649.8580 901.6225 1.5985 0.6881 0.7199 -3.8794 3.0022 16.6667 -0.3308 0.3667
Pedestrian -1 -1 1.7343 826.3441 761.3071 875.8787 870.9712 1.6223 0.6701 0.6562 -1.7171 3.7874 23.3762 1.6686 0.3323
Pedestrian -1 -1 -0.6613 1099.0380 744.5833 1202.9857 966.3267 1.7833 0.6277 0.6441 1.6357 2.8522 12.9238 -0.5111 0.1619
Pedestrian -1 -1 -0.9418 496.1556 758.9803 578.6340 929.1573 1.6844 0.5730 0.6439 -4.4813 3.1396 15.8305 -1.2296 0.1178
Pedestrian -1 -1 0.3094 569.0082 777.0029 623.3898 880.3329 1.4799 0.6297 0.6428 -5.5468 3.8274 22.7436 0.0687 0.1169
Car -1 -1 1.0396 1909.6208 827.5518 1936.0000 975.7978 1.5554 1.9153 4.4841 17.6559 5.1874 24.4548 1.7006 0.3117
Car -1 -1 0.8343 1806.4114 790.3561 1936.0000 1071.1007 1.7266 1.7589 4.4715 10.2394 3.5462 14.1654 1.5165 0.1312
Car -1 -1 0.9068 1904.1257 811.0526 1936.0000 925.7777 1.6602 1.8323 4.4213 21.9480 5.8087 31.0990 1.5515 0.1278
