Pedestrian -1 -1 -1.5700 1338.0701 708.0185 1444.5615 943.4904 1.6809 0.7518 0.7079 3.3010 2.3428 11.4527 -1.2445 0.5018
Pedestrian -1 -1 -0.2919 828.2418 779.3113 913.6321 937.0859 1.5438 0.5694 0.7718 -0.9591 3.2177 15.8127 -0.3468 0.4569
Pedestrian -1 -1 2.0267 906.8514 764.0227 963.4686 882.0519 1.7017 0.6180 0.7161 -0.3997 3.8927 23.0946 2.0203 0.4353
Pedestrian -1 -1 1.9998 883.6023 753.6989 980.0656 951.5013 1.6755 0.6293 0.7467 -0.2637 2.9000 13.7473 1.9890 0.3818
Pedestrian -1 -1 1.2784 1444.2549 795.6407 1614.9393 1182.9844 1.6619 0.6240 0.7367 2.7084 2.5295 7.1883 1.7188 0.3707
Pedestrian -1 -1 1.9700 1572.1655 803.9615 1778.6290 1166.2581 1.5699 0.6065 0.8401 3.5636 2.5225 7.4617 2.5044 0.1673
Pedestrian -1 -1 -0.6153 1845.7468 832.4100 1936.0000 1041.4365 1.7174 0.6785 0.6665 8.4021 3.6109 13.3046 0.0047 0.1384
Pedestrian -1 -1 -0.4565 1779.6036 804.9561 1897.1016 1016.6266 1.7180 0.6929 0.6768 7.7171 3.3520 13.1840 0.1295 0.1380
Pedestrian -1 -1 -1.0374 1788.5005 736.9979 1931.1588 1012.4683 1.8304 0.6211 0.6391 6.4154 2.6627 10.6892 -0.4264 0.1328
Cyclist -1 -1 -0.1833 864.2090 769.2961 945.8704 926.8171 1.5869 0.5702 0.7905 -0.6104 3.1758 16.0925 -0.2135 0.2345
Cyclist -1 -1 0.2372 1394.0007 786.4692 1651.8766 1198.6700 1.6917 0.7167 0.9859 2.6966 2.5317 7.1864 0.6760 0.1787
Cyclist -1 -1 -0.4859 1606.8696 784.0461 1936.0000 1155.6626 1.5838 0.7112 1.5208 4.0125 2.3976 7.2011 0.1224 0.1237
