Pedestrian -1 -1 2.4098 989.8498 762.0756 1096.1970 971.8286 1.7026 0.6310 0.6939 0.7206 2.9563 13.2052 2.4807 0.5038
Pedestrian -1 -1 1.3981 1668.9175 732.3994 1827.2605 1155.5590 1.6554 0.5653 0.6240 3.3743 2.1481 6.4536 1.9900 0.4496
Pedestrian -1 -1 2.0628 1130.3973 746.2457 1198.4797 874.4899 1.6442 0.6227 0.7911 2.8054 3.3589 20.6285 2.2183 0.4399
Pedestrian -1 -1 -0.4255 980.7657 785.5095 1066.4900 935.4120 1.4485 0.5590 0.7365 0.6505 3.1756 15.6876 -0.3694 0.4278
Pedestrian -1 -1 2.5675 1666.1407 736.3482 1753.5620 911.3005 1.6567 0.6236 0.5392 7.4529 2.7920 14.9061 3.0806 0.2967
Pedestrian -1 -1 2.2109 1007.9329 767.9748 1066.8373 887.6633 1.6622 0.6270 0.6213 1.1336 3.8340 22.2601 2.2766 0.2228
Pedestrian -1 -1 -0.5651 1055.2782 774.0219 1157.6709 929.1216 1.5275 0.6353 0.9007 1.5636 3.1846 16.1363 -0.4492 0.1568
Pedestrian -1 -1 1.0884 1810.6279 758.6579 1936.0000 1149.6276 1.5260 0.6212 0.7438 4.1950 2.1506 6.5564 1.7752 0.1566
Pedestrian -1 -1 1.4503 1314.4358 749.9213 1406.1714 991.6138 1.7736 0.6484 0.5422 3.0947 2.7736 11.6356 1.7516 0.1532
Pedestrian -1 -1 -0.1725 931.3961 765.4614 1007.1995 941.1138 1.6829 0.5815 0.6865 0.0757 3.1449 15.2137 -0.1562 0.1320
Cyclist -1 -1 -0.3092 967.1362 778.6601 1070.4847 944.1763 1.5828 0.5986 0.9344 0.5892 3.2150 15.4668 -0.2567 0.1966
Car -1 -1 3.2651 660.1696 795.9391 820.6654 862.3269 1.4514 1.9124 3.8925 -5.6677 5.9939 38.7344 3.1285 0.1566
Car -1 -1 2.9079 1172.6613 802.0842 1346.1597 873.4964 1.5672 1.9542 4.1002 7.6981 6.2952 38.8865 3.1218 0.1373
