Pedestrian -1 -1 -0.3311 953.9989 787.2866 1038.3518 940.3150 1.4916 0.5441 0.7548 0.3629 3.2401 15.7322 -0.2950 0.5676
Pedestrian -1 -1 -1.5786 1635.2198 752.4060 1797.3868 1186.9244 1.7066 0.5726 0.6644 3.3199 2.3031 6.5620 -1.0047 0.5421
Pedestrian -1 -1 2.6630 983.3373 769.3296 1082.3905 964.5986 1.5977 0.6179 0.6730 0.6306 2.9201 13.2736 2.7260 0.5406
Pedestrian -1 -1 1.9348 971.2968 779.6331 1021.5828 895.1555 1.6156 0.5935 0.5315 0.5252 3.9541 22.2402 1.9717 0.3714
Pedestrian -1 -1 -0.5035 1012.9070 796.1715 1105.1465 946.9410 1.4778 0.6056 0.8004 1.0488 3.3718 16.0976 -0.4217 0.2280
Pedestrian -1 -1 1.9121 1628.3865 720.3822 1712.6165 901.7311 1.7168 0.6067 0.5301 7.1049 2.6992 14.9840 2.4031 0.1557
Pedestrian -1 -1 1.9924 995.3379 772.2323 1046.9421 891.9543 1.7091 0.5902 0.5882 0.9118 3.9868 22.7216 2.0468 0.1246
Pedestrian -1 -1 -2.6564 1454.9908 713.8458 1608.3556 971.8394 1.7051 0.8120 0.7175 4.1116 2.3782 10.7839 -2.2358 0.1104
Cyclist -1 -1 -0.4043 952.1163 786.9368 1049.1118 939.4281 1.4686 0.5851 0.8624 0.4101 3.2201 15.7373 -0.3649 0.2236
Cyclist -1 -1 -0.0269 1613.5587 754.7255 1850.3723 1179.7781 1.6342 0.6602 0.8751 3.3915 2.2492 6.5733 0.5562 0.1851
Car -1 -1 2.9145 1170.7532 801.3021 1344.7133 873.0804 1.5812 1.9504 4.1211 7.6539 6.2868 38.8868 3.1273 0.1139
