Pedestrian -1 -1 -0.2805 895.5747 786.4963 978.6714 934.1492 1.4591 0.5889 0.7602 -0.2636 3.2326 16.0223 -0.2873 0.4740
Pedestrian -1 -1 2.0462 944.7001 765.4097 999.9083 881.0156 1.6516 0.6091 0.6514 0.1711 3.8385 22.8443 2.0659 0.4077
Pedestrian -1 -1 -1.5281 1376.3783 714.4007 1496.7188 954.0009 1.6846 0.8087 0.7491 3.6280 2.3964 11.3917 -1.1718 0.3555
Pedestrian -1 -1 1.6603 1506.5822 778.3697 1679.3887 1179.6597 1.6243 0.6095 0.7510 2.9242 2.3821 6.9024 2.1514 0.3055
Pedestrian -1 -1 1.8159 923.9166 751.6573 1008.7287 949.2169 1.6696 0.6154 0.6896 0.0531 2.8557 13.5800 1.8306 0.2936
Pedestrian -1 -1 1.2790 1639.3784 799.7505 1811.7784 1168.6556 1.5386 0.5805 0.8544 3.6469 2.4366 7.1909 1.8439 0.2742
Pedestrian -1 -1 -0.0851 1789.1182 782.7476 1874.1180 1001.6373 1.7754 0.7511 0.6315 7.7288 3.2303 13.3035 0.4974 0.1652
Pedestrian -1 -1 -0.0052 843.5549 794.5670 914.3781 959.9471 1.6174 0.5078 0.7190 -0.8500 3.4021 15.4579 -0.0538 0.1421
Cyclist -1 -1 0.0640 1456.5387 774.8195 1702.9395 1177.6978 1.6046 0.6874 0.9569 2.8581 2.3509 6.9019 0.5459 0.2172
Cyclist -1 -1 -0.3505 888.2317 783.5945 974.6296 942.0844 1.5457 0.5938 0.7589 -0.3199 3.2684 15.8218 -0.3614 0.1523
Car -1 -1 1.1952 1464.9186 834.1301 1594.5216 918.9365 1.4829 1.7930 4.0940 14.4840 7.1343 38.3386 1.5786 0.1290
