Pedestrian -1 -1 -1.2501 1270.8574 716.1428 1393.9088 944.8122 1.6582 0.7399 0.6941 2.9154 2.4045 11.7358 -0.9668 0.5008
Pedestrian -1 -1 1.3934 1377.9969 786.0436 1525.1451 1155.5043 1.6610 0.6277 0.6722 2.4265 2.5073 7.4601 1.7779 0.4682
Pedestrian -1 -1 -0.1123 775.2458 780.7007 851.4130 941.4947 1.5855 0.5949 0.7413 -1.5712 3.2728 15.8269 -0.2087 0.4113
Pedestrian -1 -1 1.8475 883.8342 765.8205 935.8373 885.1016 1.7420 0.6468 0.6542 -0.7931 3.9636 23.1772 1.8233 0.4026
Pedestrian -1 -1 -0.3726 831.5602 765.8271 911.4148 916.5172 1.5249 0.6235 0.6946 -0.9860 3.1070 16.3606 -0.4270 0.3905
Pedestrian -1 -1 1.0865 1517.4546 803.7407 1697.8431 1162.3519 1.6815 0.6268 0.7054 3.3145 2.6467 7.7178 1.5726 0.3321
Pedestrian -1 -1 -0.3756 834.9135 753.1944 930.0596 944.8214 1.6514 0.6729 0.6883 -0.7394 2.8854 13.9356 -0.4236 0.2798
Pedestrian -1 -1 1.9978 1102.6736 715.7900 1208.9534 944.8234 1.8044 0.6811 0.6282 1.6402 2.5968 12.5880 2.1524 0.2008
Cyclist -1 -1 -0.1032 775.6421 780.5165 863.3817 942.5608 1.5837 0.6389 0.8614 -1.5021 3.2666 15.7750 -0.1954 0.1517
Car -1 -1 3.2448 712.2178 804.9646 858.3823 862.7974 1.3623 1.8359 3.8833 -4.8855 6.5189 41.9016 3.1387 0.2196
