Pedestrian -1 -1 -1.0798 1194.4814 724.3325 1322.9452 951.8903 1.6741 0.7616 0.6962 2.3798 2.5037 11.9631 -0.8497 0.5556
Pedestrian -1 -1 1.3430 1266.2279 766.1675 1413.1476 1109.2889 1.6933 0.6560 0.6921 2.0195 2.4888 8.0525 1.6429 0.5247
Pedestrian -1 -1 -0.3923 712.6660 766.6378 800.4214 923.1644 1.5510 0.5830 0.7698 -2.2020 3.1167 16.0725 -0.5292 0.4498
Pedestrian -1 -1 1.0584 1367.9095 780.5721 1528.7185 1110.3585 1.6776 0.6205 0.6744 2.7001 2.5848 8.3388 1.4342 0.3717
Pedestrian -1 -1 1.8818 827.7441 762.8948 880.0069 877.7222 1.7058 0.6602 0.6135 -1.6841 3.9095 23.5028 1.8181 0.3711
Pedestrian -1 -1 -3.5588 1799.6992 720.4989 1932.4906 1011.8779 1.7843 0.6413 0.5601 5.8958 2.4327 9.7716 -2.9385 0.2058
Pedestrian -1 -1 2.4201 770.7808 746.2568 870.1228 937.8743 1.6814 0.6638 0.6658 -1.3355 2.8708 14.1873 2.3272 0.1608
Cyclist -1 -1 -0.3923 712.6660 766.6378 800.4214 923.1644 1.5510 0.5830 0.7698 -2.2020 3.1167 16.0725 -0.5292 0.1390
Cyclist -1 -1 0.8079 1228.1667 762.7504 1431.2805 1117.4861 1.6976 0.7287 0.7851 1.9762 2.4892 8.0720 1.1010 0.1329
Car -1 -1 3.2776 666.8470 805.5661 814.5722 862.8801 1.3481 1.8362 3.8664 -6.1316 6.5187 41.8814 3.1415 0.2386
