Pedestrian -1 -1 1.8588 1243.7600 742.3892 1355.5442 978.0892 1.6869 0.6617 0.6922 2.6377 2.6379 11.6370 2.1190 0.6036
Pedestrian -1 -1 -1.1873 1225.9689 760.7081 1311.0507 921.9896 1.4394 0.5566 0.7573 3.0054 2.8088 14.6083 -0.9543 0.4144
Pedestrian -1 -1 2.2560 1337.2196 754.7324 1413.7052 900.8831 1.7061 0.5879 0.7284 5.1771 3.3681 18.6966 2.5565 0.3704
Pedestrian -1 -1 -1.1558 1318.1171 750.2464 1402.6251 915.1771 1.5238 0.6120 0.6029 3.9761 2.8083 14.8957 -0.8601 0.2574
Pedestrian -1 -1 1.4871 1329.6216 779.8439 1376.9036 896.8986 1.4920 0.5889 0.8503 5.4430 3.6957 20.7941 1.7707 0.1991
Pedestrian -1 -1 -2.9365 936.6735 750.5577 996.6102 917.6437 1.7369 0.6286 0.5371 0.0641 3.1507 16.4604 -2.9213 0.1486
Pedestrian -1 -1 1.6434 1510.5411 787.2086 1559.5101 905.1744 1.7581 0.6719 0.5926 9.1518 4.3918 23.8490 2.0399 0.1080
Pedestrian -1 -1 -0.7273 1834.2415 731.8022 1936.0000 1025.0239 1.6892 0.5892 0.5815 5.8194 2.3668 9.1622 -0.0775 0.1002
Cyclist -1 -1 -0.3396 1516.2689 739.4956 1690.9745 886.3022 1.6969 0.7802 1.8395 7.9281 3.1534 18.5233 0.1035 0.1216
Cyclist -1 -1 -0.4055 1435.0162 736.0534 1650.0552 900.6549 1.8157 0.8525 2.1855 6.7725 3.1486 17.5034 0.0019 0.1073
Cyclist -1 -1 -3.5140 1366.1849 623.3781 1936.0000 1216.0000 1.7539 0.8837 1.5542 2.1676 1.7495 4.9049 -2.9583 0.1071
Car -1 -1 3.5504 0.0000 751.3402 372.8552 890.3655 1.7249 1.9590 4.5052 -11.2022 3.6661 21.8052 3.0632 0.1209
Car -1 -1 1.3859 1193.0580 778.0325 1269.7186 839.2972 1.5576 1.8716 4.4254 9.2177 7.0431 51.3479 1.5803 0.1154
