Pedestrian -1 -1 1.9825 1233.2106 739.7392 1347.9974 966.9583 1.6467 0.6684 0.6445 2.5921 2.5853 11.7624 2.2358 0.4964
Pedestrian -1 -1 -0.8904 1199.0698 779.4169 1291.6915 936.2826 1.4141 0.5808 0.7072 2.8136 2.9907 14.8108 -0.6743 0.4683
Pedestrian -1 -1 -0.8954 1280.2794 783.9578 1365.9507 942.2587 1.4458 0.5571 0.6240 3.6011 3.0728 14.8883 -0.6255 0.3746
Pedestrian -1 -1 1.9847 1330.9351 753.8782 1401.8994 894.8755 1.6488 0.6036 0.7398 5.1056 3.3148 18.8385 2.2793 0.3697
Pedestrian -1 -1 -0.7331 1772.0380 733.2856 1923.9050 1019.3400 1.6911 0.6382 0.5513 5.5921 2.4018 9.4557 -0.1198 0.1464
Pedestrian -1 -1 1.4427 1326.2499 781.8781 1374.9785 904.1874 1.5790 0.5811 0.7875 5.4219 3.8135 20.8529 1.7245 0.1082
Pedestrian -1 -1 1.5231 1302.6573 769.4965 1352.5686 900.9698 1.6013 0.6210 0.7786 4.8052 3.5442 19.6462 1.7905 0.1044
Cyclist -1 -1 -2.8443 1301.1744 704.8798 1840.4357 1216.0000 1.6731 0.7586 1.5048 2.0043 1.9856 5.0394 -2.3410 0.1012
Car -1 -1 1.3470 1205.5848 774.9358 1293.3425 843.4747 1.5382 1.7618 4.2032 8.6002 6.2599 44.9455 1.5537 0.1152
Car -1 -1 1.9828 236.9445 816.7500 365.8451 894.5037 1.4863 1.7164 3.9998 -17.7700 6.9347 40.4670 1.5729 0.1133
Car -1 -1 1.4277 1167.9921 780.3628 1238.1549 841.4530 1.5430 1.8326 4.3989 8.2491 7.1120 51.3414 1.6034 0.1076
