Pedestrian -1 -1 1.3701 1355.7280 755.0384 1460.7386 1002.2256 1.6858 0.6476 0.6111 3.2487 2.6654 10.9103 1.7065 0.5020
Pedestrian -1 -1 -0.8849 1417.9451 762.0572 1525.4709 933.7404 1.5043 0.6059 0.7817 4.8744 2.8567 14.2884 -0.5146 0.4450
Pedestrian -1 -1 2.4880 1438.5402 752.0560 1516.5286 905.0450 1.7222 0.5951 0.6559 6.1539 3.2713 17.8406 2.8555 0.3515
Pedestrian -1 -1 -1.2996 1627.3135 752.1411 1700.6205 899.0550 1.6804 0.6216 0.7355 8.6562 3.2885 18.4191 -0.8199 0.2983
Pedestrian -1 -1 -1.2699 1294.4917 756.7864 1362.3405 902.9777 1.6807 0.6497 0.6052 4.5188 3.3413 18.3991 -1.0003 0.2617
Pedestrian -1 -1 -0.9266 1327.0328 773.8665 1429.0010 954.1343 1.5294 0.5880 0.7222 3.8665 2.9566 13.8784 -0.6176 0.1996
Pedestrian -1 -1 -3.0212 1029.5502 771.6966 1088.0034 937.6604 1.6507 0.5926 0.5413 1.0366 3.2382 15.8282 -2.9390 0.1844
Pedestrian -1 -1 -0.8172 1364.8607 756.1269 1443.1033 906.0278 1.7287 0.6303 0.6789 5.4599 3.3866 18.4538 -0.4978 0.1451
Cyclist -1 -1 -0.0452 1645.4061 761.4526 1771.7565 921.2322 1.7292 0.7246 1.3253 8.9114 3.4166 17.8608 0.4597 0.1423
Cyclist -1 -1 -0.6502 1406.5701 760.6861 1540.9816 931.9535 1.5043 0.6183 1.0487 4.8858 2.8407 14.2766 -0.2789 0.1317
Car -1 -1 -0.3279 1270.5790 826.0537 1462.0620 904.0478 1.5388 1.8117 4.0438 9.5971 6.4647 35.6262 -0.0439 0.4609
Car -1 -1 0.8448 579.8057 753.9669 938.4139 955.6045 1.6307 1.8675 3.8027 -2.2971 3.2250 16.5278 0.7064 0.1784
