Pedestrian -1 -1 1.7193 229.5568 739.3828 279.8274 855.7158 1.6720 0.6030 0.6814 -10.7307 3.4436 22.7261 1.2669 0.4926
Pedestrian -1 -1 -0.4995 1841.7550 777.6091 1936.0000 972.6447 1.7028 0.6621 0.7080 8.7769 3.1707 14.0054 0.1160 0.4027
Pedestrian -1 -1 -1.0260 1423.7186 754.0167 1522.1869 951.9252 1.6687 0.5780 0.6607 4.6528 2.8803 13.6014 -0.6534 0.1513
Pedestrian -1 -1 -3.3816 1520.7778 758.1088 1604.9563 949.7744 1.6364 0.5861 0.6085 5.4583 2.8779 13.5926 -2.9526 0.1396
Pedestrian -1 -1 -1.3168 620.5014 742.5521 668.3899 843.7596 1.7081 0.6865 0.6378 -5.5780 3.8076 26.3519 -1.5238 0.1284
Pedestrian -1 -1 1.8731 1437.3020 762.7646 1520.6379 934.3051 1.5082 0.5582 0.6723 4.9484 2.8656 14.2873 2.2483 0.1152
Pedestrian -1 -1 -3.5914 1916.7562 734.2768 1936.0000 884.4404 1.8037 0.6280 0.5685 12.4948 3.2085 18.8470 -2.9605 0.1103
Cyclist -1 -1 2.6449 1230.0760 756.9937 1532.5610 1014.1026 1.7108 0.7729 2.0258 3.0948 2.7400 11.0899 2.9614 0.1092
Car -1 -1 -0.7879 1881.9562 812.3822 1936.0000 896.3683 1.5731 1.7770 4.0763 23.7659 6.0545 34.5488 -0.1571 0.1753
Car -1 -1 1.1697 999.0400 739.8687 1312.7355 976.8188 1.7042 1.7845 3.7372 1.7564 2.9959 14.7664 1.3101 0.1676
Car -1 -1 1.7836 588.3023 768.6869 671.2429 831.3444 1.5085 1.7199 3.9816 -10.3965 6.2337 47.1497 1.5743 0.1424
Car -1 -1 1.7240 665.8157 766.9592 742.2874 829.4103 1.5058 1.7510 4.0625 -8.0947 6.1988 47.3652 1.5635 0.1005
