Pedestrian -1 -1 -1.0576 840.4799 752.4440 888.5302 845.7003 1.5473 0.6218 0.6139 -1.7031 3.8302 26.3541 -1.1136 0.2551
Pedestrian -1 -1 3.3204 177.4488 752.6921 307.8349 934.7453 1.5225 0.8398 0.9704 -6.6141 2.7494 13.8133 2.8444 0.2212
Pedestrian -1 -1 1.6114 480.3879 708.6067 532.4479 846.3719 1.8523 0.6781 1.0633 -6.5104 3.0861 21.4392 1.3097 0.1671
Pedestrian -1 -1 -0.5294 0.0000 737.6618 83.0374 970.1128 1.2990 0.5200 0.7958 -5.9995 2.0340 9.2790 -1.1687 0.1668
Pedestrian -1 -1 -0.7846 1784.2157 733.7662 1920.2985 965.4016 1.6518 0.6203 0.6381 6.7612 2.5057 11.3671 -0.1808 0.1451
Pedestrian -1 -1 -2.7615 1802.6625 678.9920 1936.0000 1216.0000 1.6861 0.6874 0.6995 3.3537 1.8827 4.9724 -2.0051 0.1225
Pedestrian -1 -1 1.2482 1514.9127 730.5327 1599.4843 891.7132 1.8133 0.7452 0.7843 7.0839 3.1012 17.8073 1.6652 0.1080
Cyclist -1 -1 -0.5547 1665.8801 744.6776 1936.0000 1030.7808 1.7122 0.7768 1.7738 5.6593 2.5268 9.7402 0.0477 0.2404
Cyclist -1 -1 1.7321 468.8526 710.2269 537.2401 846.6396 1.8055 0.7456 1.2694 -6.5193 3.0613 21.3272 1.4283 0.1070
Car -1 -1 -1.4316 681.6921 782.4508 775.1667 866.8711 1.6283 1.7906 4.4367 -6.0595 6.0097 39.3642 -1.5758 0.1590
Car -1 -1 1.9322 265.8246 782.6793 397.7639 859.7599 1.4635 1.8013 4.2395 -16.4628 5.8404 39.3362 1.5382 0.1559
Car -1 -1 -1.3013 0.0000 721.6445 234.7053 897.4380 1.5357 1.7394 3.8533 -9.8235 2.7996 17.4494 -1.8374 0.1324
Car -1 -1 0.4954 0.0000 803.4659 131.9224 876.8694 1.6306 1.8365 4.2384 -24.4563 6.4527 39.3403 -0.0599 0.1271
