Pedestrian -1 -1 1.7297 1621.7523 737.7881 1710.6635 931.7120 1.5734 0.5766 0.6630 6.1694 2.5941 13.0824 2.2240 0.1935
Pedestrian -1 -1 -1.4143 1619.2347 730.6641 1717.5178 946.7189 1.6687 0.6217 0.6130 5.8678 2.5767 12.4061 -0.9164 0.1653
Pedestrian -1 -1 3.3854 26.3171 697.9946 188.9394 893.5578 1.7079 0.9015 1.1701 -8.0271 2.4277 14.1201 2.8348 0.1140
Pedestrian -1 -1 1.2817 1819.1245 806.5073 1914.2690 985.4931 1.6056 0.6415 0.7802 8.9670 3.4641 14.8352 1.8772 0.1138
Pedestrian -1 -1 0.7829 1346.8224 755.0039 1469.0083 942.2915 1.4776 0.6230 0.8266 3.8771 2.6540 13.0133 1.1136 0.1065
Pedestrian -1 -1 -1.3879 619.4446 701.2365 877.5253 1216.0000 1.6346 0.6508 0.6379 -0.5769 1.8681 4.2505 -1.5854 0.1037
Cyclist -1 -1 0.4391 256.6376 722.2967 502.3356 862.0702 1.7605 0.9322 2.9669 -7.8095 3.1091 20.1545 0.0576 0.1565
Car -1 -1 1.4392 40.3016 753.7829 203.8605 881.5931 1.4695 1.6798 4.0552 -13.2950 3.6848 23.5857 0.9140 0.1628
Car -1 -1 2.0052 121.3935 796.9377 281.2619 886.8245 1.5358 1.7744 4.3411 -18.2605 5.9493 36.1654 1.5382 0.1328
Car -1 -1 1.4922 1031.9691 776.9780 1094.5359 838.7067 1.5894 1.8648 4.3062 3.4522 7.0242 51.2859 1.5739 0.1155
Car -1 -1 2.8685 1224.1577 808.8568 1415.8101 883.7145 1.4383 1.8503 3.9517 8.2003 5.7912 34.4241 3.1228 0.1072
