Pedestrian -1 -1 0.2428 501.3425 750.8666 610.4321 947.3772 1.5689 0.7322 0.7573 -3.4582 2.6799 12.8084 -0.0394 0.2020
Pedestrian -1 -1 -1.2829 981.9894 759.5462 1030.4236 863.3170 1.6796 0.6615 0.6796 0.7771 4.0364 25.7468 -1.2392 0.1947
Pedestrian -1 -1 -2.2439 478.0589 756.9728 545.2538 864.9561 1.4825 0.6607 0.6992 -6.6582 3.4804 22.1516 -2.5411 0.1570
Pedestrian -1 -1 -1.4845 935.4012 764.1950 979.8109 870.0386 1.7205 0.6987 0.6772 -0.0584 4.1448 25.6555 -1.4748 0.1433
Pedestrian -1 -1 3.2591 488.0940 768.2672 592.4648 944.3307 1.4569 0.7339 0.8381 -3.7894 2.7941 13.5148 2.9684 0.1384
Pedestrian -1 -1 -1.9164 1165.6084 765.1707 1208.6705 852.9873 1.5963 0.6461 0.6438 4.3388 4.3283 28.7517 -1.7478 0.1322
Pedestrian -1 -1 2.7098 1024.4419 735.9484 1191.6383 934.3076 1.6452 0.7362 1.3273 1.3247 2.6949 13.5802 2.8276 0.1237
Pedestrian -1 -1 2.7863 1327.2469 790.5658 1407.7003 943.3885 1.4695 0.6911 0.6193 4.2092 3.2300 15.5289 3.0848 0.1226
Cyclist -1 -1 -0.3752 1186.3445 681.0112 1851.4381 1216.0000 1.7466 0.8364 1.9335 1.7599 1.9531 5.0133 0.0779 0.2735
Cyclist -1 -1 2.7098 1024.4419 735.9484 1191.6383 934.3076 1.6452 0.7362 1.3273 1.3247 2.6949 13.5802 2.8276 0.2457
Car -1 -1 1.9284 209.9746 782.6363 343.0601 860.7989 1.4823 1.7894 4.2927 -17.9659 5.8758 39.4506 1.5029 0.1022
Car -1 -1 -2.7565 297.0695 794.7813 526.1128 888.1990 1.7720 1.8959 4.3699 -12.1105 5.6521 33.1288 -3.1052 0.1015
