Pedestrian -1 -1 -0.5462 980.9811 758.7859 1038.3110 864.9901 1.7051 0.6977 0.7321 0.8290 4.0498 25.7063 -0.5003 0.2469
Pedestrian -1 -1 -2.8204 497.9470 753.3490 615.5383 945.3483 1.5244 0.7553 0.7808 -3.4459 2.6568 12.7914 -3.1022 0.1970
Pedestrian -1 -1 1.4861 1164.9537 733.6712 1248.5991 936.7752 1.7492 0.7144 1.0107 2.2827 2.8065 13.9971 1.6747 0.1672
Pedestrian -1 -1 -2.1557 477.6617 759.7842 544.0416 869.9608 1.5101 0.6653 0.6983 -6.6700 3.5510 22.1481 -2.4533 0.1391
Pedestrian -1 -1 0.7219 1798.5356 732.3926 1936.0000 1082.8468 1.7042 0.6350 0.6617 4.9426 2.2994 7.8944 1.3776 0.1175
Pedestrian -1 -1 -1.8048 1136.1218 766.2585 1175.3279 859.1625 1.6980 0.6300 0.6049 3.7232 4.4384 28.6614 -1.6577 0.1071
Pedestrian -1 -1 3.3565 489.0535 778.5330 594.1865 951.3209 1.4348 0.7350 0.7852 -3.7794 2.8642 13.5178 3.0669 0.1006
Cyclist -1 -1 -0.5933 1460.3041 680.3380 1936.0000 1216.0000 1.7708 0.8166 1.8293 2.7066 1.9725 4.9832 0.0542 0.3870
Cyclist -1 -1 2.6747 1022.9135 737.6798 1215.4441 939.8394 1.6639 0.7408 1.5764 1.4310 2.7361 13.6044 2.8009 0.2325
Car -1 -1 -2.6908 166.6612 803.7191 419.4673 905.7094 1.7696 1.9008 4.3163 -13.5699 5.5428 30.5367 -3.1099 0.1126
