Pedestrian -1 -1 2.8291 1335.8911 781.1539 1415.3656 928.4350 1.4300 0.6531 0.6413 4.2993 3.0890 15.5479 3.1332 0.1635
Pedestrian -1 -1 2.7748 876.3376 734.2814 990.1198 938.1082 1.6837 0.6345 0.8413 -0.2545 2.6884 13.2864 2.7636 0.1469
Pedestrian -1 -1 1.8307 596.8461 753.6005 649.1035 867.7637 1.7989 0.6898 0.6827 -5.5858 3.9567 24.7179 1.6090 0.1354
Pedestrian -1 -1 3.1225 495.4787 750.1721 597.3815 931.8801 1.5062 0.7231 0.8620 -3.7595 2.6791 13.5265 2.8339 0.1249
Pedestrian -1 -1 0.1952 500.4592 736.5652 614.7106 931.7003 1.5628 0.7258 0.8312 -3.4479 2.5504 12.8290 -0.0863 0.1133
Cyclist -1 -1 2.8986 974.2784 732.0627 1156.8717 935.0027 1.6951 0.7811 1.5107 0.9271 2.7005 13.5271 2.9845 0.1825
Cyclist -1 -1 2.9438 758.0239 686.7021 1434.9738 1216.0000 1.8198 0.8608 2.0789 0.3935 2.0466 4.9680 3.0548 0.1602
Cyclist -1 -1 -3.6883 1383.3257 685.3103 1936.0000 1216.0000 1.7915 0.9286 2.0969 2.5605 2.0136 4.9523 -3.0640 0.1286
Cyclist -1 -1 2.7748 876.3376 734.2814 990.1198 938.1082 1.6837 0.6345 0.8413 -0.2545 2.6884 13.2864 2.7636 0.1052
Car -1 -1 1.9367 209.1982 784.6061 343.3417 862.7655 1.4784 1.7893 4.2770 -17.9569 5.9216 39.4169 1.5112 0.1119
