Pedestrian -1 -1 -1.6161 335.4050 783.2640 387.0217 915.1032 1.7271 0.6399 0.6796 -8.4686 4.0083 21.0980 -2.0067 0.2469
Pedestrian -1 -1 1.0369 1641.3680 699.5867 1809.1133 1011.5472 1.7869 0.6649 0.7058 4.6261 2.2590 9.0948 1.5849 0.2429
Pedestrian -1 -1 1.4862 284.8856 803.5279 333.8771 927.3477 1.5910 0.5689 0.6134 -9.0661 4.1232 20.7931 1.0649 0.1455
Pedestrian -1 -1 0.7279 194.1224 841.4662 284.3217 980.0218 1.7367 0.7225 0.8583 -9.9642 4.7944 20.6520 0.2687 0.1405
Cyclist -1 -1 -1.4615 244.5676 721.6434 378.1143 998.6020 1.7209 0.7647 1.9129 -4.7522 2.5018 11.0403 -1.9067 0.2765
Car -1 -1 -1.0880 0.0000 759.8922 48.0421 926.4351 1.5981 1.8149 4.2333 -14.2709 3.6220 20.1923 -1.7217 0.2370
Car -1 -1 -0.9597 0.0000 720.5912 34.7193 936.7629 1.7510 1.8828 3.9466 -11.9476 2.9006 15.9371 -1.6330 0.1840
Car -1 -1 2.8033 1313.1467 813.2180 1527.2986 896.2609 1.4644 1.9088 3.9648 9.7136 5.6021 31.8651 3.1222 0.1597
Car -1 -1 -1.5360 1204.7153 693.3608 1783.5853 1216.0000 1.6914 1.8646 4.3466 2.7532 2.1178 6.9597 -1.0720 0.1315
Car -1 -1 -1.1184 0.0000 746.0894 138.8414 833.6796 1.4414 1.8477 3.8628 -19.5408 4.2135 32.1931 -1.6694 0.1168
Car -1 -1 -1.2040 0.0000 768.2466 66.9102 859.4637 1.5874 1.7851 3.7003 -22.1891 5.0661 34.2945 -1.7816 0.1035
