Pedestrian -1 -1 -1.5847 592.1052 857.0558 641.7831 982.0986 1.6287 0.6796 0.6290 -4.9068 4.9950 21.2983 -1.8104 0.3675
Pedestrian -1 -1 1.5297 522.9685 807.0817 547.3062 869.1279 1.6710 0.6523 0.6398 -12.2705 6.9656 43.0561 1.2588 0.2486
Pedestrian -1 -1 1.6573 496.2510 817.6664 519.9276 872.3639 1.5044 0.6134 0.5958 -13.3229 7.2182 43.9736 1.3699 0.2015
Pedestrian -1 -1 1.5311 522.8252 815.0593 544.5097 873.3830 1.6151 0.5978 0.6067 -12.6604 7.2931 44.2725 1.2598 0.1982
Pedestrian -1 -1 2.9395 75.2830 737.4550 236.9996 1054.7284 1.4239 0.6386 0.5512 -4.0026 2.0149 7.4311 2.3647 0.1819
Pedestrian -1 -1 -0.9161 1575.8470 563.0155 1936.0000 1216.0000 1.6185 0.6303 0.6207 1.7038 1.5075 3.0317 -0.1103 0.1810
Pedestrian -1 -1 -1.2480 246.8595 737.1326 317.0577 908.0193 1.7099 0.5224 0.5822 -7.1277 2.9129 15.7079 -1.6966 0.1688
Pedestrian -1 -1 3.2397 639.0693 793.8484 672.8323 889.2302 1.7874 0.7097 0.5883 -6.0714 5.1926 29.7589 3.0434 0.1579
Pedestrian -1 -1 3.5309 0.0000 725.1604 139.6422 1116.6705 1.5485 0.6012 0.6416 -3.9970 2.0081 6.4807 2.8765 0.1369
Pedestrian -1 -1 2.1737 1370.0205 668.2791 1759.0878 1216.0000 1.5364 0.6127 0.6631 1.4885 1.6568 3.7387 2.7374 0.1297
Cyclist -1 -1 -1.6465 490.8324 735.3362 610.3908 981.1594 1.7444 0.7880 1.8860 -3.4762 2.7467 12.5514 -1.9362 0.3076
Car -1 -1 -1.1283 0.0000 728.3419 361.3238 957.4576 1.7170 1.9345 4.1372 -7.8130 2.9181 15.2429 -1.6281 0.1822
Car -1 -1 -2.9345 0.0000 0.0000 1936.0000 1216.0000 1.6248 1.8407 4.1019 2.2031 1.5485 1.9372 -1.6002 0.1803
Car -1 -1 -0.3638 0.0000 663.6569 113.9797 1216.0000 1.4625 1.6871 3.6189 -3.6545 1.5887 3.0097 -1.5074 0.1318
Car -1 -1 -1.6359 0.0000 712.3181 351.8517 1035.0551 1.6297 1.8116 4.0879 -5.8904 2.3974 10.9373 -2.1763 0.1242
