Pedestrian -1 -1 -3.6686 1459.1138 713.9194 1888.9849 1216.0000 1.3757 0.6254 0.7119 1.5402 1.5959 3.3399 -3.0012 0.3477
Pedestrian -1 -1 -1.6755 545.2647 818.2588 598.0207 944.9229 1.6608 0.6616 0.6643 -5.5639 4.4757 21.3422 -1.9323 0.3165
Pedestrian -1 -1 1.5647 477.0127 796.3773 499.2938 856.3218 1.6259 0.6080 0.5945 -13.6297 6.6092 43.0836 1.2641 0.2216
Pedestrian -1 -1 1.4962 472.7417 806.7544 495.0496 865.5543 1.6059 0.5795 0.6287 -13.9547 6.9700 43.7113 1.1934 0.1809
Pedestrian -1 -1 -0.4354 744.5448 725.5933 870.4645 941.4973 1.6344 0.6603 0.8263 -1.2655 2.4945 12.2787 -0.5410 0.1669
Cyclist -1 -1 -1.7389 425.6400 733.4049 569.7900 982.2136 1.7080 0.7709 1.8765 -3.7985 2.6631 12.1543 -2.0659 0.2307
Car -1 -1 -2.7997 1367.5884 429.7249 1936.0000 1216.0000 1.5803 1.7935 3.9893 2.1346 1.5489 2.2738 -1.6162 0.3043
Car -1 -1 -1.1355 0.0000 737.4034 288.2641 973.0830 1.6843 1.8452 4.2718 -8.4559 2.9820 15.0290 -1.6762 0.3024
Car -1 -1 1.7199 55.1265 780.4300 256.8974 972.6800 1.7513 1.7547 4.1392 -10.3493 4.0130 19.5013 1.2172 0.1386
Car -1 -1 -1.4481 0.0000 711.7183 291.7906 1036.2054 1.6519 1.9130 4.2231 -6.0539 2.4351 11.1716 -1.9897 0.1230
