Pedestrian -1 -1 1.4549 1006.0410 789.4398 1065.5580 936.4433 1.6435 0.6484 0.5925 0.8781 3.6288 17.7312 1.5197 0.5389
Pedestrian -1 -1 1.4576 937.2762 805.3072 962.3949 872.9393 1.6933 0.6087 0.5645 -0.3036 6.4875 39.4269 1.4627 0.3742
Pedestrian -1 -1 -0.5454 1346.8193 786.0474 1507.6547 1058.7534 1.4146 0.5722 0.6857 2.6392 2.3684 8.5078 -0.1842 0.2275
Pedestrian -1 -1 1.5337 1125.1925 776.1619 1159.9325 879.2681 1.6866 0.5828 0.6105 3.1206 4.3273 25.7739 1.6724 0.1688
Cyclist -1 -1 -1.6086 857.3295 755.5880 944.9893 956.9460 1.7808 0.8430 1.8341 -0.6449 3.2090 15.3978 -1.6433 0.4716
Car -1 -1 -1.2956 222.4343 727.6779 738.8801 1143.0723 1.5744 1.8312 4.2421 -2.4836 2.3328 8.8835 -1.6050 0.9929
Car -1 -1 -1.4370 695.2452 803.8173 791.9012 889.3713 1.5948 1.8890 3.9662 -5.4902 6.3970 38.1547 -1.5709 0.7885
Car -1 -1 -1.4118 703.0087 791.2493 778.7545 855.6016 1.4671 1.6896 3.4746 -6.5780 6.6604 44.9302 -1.5476 0.4120
Car -1 -1 2.1722 0.0000 758.6381 122.0201 877.5428 1.4937 1.6489 4.5254 -16.8295 4.0400 26.1923 1.5911 0.3496
Car -1 -1 1.9841 155.5766 775.5842 315.0982 866.7697 1.5606 1.7362 4.4619 -17.0285 5.3482 35.3282 1.5346 0.2257
Car -1 -1 -0.4049 0.0000 681.8165 440.3575 1216.0000 1.4552 1.6564 3.1903 -2.3074 1.6118 2.4812 -1.5242 0.1766
Car -1 -1 1.8910 423.5701 758.9567 519.8256 825.2582 1.7801 1.8537 4.2030 -16.5645 6.5237 50.8040 1.5821 0.1682
