Pedestrian -1 -1 1.4823 934.1993 814.3903 960.0470 881.7784 1.7032 0.6468 0.6177 -0.3810 6.8163 40.0171 1.4857 0.4290
Pedestrian -1 -1 1.4262 1001.2157 790.9660 1060.6681 930.2214 1.6130 0.6607 0.5833 0.8519 3.6915 18.3990 1.4875 0.3914
Pedestrian -1 -1 -0.6745 1581.1514 752.3702 1745.2379 1057.0476 1.5804 0.5842 0.6088 3.9175 2.3229 8.3746 -0.1573 0.2166
Cyclist -1 -1 -1.5642 864.6484 760.8956 964.4427 971.2859 1.8033 0.9371 1.8777 -0.4532 3.2522 14.9869 -1.5862 0.3948
Car -1 -1 -1.2898 248.6363 732.2316 742.6475 1120.4000 1.5398 1.8128 4.1727 -2.5170 2.3511 9.1999 -1.5908 0.9749
Car -1 -1 -1.4368 692.4164 799.5373 792.7248 886.3150 1.6038 1.9523 4.3488 -5.5672 6.3617 38.5671 -1.5712 0.7673
Car -1 -1 -1.4369 694.4323 789.3569 770.2379 856.1492 1.5240 1.7471 3.8234 -6.9149 6.7373 45.4869 -1.5783 0.6044
Car -1 -1 -2.7083 1775.4056 657.5223 1936.0000 1216.0000 1.5725 1.7399 3.9400 3.7299 1.6863 3.2319 -1.5898 0.5468
Car -1 -1 -1.4775 673.3379 788.4487 803.9553 913.9951 1.5312 1.8060 3.8640 -3.6872 4.5188 25.3464 -1.6167 0.3157
Car -1 -1 1.9865 157.8709 753.8644 318.4290 842.2762 1.5703 1.7516 4.5212 -17.0554 4.8314 35.5258 1.5377 0.3124
Car -1 -1 -0.1616 0.0000 0.0000 1936.0000 1216.0000 1.5687 1.7146 3.6055 -2.1061 1.4202 1.7479 -1.5573 0.2852
Car -1 -1 1.4745 982.0079 775.9263 1057.4482 851.1185 1.6005 1.7947 4.0638 1.6000 6.0731 42.2167 1.5262 0.2406
Car -1 -1 2.1220 0.0000 750.6591 168.1211 853.6822 1.4831 1.6907 4.2087 -17.2341 4.0809 28.7831 1.5750 0.2124
