Pedestrian -1 -1 1.6735 946.3123 788.7089 998.2101 923.0463 1.6770 0.6219 0.6205 0.1506 3.8901 19.8581 1.6935 0.3509
Pedestrian -1 -1 3.4394 225.6531 763.3118 471.2119 1157.2120 1.2245 0.6003 0.6996 -2.1289 1.7457 5.2677 2.9427 0.2855
Pedestrian -1 -1 1.4463 844.1333 833.2669 867.2028 893.7787 1.6037 0.5869 0.6290 -3.0028 7.5753 42.4950 1.3876 0.1459
Pedestrian -1 -1 2.3639 1547.9001 769.6283 1799.2656 1165.2629 1.4003 0.6247 0.6566 2.8123 2.0122 5.9454 2.9208 0.1323
Cyclist -1 -1 -1.5330 811.8944 754.5908 903.6682 963.6713 1.7491 0.8128 1.8226 -0.9803 3.0930 14.5745 -1.5958 0.5020
Car -1 -1 -1.2876 282.6563 751.4195 719.7355 1077.1112 1.4090 1.7586 4.1722 -2.8317 2.4498 10.2019 -1.5873 0.7849
Car -1 -1 1.9962 148.1745 773.0716 297.5879 857.0872 1.5274 1.7136 4.1831 -18.0503 5.3806 36.7716 1.5398 0.3480
Car -1 -1 2.0198 0.0000 757.6953 129.8741 863.4329 1.5459 1.7826 4.2516 -18.3521 4.3738 29.6330 1.4587 0.2085
Car -1 -1 -1.3831 615.7418 796.1086 718.4066 879.6983 1.5884 1.8458 4.3194 -7.6847 6.3513 39.4394 -1.5678 0.1699
Car -1 -1 1.3605 1220.1219 773.9965 1319.1008 851.5673 1.6202 1.9003 4.5728 8.6567 6.0718 42.3543 1.5803 0.1340
Car -1 -1 -1.4180 604.3857 787.5878 745.0457 910.9689 1.5545 1.8064 3.9314 -4.9046 4.6089 26.0849 -1.6001 0.1333
