Pedestrian -1 -1 1.4389 970.9071 788.9551 1023.9163 922.2081 1.6370 0.6227 0.6329 0.4677 3.8211 19.5646 1.4762 0.3677
Pedestrian -1 -1 0.8553 109.5241 741.8733 411.1281 1155.3768 1.2670 0.6028 0.7353 -2.4194 1.7047 5.2009 0.2950 0.1799
Pedestrian -1 -1 3.0646 650.3811 764.0236 713.7485 920.6453 1.4826 0.5289 0.5860 -2.8191 2.9164 15.0795 2.8734 0.1505
Cyclist -1 -1 -1.5584 833.4726 747.4547 926.9874 964.2756 1.8052 0.8470 1.9110 -0.7678 3.0745 14.5172 -1.6057 0.3743
Car -1 -1 -1.2803 255.0525 745.6135 718.0967 1086.1934 1.4439 1.8119 4.2335 -2.8390 2.4219 9.9838 -1.5883 0.9509
Car -1 -1 -1.4135 649.3275 799.1981 752.3857 887.0734 1.6654 1.9607 4.3893 -6.7617 6.4981 39.2649 -1.5755 0.6386
Car -1 -1 -1.4664 625.2212 788.1014 752.0524 906.6680 1.4658 1.7449 3.8436 -4.6395 4.5091 25.9087 -1.6396 0.3882
Car -1 -1 1.9619 184.8821 775.3625 322.3565 856.0405 1.4985 1.6829 4.1062 -17.7283 5.4989 37.6680 1.5227 0.2626
Car -1 -1 2.0568 0.0000 758.6083 160.2455 861.9946 1.5069 1.7435 4.2170 -17.7180 4.3407 29.5358 1.5099 0.2096
Car -1 -1 -1.4466 675.8412 794.7202 751.3815 862.5058 1.5217 1.7584 3.9750 -7.5123 6.9365 45.6692 -1.6003 0.1365
Car -1 -1 -1.4850 621.6448 796.8728 727.9089 901.6924 1.5657 1.8217 4.1918 -5.9843 5.4541 31.6402 -1.6658 0.1293
