Pedestrian -1 -1 1.4319 936.1359 813.1434 962.3553 881.9391 1.7197 0.6212 0.6312 -0.3215 6.7587 39.6763 1.4367 0.4615
Pedestrian -1 -1 1.4531 1007.1493 802.6060 1065.7675 947.2205 1.6386 0.6476 0.6169 0.9027 3.8243 18.0684 1.5185 0.4135
Pedestrian -1 -1 -0.4928 1458.5348 736.3821 1626.3854 1077.0112 1.6787 0.5867 0.6412 3.0470 2.2892 7.8805 -0.0483 0.2130
Pedestrian -1 -1 -0.5097 1323.0028 784.0065 1494.4752 1054.1301 1.4376 0.6198 0.7684 2.6074 2.4089 8.7608 -0.1633 0.1957
Cyclist -1 -1 -1.5874 857.7064 759.3198 947.9525 963.3319 1.7854 0.8657 1.8531 -0.6056 3.2440 15.2811 -1.6196 0.4150
Car -1 -1 -1.2956 240.2441 727.7499 736.7021 1129.0217 1.5783 1.8091 4.1444 -2.5151 2.3456 9.0573 -1.6019 0.9936
Car -1 -1 -1.4375 696.8801 801.7822 792.8067 887.2620 1.6085 1.8839 3.9651 -5.4837 6.3768 38.3300 -1.5705 0.7681
Car -1 -1 -1.4097 700.7097 790.6779 779.9208 857.0714 1.4956 1.7443 3.8371 -6.6451 6.7341 45.3150 -1.5457 0.4670
Car -1 -1 1.9074 206.2163 792.5129 338.1384 880.7640 1.6008 1.6679 4.4174 -17.4304 6.1200 38.0451 1.4797 0.2674
Car -1 -1 -1.5489 682.3718 788.3053 800.0959 917.5505 1.5533 1.8147 3.9385 -3.6514 4.5372 25.2466 -1.6872 0.2347
Car -1 -1 1.8806 424.6368 758.1312 518.7703 824.9033 1.8068 1.8432 4.1182 -16.5483 6.5116 50.7474 1.5716 0.1945
Car -1 -1 3.6126 0.0000 810.2969 166.3956 871.9965 1.5103 1.7663 3.8046 -25.5168 7.0306 43.5382 3.0853 0.1788
Car -1 -1 2.1322 0.0000 750.3945 145.5774 860.3062 1.4697 1.6598 4.3733 -16.8452 3.9346 27.1836 1.5682 0.1756
