Pedestrian -1 -1 1.4331 999.5155 793.2022 1055.7480 929.9778 1.6127 0.6376 0.5663 0.8248 3.7514 18.6963 1.4920 0.4399
Pedestrian -1 -1 -0.6098 1687.2961 762.9570 1936.0000 1177.6733 1.3044 0.6181 0.6546 3.0162 1.8193 5.2494 0.0582 0.3623
Pedestrian -1 -1 1.3220 922.5432 822.3210 950.0576 888.2881 1.6693 0.6123 0.6449 -0.6794 7.0750 40.5586 1.3181 0.3425
Cyclist -1 -1 -1.6136 856.6959 772.4814 947.2945 981.0250 1.7678 0.8381 1.8359 -0.6199 3.3382 14.9652 -1.6477 0.4524
Car -1 -1 -1.2624 239.1326 758.9926 720.2926 1120.5057 1.4586 1.8078 3.8360 -2.7128 2.4728 9.3858 -1.5779 0.9634
Car -1 -1 1.9966 140.9662 756.7960 301.4962 843.9014 1.5441 1.7902 4.2304 -17.2764 4.8329 35.1445 1.5382 0.5085
Car -1 -1 -1.4052 678.3392 797.3052 780.1537 882.2468 1.6002 1.9109 4.2088 -5.9684 6.3327 38.9246 -1.5486 0.5058
Car -1 -1 -2.6636 1726.3129 693.7229 1936.0000 1216.0000 1.5498 1.7582 3.9805 3.7195 1.8026 3.4763 -1.5998 0.3945
Car -1 -1 2.0725 0.0000 746.7988 193.9426 847.1599 1.4793 1.7007 4.1604 -16.8818 4.0357 29.2573 1.5421 0.3217
Car -1 -1 -1.4884 695.2441 788.4509 765.6386 856.3303 1.5358 1.7623 3.9219 -6.9811 6.7356 45.5342 -1.6311 0.2722
Car -1 -1 1.9351 267.7390 771.9175 391.6127 846.2065 1.5329 1.7636 4.1985 -17.3954 5.8116 41.3966 1.5401 0.1907
