Pedestrian -1 -1 1.4649 1008.0325 787.7869 1069.1162 939.0156 1.6594 0.6578 0.6021 0.8935 3.5886 17.3986 1.5317 0.6337
Pedestrian -1 -1 1.4006 935.5063 798.9952 964.1645 866.6440 1.6640 0.6560 0.6419 -0.3013 6.2547 39.0623 1.4056 0.3006
Pedestrian -1 -1 -0.6409 1648.6283 751.1697 1859.1512 1105.5254 1.6316 0.6693 0.6833 3.9497 2.2943 7.4937 -0.0615 0.2813
Pedestrian -1 -1 -3.4370 1415.5831 793.9894 1571.5040 1065.4951 1.3912 0.5687 0.7128 2.9682 2.3759 8.3867 -3.0299 0.2763
Pedestrian -1 -1 -1.9664 860.9229 857.3309 892.9948 923.0185 1.6463 0.6564 0.7370 -2.3307 8.1393 41.3023 -2.0103 0.2645
Pedestrian -1 -1 -3.5578 1484.1616 732.5604 1668.9634 1102.1821 1.7001 0.6340 0.6756 3.0275 2.2576 7.4086 -3.0867 0.2004
Cyclist -1 -1 -1.5960 858.4094 762.0483 939.5901 964.2219 1.7836 0.7853 1.8124 -0.6571 3.2794 15.3812 -1.6314 0.3350
Car -1 -1 -1.2764 179.2585 722.1625 730.0021 1155.9307 1.5785 1.8233 4.2930 -2.5100 2.2786 8.5902 -1.6014 0.9919
Car -1 -1 -1.4612 690.5002 804.0864 783.6500 890.8434 1.6084 1.8767 3.8429 -5.5939 6.3612 37.7175 -1.5996 0.7131
Car -1 -1 -1.4238 702.5837 792.7886 778.6888 857.8799 1.4600 1.7064 3.5314 -6.5169 6.6523 44.4743 -1.5598 0.3663
Car -1 -1 -0.4130 0.0000 659.1601 480.3191 1216.0000 1.4651 1.6711 3.3877 -2.0863 1.5557 2.2526 -1.5837 0.3537
Car -1 -1 1.9763 146.0587 761.3829 309.5094 852.5271 1.5636 1.7705 4.5387 -16.9828 4.9580 34.8826 1.5219 0.2721
Car -1 -1 2.1533 0.0000 776.6717 101.2665 895.8309 1.4644 1.6613 4.1855 -16.8730 4.2978 25.8204 1.5647 0.1935
