Pedestrian -1 -1 1.4267 981.8965 796.1635 1053.8583 966.4846 1.6864 0.6799 0.7370 0.5978 3.5652 16.0064 1.4786 0.4159
Pedestrian -1 -1 1.5243 919.5805 797.5099 946.0713 868.3540 1.6870 0.6438 0.6186 -0.7164 6.0561 37.5265 1.5176 0.3302
Pedestrian -1 -1 1.4038 909.0070 790.1848 937.0027 861.6244 1.7183 0.6166 0.6804 -0.9792 5.9798 38.1655 1.3902 0.2176
Pedestrian -1 -1 -3.4575 1402.9279 762.4901 1575.9064 1085.7651 1.5353 0.6277 0.7129 2.7143 2.2794 7.7422 -3.0483 0.2112
Pedestrian -1 -1 -2.0763 833.2318 859.5958 867.9776 927.9565 1.6719 0.6416 0.7909 -3.0029 8.1158 40.5537 -2.1380 0.1739
Pedestrian -1 -1 -0.0062 1338.8862 769.4758 1442.5500 1054.9691 1.4554 0.6258 0.5268 2.4172 2.3037 8.3922 0.3324 0.1683
Cyclist -1 -1 -1.5628 827.6920 759.7274 911.9208 954.2861 1.7911 0.8485 1.8456 -0.9651 3.3198 16.0137 -1.6170 0.4407
Cyclist -1 -1 1.0539 1876.1909 826.0331 1936.0000 916.8389 1.8947 0.8355 2.6792 24.7838 7.2748 38.6332 1.6495 0.1785
Cyclist -1 -1 1.3626 896.1270 789.1425 928.2469 864.0656 1.7485 0.6129 1.1242 -1.2597 6.0141 38.2216 1.3416 0.1231
Car -1 -1 -1.2149 20.5748 710.9925 687.4946 1197.9554 1.5518 1.8230 4.1675 -2.6251 2.1124 7.6252 -1.6037 0.9924
Car -1 -1 -1.4117 659.6316 793.7211 743.6827 863.6309 1.4733 1.7425 4.0510 -7.4663 6.5945 43.3368 -1.5735 0.5853
Car -1 -1 -1.4445 647.0581 796.2074 744.1823 883.0656 1.5620 1.8345 3.7969 -6.4131 5.9596 36.4554 -1.6110 0.5575
Car -1 -1 -1.5015 698.9540 779.6152 763.8521 841.1201 1.5925 1.8886 4.1647 -7.8939 7.1589 51.6584 -1.6432 0.3085
Car -1 -1 2.0487 0.0000 759.2727 199.5643 859.8892 1.5348 1.8017 4.3045 -17.6337 4.5045 30.8576 1.5245 0.2042
