Pedestrian -1 -1 1.4175 1004.8330 793.2908 1069.8519 951.4157 1.6600 0.6482 0.6220 0.8463 3.5850 16.7577 1.4835 0.5102
Pedestrian -1 -1 1.5068 932.3864 796.1238 958.9878 865.3813 1.6801 0.6491 0.6026 -0.4005 6.0890 38.1856 1.5089 0.3822
Pedestrian -1 -1 -1.2017 1368.5555 761.7349 1540.4221 1101.9315 1.5811 0.5867 0.7573 2.5803 2.3395 7.8107 -0.8143 0.2765
Pedestrian -1 -1 -1.9566 856.6801 849.4385 888.6227 915.1180 1.6451 0.6500 0.7482 -2.4429 7.9009 41.1878 -2.0036 0.2484
Cyclist -1 -1 -1.5752 854.4219 752.6259 930.9180 942.0545 1.7352 0.7622 1.7486 -0.7216 3.1598 15.7890 -1.6140 0.5337
Cyclist -1 -1 -1.2017 1368.5555 761.7349 1540.4221 1101.9315 1.5811 0.5867 0.7573 2.5803 2.3395 7.8107 -0.8143 0.1121
Car -1 -1 -1.2541 120.5273 710.9926 710.6915 1168.6200 1.5915 1.8063 4.1537 -2.5401 2.1792 8.1012 -1.6060 0.9956
Car -1 -1 -1.4141 675.5327 805.1281 773.3956 890.2784 1.5665 1.8178 3.7522 -5.8574 6.2981 37.3758 -1.5610 0.5799
Car -1 -1 -1.4766 718.4091 778.6563 783.6412 837.7884 1.5486 1.8281 4.0830 -7.2669 7.1092 52.0104 -1.6053 0.4056
Car -1 -1 -0.0546 0.0000 0.0000 1936.0000 1216.0000 1.4895 1.7154 3.5687 -2.3134 1.3710 1.5602 -1.5448 0.3455
Car -1 -1 2.1833 0.0000 801.8613 60.9425 930.8914 1.4679 1.6727 4.0368 -16.8467 4.6146 24.5719 1.5721 0.2930
Car -1 -1 1.9153 121.2021 779.8361 274.3849 877.8020 1.5990 1.6982 4.4402 -17.2513 5.3632 34.0227 1.4449 0.2891
Car -1 -1 -1.4201 683.7036 789.2540 765.0187 857.3844 1.4845 1.7586 3.8924 -6.9083 6.5280 43.9409 -1.5669 0.2853
Car -1 -1 1.8961 381.1467 763.7265 478.6900 829.7403 1.7137 1.8119 4.0691 -17.5062 6.4947 49.4577 1.5616 0.2605
