Pedestrian -1 -1 1.4674 956.4235 780.7572 1033.6802 980.4467 1.7448 0.6604 0.8098 0.3100 3.2650 14.1593 1.5024 0.7111
Pedestrian -1 -1 -0.5981 1377.1841 719.6682 1602.0933 1175.6239 1.6495 0.6425 0.6053 2.0749 2.0485 5.9295 -0.1663 0.4331
Pedestrian -1 -1 1.5300 878.8318 798.8315 907.0433 872.0581 1.6402 0.6503 0.6585 -1.6262 5.8131 35.5255 1.4956 0.3907
Pedestrian -1 -1 -0.0622 1459.2188 771.3397 1619.1316 1137.8197 1.4086 0.6777 0.6201 2.5266 2.0900 6.5264 0.3992 0.2451
Pedestrian -1 -1 1.4216 866.3552 790.1738 896.9156 868.0560 1.7622 0.6336 0.8139 -1.9337 5.8190 36.2477 1.3795 0.2344
Cyclist -1 -1 -1.5515 788.3529 767.2432 865.8958 960.1166 1.8251 0.8034 1.8131 -1.4528 3.4801 16.4557 -1.6354 0.3699
Cyclist -1 -1 1.4195 863.2427 788.5232 897.2310 867.7304 1.7027 0.6230 1.4451 -1.9633 5.7363 36.0953 1.3762 0.2783
Car -1 -1 -1.1183 0.0000 693.7011 585.1509 1216.0000 1.5774 1.8125 4.0060 -2.7299 1.9429 5.8715 -1.6563 0.9306
Car -1 -1 -1.4028 587.8773 798.0364 698.2031 890.9732 1.5911 1.8655 4.0758 -7.4513 5.9260 35.3742 -1.6039 0.7246
Car -1 -1 -1.4344 647.3854 782.2070 719.3807 844.0383 1.5562 1.8030 3.8473 -9.1599 6.9740 49.5476 -1.6081 0.4968
Car -1 -1 -1.4337 617.6798 785.4145 706.3879 859.1729 1.4933 1.8361 4.2172 -8.3002 6.2110 41.7998 -1.6220 0.4514
