Pedestrian -1 -1 1.4495 1006.7934 791.1072 1067.1857 944.1992 1.6454 0.6290 0.5948 0.8586 3.5775 17.0700 1.5153 0.4927
Pedestrian -1 -1 -0.7934 1631.4974 771.3170 1885.9845 1120.1310 1.5395 0.7410 0.8340 3.9373 2.3108 7.4273 -0.2106 0.3831
Pedestrian -1 -1 -0.0248 1423.1516 796.8944 1550.1143 1093.8726 1.4906 0.6291 0.6465 2.9567 2.5036 8.3956 0.3801 0.3055
Pedestrian -1 -1 1.4889 933.6936 795.5638 960.5198 865.5116 1.7092 0.6493 0.6280 -0.3676 6.1453 38.5329 1.4921 0.2757
Pedestrian -1 -1 1.9904 1679.3964 759.5720 1889.4272 1071.8918 1.5161 0.7270 0.7728 4.5148 2.3022 8.2155 2.5809 0.2081
Cyclist -1 -1 -1.5864 856.9336 763.8159 939.5320 958.3950 1.7640 0.8219 1.8024 -0.6730 3.3167 15.7935 -1.6216 0.5247
Car -1 -1 -1.2707 150.0086 710.6476 728.8231 1168.2367 1.6335 1.8454 4.3420 -2.4926 2.2392 8.3632 -1.6037 0.9959
Car -1 -1 -1.4393 688.5258 801.1857 786.5172 888.8619 1.6178 1.8932 3.9553 -5.5541 6.2789 37.5562 -1.5774 0.7096
Car -1 -1 -1.3917 689.7169 793.0419 769.0651 858.7585 1.4633 1.6865 3.5452 -6.8258 6.6490 44.3196 -1.5352 0.4399
Car -1 -1 -1.4834 721.7112 780.8980 786.7255 840.6160 1.5491 1.8381 4.1941 -7.1615 7.2020 52.0591 -1.6098 0.3065
Car -1 -1 -0.0874 0.0000 0.0000 1936.0000 1216.0000 1.4858 1.7237 3.5824 -2.2885 1.4056 1.5860 -1.5643 0.3053
Car -1 -1 2.1501 0.0000 804.2543 78.4146 930.0609 1.4475 1.6637 4.0683 -16.8211 4.7043 25.1042 1.5503 0.2438
Car -1 -1 1.8760 400.4609 762.2174 498.3141 832.4699 1.8705 1.9000 4.2555 -17.1618 6.6901 50.3429 1.5536 0.2043
Car -1 -1 2.0045 137.6370 768.3771 302.6171 860.2997 1.5767 1.7535 4.3751 -17.1022 5.1231 34.7542 1.5461 0.1978
