Pedestrian -1 -1 1.5115 978.7498 801.4201 1045.1884 971.7672 1.6785 0.6695 0.6170 0.5253 3.5679 15.6948 1.5593 0.4078
Pedestrian -1 -1 -0.8013 1411.2194 773.6437 1606.5109 1111.9613 1.5117 0.5970 0.6903 2.7150 2.2921 7.4418 -0.3747 0.2650
Pedestrian -1 -1 1.3295 894.9411 792.5584 926.8845 866.5134 1.7291 0.6205 0.8904 -1.2763 6.0230 37.7892 1.3077 0.2538
Pedestrian -1 -1 -1.2913 527.2913 831.9651 560.0893 899.7740 1.6756 0.6789 0.6270 -10.9467 7.1495 39.2151 -1.5568 0.1611
Pedestrian -1 -1 2.7224 1328.6161 745.7010 1469.7858 1053.5610 1.5382 0.6054 0.5513 2.3433 2.2143 8.0475 3.0669 0.1561
Cyclist -1 -1 -1.5719 822.3690 781.7506 903.7216 974.1666 1.7638 0.8300 1.8634 -1.0598 3.5652 16.2202 -1.6311 0.4724
Cyclist -1 -1 1.3394 894.0355 792.4275 927.1992 867.2950 1.7230 0.6068 1.1294 -1.2865 6.0302 37.8259 1.3173 0.1140
Car -1 -1 -1.1976 0.0000 701.8767 664.0823 1216.0000 1.6020 1.8471 4.1743 -2.7092 2.0890 7.3337 -1.6156 0.9879
Car -1 -1 -1.4175 653.7862 796.5255 739.6625 868.3047 1.4846 1.7794 4.2230 -7.5809 6.6859 43.1987 -1.5825 0.7490
Car -1 -1 -1.4338 689.4456 781.2199 762.8531 843.3439 1.6136 1.9023 4.0502 -7.9853 7.1684 51.1070 -1.5789 0.5891
Car -1 -1 -1.4189 633.7483 798.7869 734.7223 884.8776 1.5567 1.8518 3.7667 -6.7220 6.0376 36.6330 -1.5929 0.3028
