Pedestrian -1 -1 1.4875 961.6188 781.4078 1033.2064 969.3083 1.7378 0.6597 0.8442 0.3527 3.3530 14.9958 1.5243 0.5741
Pedestrian -1 -1 2.0771 1340.3536 725.5085 1552.4059 1139.0604 1.6305 0.6259 0.6578 2.1265 2.1023 6.5643 2.4712 0.4341
Pedestrian -1 -1 2.6826 1415.7734 783.2598 1604.7472 1085.7598 1.2904 0.7008 0.6286 2.5904 2.0820 7.1151 3.1127 0.2961
Pedestrian -1 -1 0.5843 457.8112 788.7642 487.6215 849.9965 1.7530 0.6526 0.5964 -14.8040 6.7625 45.3221 0.2746 0.2459
Pedestrian -1 -1 1.3229 880.6089 795.3865 913.0718 870.5170 1.7459 0.6605 0.6945 -1.6013 6.0244 37.1045 1.2914 0.2364
Cyclist -1 -1 -1.5785 798.9344 788.5528 879.2305 983.6313 1.7979 0.8268 1.8821 -1.3406 3.6976 16.3869 -1.6551 0.4481
Cyclist -1 -1 -1.4258 395.7333 767.1976 492.4856 953.3276 1.6875 0.7441 1.8461 -5.5131 3.3063 16.0337 -1.7719 0.1842
Car -1 -1 -1.1458 0.0000 703.5024 655.5338 1216.0000 1.5331 1.7869 4.1123 -2.6336 1.9945 6.6998 -1.5972 0.9603
Car -1 -1 -1.4214 617.4385 794.8707 723.7629 886.5590 1.6117 1.8948 4.0189 -6.9038 5.9231 35.8921 -1.6044 0.7077
Car -1 -1 -1.4347 673.8670 780.0106 743.9159 838.7993 1.5018 1.7853 3.8377 -8.4537 6.9262 50.3605 -1.5916 0.6874
Car -1 -1 -1.4291 637.5410 788.7158 723.9127 861.2788 1.5020 1.8111 4.1882 -7.9429 6.4085 42.6671 -1.6048 0.4963
