Pedestrian -1 -1 1.4008 986.1804 777.3207 1057.0149 946.5227 1.7167 0.6626 0.7675 0.6513 3.4256 16.3475 1.4552 0.5926
Pedestrian -1 -1 1.4554 921.1475 797.7545 948.5248 865.4820 1.6233 0.6361 0.5829 -0.6713 6.0354 37.8431 1.4501 0.3672
Pedestrian -1 -1 -1.7747 1371.2098 740.4357 1513.8281 1103.6010 1.6697 0.5980 0.6302 2.3862 2.2748 7.4688 -1.3956 0.2664
Pedestrian -1 -1 1.6226 1770.3098 751.0820 1936.0000 1110.8696 1.6132 0.6647 0.7604 4.5471 2.2941 7.5644 2.2627 0.1907
Pedestrian -1 -1 -0.1777 1335.8711 768.8848 1448.1539 1058.0581 1.4981 0.6226 0.5378 2.4195 2.3450 8.4459 0.1588 0.1646
Cyclist -1 -1 -1.5653 832.7556 759.3751 912.5054 949.6231 1.7311 0.7946 1.8033 -0.9266 3.2369 15.8262 -1.6179 0.4206
Car -1 -1 -1.2181 34.2005 706.9232 696.1741 1194.1770 1.5909 1.8291 4.3030 -2.6237 2.1375 7.7902 -1.5973 0.9969
Car -1 -1 -1.4253 660.7291 804.7071 760.5244 891.6643 1.5649 1.8517 3.8669 -6.1184 6.2344 36.8922 -1.5814 0.5434
Car -1 -1 -1.4127 679.5205 789.0021 760.3395 855.5440 1.4417 1.7200 3.8284 -7.0169 6.4589 43.7993 -1.5625 0.3795
Car -1 -1 -1.4950 702.1024 781.2643 766.5441 841.4203 1.5483 1.8522 4.2010 -7.8222 7.1952 51.8502 -1.6347 0.2328
Car -1 -1 -1.3182 490.9521 781.2480 587.1968 849.5601 1.4756 1.7214 4.0444 -12.2585 6.2523 43.6530 -1.5858 0.2241
Car -1 -1 2.2226 0.0000 785.4460 41.5899 914.0983 1.4695 1.7228 4.0992 -17.1215 4.3034 24.3250 1.5978 0.1586
