Pedestrian -1 -1 1.4150 950.9886 769.5284 1033.8760 972.6293 1.6923 0.6417 0.7919 0.2717 3.0406 13.5086 1.4478 0.7400
Pedestrian -1 -1 1.5466 865.2371 799.6161 894.0922 875.2606 1.6650 0.6631 0.6477 -1.9051 5.7779 34.8577 1.5031 0.4621
Pedestrian -1 -1 -0.5392 1400.8060 739.8622 1653.2021 1196.0999 1.5372 0.6243 0.6748 2.0732 1.9893 5.5443 -0.0738 0.3971
Pedestrian -1 -1 1.7481 359.5701 825.3102 395.9687 906.7758 1.6720 0.6469 0.6027 -12.7978 6.1170 32.8107 1.3781 0.2389
Pedestrian -1 -1 1.4591 852.5613 790.6021 883.9852 867.6984 1.7214 0.6768 0.7182 -2.2145 5.7069 35.5590 1.4077 0.2382
Pedestrian -1 -1 0.1091 1446.3649 770.5672 1643.0546 1156.8258 1.4008 0.6907 0.6354 2.4403 2.0533 6.2357 0.5795 0.2092
Pedestrian -1 -1 -0.7832 1630.0061 655.5652 1936.0000 1216.0000 1.7520 0.6213 0.6234 2.5392 1.8541 4.6329 -0.1168 0.1880
Cyclist -1 -1 -1.4942 766.5141 788.8682 851.5296 972.3947 1.7710 0.8145 1.8111 -1.7024 3.7325 16.9764 -1.5902 0.4567
Car -1 -1 -0.9853 0.0000 676.7463 565.9114 1216.0000 1.6205 1.8320 4.1333 -2.8439 1.8797 5.3901 -1.5944 0.9879
Car -1 -1 -1.4028 630.7429 786.4968 707.0405 847.0309 1.4854 1.7989 3.8969 -9.5561 7.0068 49.1335 -1.5860 0.6704
Car -1 -1 -1.3839 573.3681 798.3745 687.2582 893.1113 1.6114 1.8514 4.0032 -7.6386 5.8902 34.8637 -1.5935 0.5783
Car -1 -1 -1.4226 598.4421 787.9860 686.6027 864.4576 1.5564 1.7714 4.0329 -8.7392 6.2836 41.2861 -1.6237 0.2964
