Pedestrian -1 -1 1.3984 948.7838 767.2274 1035.6832 974.8239 1.6889 0.6497 0.7821 0.2632 2.9857 13.1922 1.4309 0.6684
Pedestrian -1 -1 1.5692 853.3559 789.7036 883.0144 870.8599 1.7569 0.6764 0.8414 -2.1491 5.6174 34.5918 1.5178 0.3847
Pedestrian -1 -1 -1.5083 1683.4875 640.8885 1936.0000 1216.0000 1.7299 0.6375 0.5793 2.5285 1.7807 4.3283 -0.7953 0.2901
Pedestrian -1 -1 1.7519 352.7806 811.5375 390.1551 895.2548 1.7099 0.6555 0.6165 -12.8285 5.8165 32.5387 1.3776 0.2426
Pedestrian -1 -1 -0.8315 1446.6591 693.1901 1734.9424 1216.0000 1.6169 0.6227 0.6324 2.0776 1.8623 4.9817 -0.3051 0.1841
Pedestrian -1 -1 3.0784 207.2915 749.4926 254.3895 851.4734 1.5296 0.6602 0.6313 -11.7046 3.5628 23.9597 2.6138 0.1698
Cyclist -1 -1 -1.5352 770.2870 763.7491 848.2162 942.2069 1.7715 0.8206 1.8348 -1.7290 3.4605 17.2497 -1.6316 0.4961
Cyclist -1 -1 1.5486 852.5261 786.3985 881.8465 867.9540 1.7044 0.6640 1.3629 -2.1925 5.5330 34.7476 1.4963 0.2124
Car -1 -1 -0.9665 0.0000 693.4105 529.2403 1216.0000 1.5200 1.7765 3.9240 -2.8110 1.8405 4.9923 -1.6204 0.9537
Car -1 -1 -1.4229 629.7938 779.0721 705.4684 837.2281 1.3951 1.8116 4.1035 -9.5692 6.6618 49.0030 -1.6071 0.7004
Car -1 -1 -1.3689 566.2517 800.1569 679.8742 890.8128 1.5323 1.8116 3.7724 -7.7328 5.7992 34.5112 -1.5834 0.2015
Car -1 -1 -1.2835 241.9518 744.8220 620.2828 1028.5990 1.4865 1.7511 3.8099 -3.8093 2.5611 11.4434 -1.6337 0.1917
