Pedestrian -1 -1 1.4422 954.4977 772.2290 1033.4602 971.0189 1.7050 0.6464 0.7676 0.2936 3.1102 13.8505 1.4763 0.7481
Pedestrian -1 -1 0.0021 1471.6735 748.1676 1648.4607 1154.8623 1.4937 0.6763 0.6144 2.4929 2.0414 6.2028 0.4839 0.4795
Pedestrian -1 -1 1.5616 866.9902 803.9685 895.3330 880.8795 1.7018 0.6588 0.6982 -1.8825 5.9554 35.1575 1.5193 0.4331
Pedestrian -1 -1 -1.3411 1598.0039 664.2671 1865.4788 1216.0000 1.7930 0.5951 0.6155 2.5269 1.9335 4.9086 -0.7165 0.2951
Pedestrian -1 -1 1.7268 371.1029 810.6765 407.5538 887.4553 1.6051 0.6727 0.6139 -12.7776 5.8029 33.4215 1.3633 0.2105
Pedestrian -1 -1 1.7029 1075.6067 774.3081 1119.3461 891.9791 1.7150 0.5880 0.6140 2.1071 4.0595 23.0983 1.8110 0.1765
Cyclist -1 -1 -1.4878 773.5762 792.6328 858.7927 972.0428 1.7389 0.8131 1.7375 -1.6241 3.7430 16.9966 -1.5787 0.3874
Car -1 -1 -1.0907 0.0000 691.0296 572.5627 1216.0000 1.5502 1.7880 4.0208 -2.7368 1.8922 5.6558 -1.6525 0.9650
Car -1 -1 -1.3881 585.1917 799.1738 697.8040 892.1295 1.5896 1.8627 4.0000 -7.4415 5.9218 35.1566 -1.5903 0.5221
Car -1 -1 -1.4097 633.7288 788.0010 710.4102 849.1379 1.5014 1.8388 3.9439 -9.4894 7.0991 49.3336 -1.5907 0.4613
