Pedestrian -1 -1 1.2619 1050.3239 735.8918 1179.5012 1020.1400 1.6993 0.6360 0.8075 0.9871 2.4567 9.7503 1.3874 0.8002
Pedestrian -1 -1 1.5761 904.0562 778.4319 935.0333 868.8745 1.7924 0.6363 0.7805 -0.8712 5.0532 31.3672 1.5599 0.4924
Pedestrian -1 -1 1.4917 933.3927 775.2549 968.4924 862.9472 1.7307 0.6842 0.8329 -0.2219 4.9386 31.4654 1.4968 0.2470
Pedestrian -1 -1 -1.6271 821.3502 825.8452 848.5101 894.5621 1.6236 0.6551 0.6065 -3.1860 6.7333 37.6833 -1.7005 0.1943
Cyclist -1 -1 -1.5482 790.9448 759.9489 860.8821 924.8110 1.7803 0.8140 1.7986 -1.6604 3.5418 18.5830 -1.6322 0.4082
Car -1 -1 -0.4741 0.0000 609.3172 399.8805 1216.0000 1.6078 1.8134 4.1616 -2.8047 1.5997 2.8757 -1.5491 0.9711
Car -1 -1 -1.4153 588.3086 784.3223 704.2917 881.1346 1.5467 1.8534 3.7201 -6.6761 5.1657 32.0477 -1.6155 0.8832
Car -1 -1 -1.5266 666.5266 786.3892 730.7358 849.4852 1.4517 1.7709 3.8444 -8.1641 6.7158 46.7325 -1.6905 0.8258
Car -1 -1 -1.4172 628.3267 782.6015 721.2720 859.2204 1.4788 1.7716 3.8237 -7.3657 5.7709 38.7650 -1.5977 0.5841
Car -1 -1 -1.2307 73.9178 717.1215 602.8616 1075.8219 1.5886 1.9265 4.5259 -3.8098 2.3562 10.1304 -1.6304 0.3415
Car -1 -1 1.9931 198.7910 756.2977 335.5599 829.5039 1.4809 1.7532 4.1234 -18.3556 5.1556 39.7520 1.5613 0.2858
