Pedestrian -1 -1 1.2952 1022.6947 740.9133 1144.5609 1014.4112 1.7082 0.6549 0.7462 0.8157 2.5266 10.1246 1.3967 0.5312
Pedestrian -1 -1 -1.5833 819.9398 812.7602 846.0125 879.4843 1.6080 0.6563 0.5540 -3.2653 6.4273 38.0588 -1.6582 0.4746
Pedestrian -1 -1 1.5422 902.6743 781.1116 933.7979 866.7386 1.7165 0.6470 0.7041 -0.9153 5.0645 31.6833 1.5247 0.3872
Pedestrian -1 -1 2.8492 0.0000 750.5177 57.0319 930.5963 1.6571 0.6052 0.5335 -9.3098 2.9266 14.7145 2.2539 0.2521
Cyclist -1 -1 -1.5491 787.9063 761.1266 857.7426 927.0908 1.7839 0.8119 1.8144 -1.6942 3.5572 18.5348 -1.6354 0.4116
Cyclist -1 -1 1.5400 892.1351 777.5795 922.5520 866.8892 1.7402 0.6224 1.1351 -1.1495 5.0384 31.7202 1.5149 0.1305
Car -1 -1 -0.5529 0.0000 635.2038 413.5645 1216.0000 1.5979 1.8097 4.0709 -2.8336 1.6338 3.1627 -1.5560 0.9816
Car -1 -1 -1.3886 582.2206 787.1271 701.5552 884.2837 1.5711 1.8560 3.6890 -6.8173 5.2738 32.2689 -1.5915 0.9562
Car -1 -1 -1.4490 653.1397 785.8988 727.8622 848.6528 1.4558 1.8098 3.9410 -8.4638 6.7348 47.0230 -1.6181 0.9297
Car -1 -1 -1.3991 548.2950 772.8435 696.4284 891.4269 1.4356 1.7651 3.7288 -5.5163 4.0731 24.7571 -1.6174 0.5922
Car -1 -1 -1.4354 625.3848 784.5494 718.7007 865.1992 1.5439 1.8177 4.0478 -7.4522 5.9134 38.8645 -1.6175 0.2989
