Pedestrian -1 -1 -1.5887 868.7812 786.8937 895.5458 855.2890 1.6016 0.6544 0.6266 -1.9553 5.6377 36.9262 -1.6305 0.4443
Pedestrian -1 -1 1.2862 1171.4570 718.8868 1322.1573 1062.3402 1.6497 0.6163 0.7079 1.4637 2.1603 7.7551 1.5182 0.4019
Pedestrian -1 -1 1.5340 954.3204 772.6639 987.2768 866.3691 1.7140 0.6198 0.7601 0.1803 4.6133 28.9563 1.5528 0.2867
Cyclist -1 -1 -1.6033 821.9365 754.9019 886.4933 912.2631 1.7622 0.7782 1.7640 -1.3909 3.5089 19.1764 -1.6694 0.5621
Car -1 -1 -1.4334 631.7337 786.2733 746.4580 885.7444 1.5212 1.8106 3.6073 -5.5090 5.0272 30.6557 -1.6056 0.8733
Car -1 -1 -1.4514 695.3062 778.9723 772.8400 845.6593 1.5186 1.8251 4.0089 -6.8491 6.4074 45.4272 -1.5918 0.8435
Car -1 -1 -1.4442 666.0286 786.3929 755.2222 863.4188 1.4316 1.7218 3.6314 -6.2061 5.6646 37.3561 -1.6011 0.7333
Car -1 -1 -1.3938 567.9185 781.7767 726.2704 914.5251 1.5025 1.7672 3.5538 -4.7318 4.1015 22.9761 -1.5960 0.7136
Car -1 -1 -0.1302 0.0000 0.0000 1936.0000 1200.4774 1.4931 1.7655 4.0653 -2.7235 1.4473 1.7321 -1.5660 0.6968
Car -1 -1 2.0191 197.5910 758.8885 343.8082 836.1328 1.5024 1.7645 4.2109 -17.7078 5.1482 38.5682 1.5892 0.3735
Car -1 -1 1.9267 84.6132 756.4086 242.6337 848.4203 1.5028 1.7159 4.1862 -17.4181 4.5862 32.8730 1.4361 0.3689
