Pedestrian -1 -1 1.2627 1154.4506 709.0373 1301.6030 1034.5776 1.6467 0.6270 0.6897 1.4346 2.1251 8.1293 1.4789 0.4563
Pedestrian -1 -1 -1.7385 1064.0586 732.3040 1164.0887 999.7000 1.7252 0.5921 0.6835 1.0401 2.4895 10.2871 -1.6139 0.4440
Pedestrian -1 -1 -1.6145 847.3500 791.7934 873.8889 860.8257 1.6246 0.6380 0.6089 -2.5027 5.8078 37.1484 -1.6711 0.3251
Pedestrian -1 -1 1.5725 946.4107 774.9198 977.7856 868.1664 1.7421 0.6060 0.6483 0.0195 4.7169 29.3248 1.5856 0.2589
Cyclist -1 -1 -1.6033 823.3047 750.9872 888.4557 909.2135 1.7650 0.7824 1.8219 -1.3672 3.4577 19.1319 -1.6683 0.5135
Car -1 -1 -0.1363 0.0000 0.0000 1936.0000 1189.7163 1.5223 1.7912 4.1692 -2.7562 1.4556 1.7834 -1.5553 0.8861
Car -1 -1 -1.4111 630.3860 783.3956 743.0322 879.8753 1.5166 1.7415 3.5499 -5.6547 5.0092 31.1663 -1.5849 0.8565
Car -1 -1 -1.4474 692.6209 780.1274 770.1801 847.1067 1.5380 1.8260 4.0466 -6.9926 6.5075 45.8355 -1.5895 0.6019
Car -1 -1 -1.4143 565.5842 775.0685 723.5052 911.4232 1.5416 1.8002 3.9150 -4.8303 4.0825 23.3051 -1.6177 0.5334
Car -1 -1 1.9287 81.2449 753.6783 232.8762 839.7523 1.4241 1.6705 3.9661 -17.6626 4.4484 33.0404 1.4342 0.4373
Car -1 -1 2.0011 202.3268 754.2418 343.4250 829.9461 1.4982 1.7501 4.1206 -17.7186 5.0240 38.7028 1.5722 0.4098
Car -1 -1 -1.4576 659.8264 788.6921 747.9737 866.0833 1.4278 1.7399 3.7445 -6.4137 5.7548 37.5941 -1.6189 0.3445
Car -1 -1 2.1395 0.0000 751.2123 43.2590 862.4474 1.3953 1.6160 3.9514 -17.5030 3.7056 25.3402 1.5229 0.2534
