Pedestrian -1 -1 -1.6960 908.3611 777.6835 938.6110 853.2012 1.6449 0.6293 0.6025 -0.8692 5.1840 34.2989 -1.7097 0.4855
Pedestrian -1 -1 1.5719 928.0828 774.5034 946.4025 827.7130 1.7070 0.6049 0.6397 -0.8030 6.7508 50.0978 1.5685 0.3452
Pedestrian -1 -1 3.0599 586.7584 756.1852 669.3141 941.0421 1.4438 0.5263 0.6265 -2.7943 2.5735 12.5211 2.8250 0.3001
Pedestrian -1 -1 -3.5219 1505.5012 835.9003 1737.3943 1157.8958 1.1967 0.5677 0.7702 2.7673 2.1364 6.3270 -3.0073 0.2058
Pedestrian -1 -1 1.4656 1030.6742 769.6671 1073.7064 884.3086 1.6900 0.5886 1.2118 1.4633 4.0932 24.2111 1.5413 0.1862
Pedestrian -1 -1 3.3934 510.0949 756.1405 602.6230 944.8435 1.4245 0.5005 0.6132 -3.2173 2.4928 11.9123 3.1079 0.1707
Cyclist -1 -1 -1.5055 842.0776 761.2893 922.2812 913.6490 1.7850 0.9425 1.8391 -1.0394 3.7043 20.1145 -1.5488 0.5640
Cyclist -1 -1 1.4705 1031.8738 769.4961 1073.7396 882.5654 1.7010 0.5974 0.9632 1.4768 4.0917 24.2360 1.5466 0.1866
Car -1 -1 -1.4367 652.5399 779.4855 778.0999 888.1458 1.4692 1.7636 3.6067 -4.4011 4.4718 27.2252 -1.5920 0.9503
Car -1 -1 -1.4277 693.1763 782.1046 794.0407 866.6416 1.4190 1.7180 3.6280 -4.8433 5.1525 33.6949 -1.5629 0.7974
Car -1 -1 -1.4584 731.8937 780.3134 814.6635 850.5027 1.4411 1.8078 4.1051 -5.2047 6.0043 41.8549 -1.5727 0.7085
Car -1 -1 -0.9523 0.0000 718.3854 485.2414 1216.0000 1.4191 1.6763 3.7544 -3.2080 1.8908 5.6544 -1.5878 0.2234
Car -1 -1 1.9085 357.5808 764.2549 458.2984 824.8031 1.4948 1.7832 4.0961 -17.8567 6.2013 48.4478 1.5604 0.2106
