Pedestrian -1 -1 0.8300 1614.4556 693.3256 1936.0000 1216.0000 1.6501 0.6110 0.6290 2.1690 1.8452 3.9377 1.5345 0.4281
Pedestrian -1 -1 -1.6247 898.0076 778.6284 924.8442 854.0021 1.6783 0.6016 0.5879 -1.1658 5.2988 34.9032 -1.6466 0.4069
Pedestrian -1 -1 1.4985 1012.5974 772.1216 1052.0414 879.9487 1.7053 0.6178 0.7630 1.1868 4.2129 25.0863 1.5603 0.3907
Pedestrian -1 -1 3.1441 602.0760 769.7037 674.5444 939.9975 1.4101 0.5207 0.6157 -2.8630 2.7244 13.2521 2.9188 0.3370
Pedestrian -1 -1 1.5433 919.3038 781.8163 938.2802 833.9971 1.7034 0.6383 0.6059 -1.1101 7.0904 51.0245 1.5341 0.3334
Pedestrian -1 -1 2.5605 1207.9618 809.8973 1310.7906 1023.8928 1.5057 0.5889 0.5520 2.2933 2.9787 11.5358 2.7910 0.3278
Pedestrian -1 -1 -1.2596 1193.2988 780.7297 1294.4994 1018.2936 1.5446 0.5137 0.6702 2.0260 2.7024 10.6921 -1.0371 0.2810
Pedestrian -1 -1 0.2823 531.2715 773.2993 620.3842 935.1635 1.2842 0.4983 0.6172 -3.2355 2.5579 12.5818 0.0122 0.2133
Pedestrian -1 -1 3.0693 499.9019 769.1423 591.8066 958.6185 1.3099 0.5542 0.6163 -3.1353 2.4326 11.2706 2.7731 0.2061
Cyclist -1 -1 -1.5290 839.1264 761.4712 914.5709 912.9084 1.7746 0.9212 1.8814 -1.1148 3.7026 20.1684 -1.5762 0.5412
Car -1 -1 -1.4215 648.4910 780.8783 774.5413 886.8417 1.4673 1.7732 3.6394 -4.5850 4.5695 27.9147 -1.5792 0.9767
Car -1 -1 -1.4310 689.1372 783.3253 792.5187 871.3367 1.5037 1.8008 3.8541 -5.0085 5.3554 34.4281 -1.5677 0.8459
Car -1 -1 -1.4408 723.4971 789.1955 806.3687 860.2783 1.4935 1.8031 3.9885 -5.5494 6.4035 42.6871 -1.5604 0.6689
