Pedestrian -1 -1 -1.6912 907.8736 776.5103 938.4924 853.6366 1.6616 0.6297 0.6427 -0.8687 5.1449 33.9969 -1.7051 0.5495
Pedestrian -1 -1 1.5450 928.5389 777.5128 947.4235 830.2486 1.6754 0.6186 0.6037 -0.7747 6.7710 49.6200 1.5420 0.3430
Pedestrian -1 -1 0.2498 572.6422 741.3865 661.7972 936.2969 1.5104 0.5409 0.5992 -2.7958 2.4810 12.1872 0.0072 0.3159
Pedestrian -1 -1 1.8155 591.2748 757.0992 679.1244 938.5200 1.5121 0.6430 0.5661 -2.8643 2.7022 13.1738 1.5886 0.2166
Pedestrian -1 -1 3.1932 506.8598 745.2787 592.9575 945.6265 1.4528 0.5031 0.6268 -3.1668 2.4079 11.5461 2.9018 0.2073
Pedestrian -1 -1 1.4691 1034.8009 769.9198 1077.7361 885.0773 1.6670 0.5789 1.2251 1.5048 4.0376 23.8264 1.5476 0.2041
Pedestrian -1 -1 2.9120 274.3743 791.1383 439.7025 1121.1057 1.3192 0.6131 0.5371 -2.7498 2.1201 6.7967 2.4519 0.1990
Cyclist -1 -1 -1.5282 844.9601 763.4058 914.8359 913.3178 1.7730 0.8528 1.8070 -1.0814 3.7334 20.2625 -1.5733 0.4835
Cyclist -1 -1 1.4777 1035.7830 768.0807 1078.0078 883.3773 1.6868 0.5882 1.0570 1.5102 4.0103 23.7346 1.5567 0.2700
Car -1 -1 -1.4222 650.3618 775.9469 781.4446 887.8934 1.5055 1.7785 3.6359 -4.3265 4.4023 26.8560 -1.5771 0.8945
Car -1 -1 -1.4344 689.8237 780.1898 793.7546 870.1502 1.5064 1.7696 3.6920 -4.8174 5.1520 33.2611 -1.5708 0.8428
Car -1 -1 -1.4599 732.1288 782.1487 816.1906 854.1892 1.4688 1.8324 4.1720 -5.1584 6.0729 41.6966 -1.5735 0.7490
Car -1 -1 -1.4632 759.9459 789.9811 829.9973 854.4545 1.6159 1.8560 4.0983 -5.5205 7.3707 50.0736 -1.5621 0.4072
Car -1 -1 1.9175 355.8991 765.8472 457.6671 826.7433 1.4983 1.7771 4.0976 -17.8528 6.2475 48.3374 1.5688 0.1945
