Pedestrian -1 -1 0.9656 1486.1843 691.5421 1788.2727 1216.0000 1.6546 0.6148 0.7076 2.0948 1.8808 4.7107 1.5295 0.6611
Pedestrian -1 -1 -1.6232 895.5533 772.5992 923.4800 846.7275 1.6680 0.6341 0.6192 -1.2246 5.1882 35.3089 -1.6465 0.5269
Pedestrian -1 -1 -0.1921 1200.1858 813.9374 1281.3074 1003.1889 1.4265 0.6112 0.5601 2.2729 3.0091 12.2078 0.0236 0.4329
Pedestrian -1 -1 1.4935 1007.4972 775.1802 1045.3041 879.7655 1.7053 0.6073 0.7308 1.1200 4.3375 25.8218 1.5512 0.3104
Pedestrian -1 -1 -0.4430 376.2887 773.5342 536.8309 1060.8242 1.3725 0.6439 0.5798 -2.7080 2.2128 8.0226 -0.8202 0.2854
Pedestrian -1 -1 -1.3301 1174.9429 774.4143 1265.4425 998.4315 1.5557 0.5131 0.6797 1.9727 2.7332 11.3595 -1.1264 0.2062
Pedestrian -1 -1 1.4915 916.8069 786.4438 936.7077 840.2058 1.7752 0.6487 0.6152 -1.1958 7.3997 51.7309 1.4810 0.1899
Cyclist -1 -1 -1.5602 842.8605 760.7083 911.2372 913.3274 1.7724 0.8678 1.7939 -1.1032 3.6628 19.9035 -1.6077 0.5784
Car -1 -1 -1.4216 652.3475 775.7138 777.7868 881.7698 1.5326 1.8219 3.6373 -4.6357 4.6031 28.6222 -1.5767 0.9759
Car -1 -1 -1.4584 725.1253 782.0302 803.4539 849.9828 1.4578 1.7737 3.9699 -5.6494 6.2152 43.2854 -1.5786 0.5982
Car -1 -1 -1.4263 675.2546 781.0103 779.1367 870.6174 1.5660 1.8179 3.7742 -5.3508 5.3755 34.6039 -1.5722 0.5320
