Pedestrian -1 -1 0.9754 1424.7809 704.4286 1704.6016 1216.0000 1.6486 0.6160 0.7633 2.0572 1.9458 5.1796 1.4746 0.6101
Pedestrian -1 -1 -1.6294 896.0203 776.6021 924.0107 849.5505 1.6546 0.6382 0.5997 -1.2226 5.2985 35.5954 -1.6523 0.4894
Pedestrian -1 -1 0.3417 1188.8302 793.2476 1274.0791 974.9813 1.3908 0.6066 0.5200 2.2745 2.8502 12.5699 0.5512 0.2839
Pedestrian -1 -1 1.4743 1001.7726 772.5297 1039.5369 877.4360 1.7567 0.6120 0.6764 1.0435 4.3958 26.3815 1.5279 0.2833
Pedestrian -1 -1 -2.2689 1590.2996 609.6024 1936.0000 1216.0000 1.7049 0.6250 0.6361 2.1280 1.6673 3.9936 -1.5815 0.2098
Pedestrian -1 -1 -0.4742 402.6010 769.8156 552.3933 1057.4260 1.4425 0.6445 0.5468 -2.6992 2.2915 8.3418 -0.8337 0.1957
Pedestrian -1 -1 0.3737 532.8718 756.8995 620.8811 919.6824 1.3550 0.5484 0.6012 -3.3977 2.5511 13.2463 0.1058 0.1919
Pedestrian -1 -1 -2.4946 1934.2302 592.9586 1936.0000 1216.0000 1.7090 0.6317 0.6229 2.7050 1.6440 3.3643 -1.5501 0.1697
Cyclist -1 -1 -1.5766 845.0502 755.6182 911.7754 910.6259 1.7847 0.8364 1.7777 -1.0871 3.5830 19.6629 -1.6241 0.5088
Cyclist -1 -1 1.4518 992.4114 771.3747 1030.6313 874.4072 1.6832 0.5702 1.0483 0.8846 4.3339 26.5190 1.4989 0.2636
Car -1 -1 -1.4305 653.3398 777.2334 775.9977 879.5367 1.4818 1.8251 3.6136 -4.6914 4.6115 28.9028 -1.5859 0.9839
Car -1 -1 -1.4962 723.4504 780.3587 799.0797 848.9802 1.4554 1.8361 4.2705 -5.7969 6.2303 43.7553 -1.6185 0.4867
Car -1 -1 -1.4298 679.1626 781.0054 781.0497 868.8666 1.5662 1.8290 3.9033 -5.4295 5.4817 35.5555 -1.5735 0.4102
Car -1 -1 -1.3807 572.8932 767.7604 753.7706 913.0036 1.5398 1.8385 4.0981 -4.2463 3.8312 21.9357 -1.5713 0.4040
