Pedestrian -1 -1 -1.6168 895.4882 771.8026 924.1911 843.6158 1.6430 0.6680 0.6408 -1.2396 5.2092 35.9601 -1.6399 0.4477
Pedestrian -1 -1 1.0945 1352.6851 694.4078 1562.2733 1143.6396 1.6597 0.6015 0.6229 1.9568 1.9520 5.9587 1.5028 0.3701
Pedestrian -1 -1 1.5043 991.4130 777.2566 1026.3149 875.8259 1.6936 0.5972 0.6913 0.8596 4.4939 27.1342 1.5497 0.3172
Pedestrian -1 -1 -1.5176 865.0132 705.6820 981.8044 1067.8325 1.7953 0.5799 0.7692 -0.1875 2.2478 7.9830 -1.5385 0.1770
Cyclist -1 -1 -1.5424 844.6958 750.8650 914.1553 905.8900 1.7724 0.8371 1.8012 -1.0451 3.4898 19.4808 -1.5883 0.5040
Cyclist -1 -1 1.4030 986.8577 776.1851 1026.6674 870.8858 1.6130 0.5898 1.0065 0.8370 4.4714 27.7192 1.4468 0.1680
Car -1 -1 -1.4615 653.8130 772.0394 768.1626 873.8834 1.5141 1.8132 3.7623 -4.8992 4.6268 29.7125 -1.6194 0.9309
Car -1 -1 -1.3900 582.7709 770.9546 755.5416 911.2147 1.5010 1.8054 3.9260 -4.1977 3.8489 22.0720 -1.5770 0.6634
Car -1 -1 -1.4704 712.9644 778.7646 792.4667 847.1063 1.4703 1.8622 4.4008 -6.1353 6.2693 44.4173 -1.5983 0.3072
Car -1 -1 -1.4426 673.5559 779.7009 773.5467 864.4106 1.4864 1.8206 3.9055 -5.5637 5.3564 35.4150 -1.5910 0.2766
