Pedestrian -1 -1 1.0080 1384.8978 717.3535 1638.3319 1206.1379 1.6302 0.6046 0.7692 2.0167 1.9997 5.5604 1.4608 0.5962
Pedestrian -1 -1 -1.6557 904.8246 777.7231 934.5831 849.5961 1.6202 0.6615 0.6729 -0.9938 5.3005 35.6451 -1.6719 0.3736
Pedestrian -1 -1 1.4872 1000.9574 775.4180 1038.5015 875.6807 1.7012 0.6263 0.6586 1.0408 4.4257 26.7296 1.5403 0.3187
Pedestrian -1 -1 2.8210 1182.8689 801.4075 1268.4459 981.5680 1.4380 0.5830 0.5836 2.2723 2.9981 12.8942 3.0249 0.2665
Pedestrian -1 -1 -0.8142 1156.5671 772.2552 1259.2987 976.0582 1.5105 0.5127 0.6424 1.9870 2.7370 12.0511 -0.6211 0.2280
Pedestrian -1 -1 0.2288 561.5334 759.0595 649.2759 914.7012 1.3334 0.5528 0.6727 -3.2236 2.5772 13.5813 -0.0185 0.1996
Pedestrian -1 -1 -1.6273 872.6171 770.5885 900.0684 840.5851 1.5899 0.6271 0.5961 -1.7889 5.0953 35.6549 -1.6666 0.1920
Cyclist -1 -1 -1.5444 845.4073 753.0919 913.2740 906.5211 1.7605 0.8238 1.7680 -1.0504 3.5122 19.5419 -1.5903 0.5599
Cyclist -1 -1 1.3965 988.2712 772.6131 1029.5563 871.8958 1.6430 0.5765 1.1151 0.8560 4.3774 27.0931 1.4418 0.2624
Car -1 -1 -1.4329 648.1868 777.5491 770.6161 879.8250 1.4795 1.8304 3.8221 -4.8596 4.6696 29.3225 -1.5916 0.9859
Car -1 -1 -1.3879 580.6610 767.6943 757.6555 911.3850 1.5413 1.8377 4.1104 -4.2128 3.8568 22.1911 -1.5746 0.7555
Car -1 -1 -1.4395 677.1818 781.3025 776.2866 867.9852 1.5470 1.8099 3.8397 -5.5188 5.4722 35.5974 -1.5856 0.4963
Car -1 -1 -1.4873 723.3785 780.1762 799.0479 848.0549 1.4663 1.8297 4.1928 -5.8566 6.2751 44.1818 -1.6096 0.3068
