Pedestrian -1 -1 -1.6844 933.4787 776.7669 965.5229 858.3137 1.6879 0.6360 0.6682 -0.2605 5.0448 32.6879 -1.6801 0.4534
Pedestrian -1 -1 1.5614 957.3970 790.8937 977.7028 845.2183 1.6339 0.6366 0.6168 0.1992 6.9064 47.1892 1.5788 0.3670
Pedestrian -1 -1 1.4238 1082.9445 779.5894 1137.3276 908.3154 1.6367 0.6059 1.3060 2.1053 3.9051 21.2675 1.5404 0.1942
Cyclist -1 -1 -1.5160 851.9541 756.3314 920.1978 905.0349 1.7833 0.8178 1.7835 -1.0064 3.6566 20.4176 -1.5569 0.3192
Cyclist -1 -1 1.4247 1069.0992 774.5648 1121.2883 902.4637 1.6581 0.6051 1.0633 1.8896 3.8343 21.2018 1.5310 0.2041
Car -1 -1 -1.4179 642.7237 772.5308 789.0548 893.6995 1.5092 1.8459 3.7852 -4.0321 4.1780 25.1383 -1.5729 0.9814
Car -1 -1 -1.4716 750.0482 781.9574 831.3664 853.1008 1.3936 1.7367 3.9061 -4.4961 5.7881 39.8867 -1.5744 0.5680
Car -1 -1 -1.4700 699.8141 778.8492 802.2140 872.4146 1.4819 1.7560 3.7029 -4.3980 4.9424 31.7380 -1.6004 0.4138
Car -1 -1 0.4967 0.0000 818.2865 180.4511 888.3566 1.5952 1.8015 4.0709 -23.5579 6.9327 40.3130 -0.0300 0.2708
Car -1 -1 1.0559 1625.6777 758.7435 1881.6753 888.1580 1.5403 1.8788 4.3803 12.8056 3.9311 24.5214 1.5714 0.2196
Car -1 -1 -1.4603 772.6825 789.2124 845.5613 856.5967 1.6396 1.8677 4.1336 -4.8997 7.2142 48.6484 -1.5498 0.1946
Car -1 -1 -1.3652 536.5733 766.8538 761.4482 946.5438 1.5087 1.8139 4.0178 -3.5555 3.3847 17.7499 -1.5663 0.1737
