Pedestrian -1 -1 -1.6693 922.7053 773.5901 951.4012 854.8033 1.7084 0.5807 0.6589 -0.5393 5.0375 33.1250 -1.6737 0.5166
Pedestrian -1 -1 1.5841 946.5930 785.8450 966.1293 837.0058 1.5773 0.6147 0.5391 -0.1563 6.7860 48.1208 1.5937 0.3803
Pedestrian -1 -1 -1.6363 896.0065 770.4175 924.4332 848.9605 1.6744 0.6031 0.5863 -1.1421 4.9536 33.3801 -1.6594 0.2500
Pedestrian -1 -1 1.5055 1044.6694 775.8065 1089.4851 899.7377 1.6970 0.6151 0.8215 1.5440 3.9502 21.9110 1.5920 0.2237
Pedestrian -1 -1 -3.6366 1551.1398 754.1642 1805.6636 1154.0632 1.3424 0.6404 0.6693 2.6492 1.8549 5.5856 -3.0691 0.2123
Pedestrian -1 -1 -1.2717 1629.6938 716.9249 1793.0818 1107.0034 1.7204 0.5277 0.5488 3.5868 2.1839 7.1532 -0.7099 0.1833
Pedestrian -1 -1 3.1398 103.3285 753.6945 356.8668 1159.7983 1.2032 0.6447 0.7124 -2.5444 1.6904 5.1916 2.5554 0.1789
Cyclist -1 -1 -1.6099 852.6477 762.4854 917.6978 910.6338 1.7560 0.8307 1.8566 -1.0609 3.7274 20.4677 -1.6533 0.4661
Cyclist -1 -1 1.4567 1045.6345 766.7447 1093.7455 892.0551 1.7003 0.6040 1.1085 1.5952 3.8522 22.1251 1.5448 0.2239
Car -1 -1 -1.4252 641.9026 776.7508 781.3362 894.1442 1.5092 1.8386 3.6492 -4.2233 4.3166 25.8111 -1.5831 0.9772
Car -1 -1 -1.5016 738.7690 779.2664 818.1299 849.8491 1.3868 1.8123 4.0183 -4.8817 5.7658 40.3757 -1.6127 0.8281
Car -1 -1 -1.4840 696.4349 780.7375 794.7547 873.6495 1.4974 1.7563 3.6745 -4.5930 5.0563 32.2745 -1.6181 0.6313
Car -1 -1 1.8895 326.7841 758.2697 466.1127 840.7302 1.5781 1.9914 4.6483 -14.4740 5.2323 38.6134 1.5331 0.2645
Car -1 -1 -1.3864 549.2119 756.5234 756.7849 931.3553 1.5276 1.7457 3.9060 -3.5725 3.2843 17.9926 -1.5858 0.1861
