Pedestrian -1 -1 -1.6850 937.2091 778.4599 968.5749 859.0626 1.6528 0.6158 0.6563 -0.1846 5.0162 32.3945 -1.6784 0.5235
Pedestrian -1 -1 1.5871 959.3253 786.1954 980.0994 840.1769 1.6065 0.6302 0.5593 0.2645 6.6567 46.5320 1.6059 0.4672
Pedestrian -1 -1 1.4698 1076.0399 771.7676 1127.3141 904.7997 1.6930 0.6232 1.0056 1.9305 3.7712 20.6547 1.5807 0.2847
Pedestrian -1 -1 2.7930 486.5274 738.2591 598.9507 996.7061 1.5953 0.5473 0.5577 -2.7884 2.3794 9.9569 2.4892 0.1720
Pedestrian -1 -1 -0.8652 1701.1515 719.3041 1936.0000 1216.0000 1.3878 0.5908 0.6158 2.7213 1.6964 4.5498 -0.1498 0.1681
Cyclist -1 -1 -1.5238 857.0032 756.5146 921.1949 903.0258 1.7889 0.7907 1.7929 -0.9835 3.6967 20.7761 -1.5625 0.3086
Cyclist -1 -1 1.4496 1073.8665 774.1442 1125.9983 903.7935 1.6521 0.6182 1.0115 1.9142 3.7727 20.7389 1.5593 0.1748
Car -1 -1 -1.4014 642.4413 777.2944 793.1163 903.8046 1.5400 1.8175 3.8102 -3.9343 4.2576 24.7481 -1.5549 0.9752
Car -1 -1 -1.4509 702.3293 777.6576 814.6588 875.1006 1.5064 1.8388 4.1191 -4.2147 4.9508 31.6549 -1.5759 0.5023
Car -1 -1 -1.5706 755.8403 783.3891 825.7424 857.9645 1.4111 1.7318 4.0320 -4.4567 5.7975 39.2937 -1.6741 0.4421
Car -1 -1 -1.3637 548.6549 773.9157 769.3511 954.6621 1.4554 1.7164 3.7464 -3.3047 3.3401 17.0302 -1.5591 0.2409
Car -1 -1 2.0749 33.7293 735.1852 295.8184 859.0253 1.5241 1.8798 4.5469 -12.9863 3.5182 24.7549 1.5813 0.2367
Car -1 -1 1.0528 1631.2118 759.1596 1890.0089 890.0614 1.5449 1.8776 4.3700 12.8106 3.9248 24.3210 1.5721 0.2156
Car -1 -1 -1.4242 607.8962 775.2676 704.8752 866.3598 1.8031 1.8376 4.2133 -7.8477 5.9237 38.8341 -1.6165 0.2022
Car -1 -1 -0.4437 0.0000 695.9113 283.6618 1216.0000 1.4256 1.7024 3.8887 -3.0192 1.6519 2.8130 -1.5628 0.1775
Car -1 -1 1.9773 213.1717 746.6230 390.1836 843.3475 1.5745 1.8689 4.4822 -14.0914 4.3826 32.2505 1.5630 0.1730
