Pedestrian -1 -1 -1.6342 950.9764 775.9844 983.5829 862.1497 1.7210 0.6524 0.6876 0.1229 4.9384 31.4864 -1.6176 0.5139
Pedestrian -1 -1 1.5531 980.2578 788.9208 1001.8893 845.1714 1.6238 0.6499 0.5942 0.9001 6.6183 45.2344 1.5865 0.4750
Pedestrian -1 -1 1.4967 1107.3572 778.7977 1160.9844 920.1780 1.6593 0.6297 0.7792 2.1718 3.6410 18.8477 1.6311 0.2918
Cyclist -1 -1 -1.5186 872.0838 755.5670 941.0439 901.0244 1.7864 0.8528 1.7868 -0.7441 3.6912 20.8950 -1.5448 0.4259
Cyclist -1 -1 1.4961 1107.3624 775.1263 1161.0256 915.8284 1.6389 0.6243 0.9502 2.1841 3.5936 18.9647 1.6304 0.1481
Car -1 -1 -1.4063 649.8868 778.1484 804.6216 906.9221 1.4830 1.7970 3.7624 -3.6017 4.0992 23.6328 -1.5536 0.9731
Car -1 -1 -1.6203 759.8654 784.5150 836.1127 863.2044 1.4656 1.7722 3.8015 -4.1965 5.7391 38.0266 -1.7208 0.6452
Car -1 -1 -1.4607 698.2042 773.1417 819.5671 879.6180 1.5555 1.9224 4.5830 -4.0436 4.8144 30.5701 -1.5850 0.5970
Car -1 -1 -1.4571 773.8089 805.0438 849.8918 875.5294 1.4947 1.7347 3.6892 -4.2621 6.9139 43.1200 -1.5449 0.4414
Car -1 -1 2.1308 0.0000 747.1707 208.8045 860.4843 1.5426 1.8812 4.3590 -15.8269 3.9563 27.3176 1.5972 0.4177
Car -1 -1 -1.3302 519.7816 769.7892 770.1198 969.5314 1.5045 1.7527 3.7922 -3.2252 3.2398 15.9849 -1.5349 0.3022
Car -1 -1 -1.5038 787.9042 802.4825 852.7767 868.6302 1.5596 1.7664 4.0116 -4.4907 7.5132 48.1170 -1.5856 0.2728
Car -1 -1 1.9242 295.9657 773.2320 426.0280 853.3812 1.5970 1.8174 4.4152 -16.0689 5.8128 40.2738 1.5474 0.2728
