Pedestrian -1 -1 -1.6176 951.7673 771.5662 984.1455 858.6771 1.7291 0.6526 0.6689 0.1359 4.8215 31.1866 -1.6007 0.5012
Pedestrian -1 -1 1.5657 981.4275 789.2133 1002.9896 846.0870 1.6264 0.6412 0.5888 0.9293 6.5847 44.8225 1.5999 0.3716
Pedestrian -1 -1 1.4802 1116.9194 775.4327 1172.7030 918.1962 1.6159 0.6181 0.9086 2.2478 3.5140 18.3865 1.6222 0.3145
Pedestrian -1 -1 -2.3549 60.5769 753.1225 113.4735 827.3023 1.8360 0.7670 0.9256 -22.9065 5.2382 39.1910 -2.8846 0.1847
Cyclist -1 -1 -1.5296 875.3038 756.7849 941.3278 898.9887 1.7451 0.8320 1.7778 -0.7209 3.6680 20.9082 -1.5547 0.4819
Cyclist -1 -1 1.4802 1116.9194 775.4327 1172.7030 918.1962 1.6159 0.6181 0.9086 2.2478 3.5140 18.3865 1.6222 0.1072
Car -1 -1 -1.4128 649.0472 777.8466 805.0942 910.6678 1.4999 1.7884 3.8307 -3.5409 4.0742 23.2451 -1.5603 0.9729
Car -1 -1 -1.4799 763.3318 788.4238 847.6120 865.8410 1.4446 1.7413 3.7589 -3.8780 5.7763 37.7325 -1.5726 0.5564
Car -1 -1 -1.4583 707.5168 770.4188 829.0026 875.8861 1.5353 1.9005 4.4933 -3.8110 4.6967 30.2361 -1.5765 0.4226
Car -1 -1 -1.4434 771.8650 803.5289 851.7641 876.5860 1.5355 1.7655 3.7717 -4.2217 6.8695 42.7360 -1.5311 0.2905
Car -1 -1 1.8980 294.1192 773.1194 421.8288 854.4294 1.6074 1.8278 4.4330 -16.0666 5.8025 40.0655 1.5194 0.2468
Car -1 -1 2.1125 0.0000 755.4697 190.1251 869.5475 1.5214 1.8047 4.1735 -15.8028 4.0443 26.8085 1.5711 0.2128
Car -1 -1 -1.6211 1011.6907 782.8101 1070.7271 846.8224 1.6449 1.8579 4.2283 2.6874 7.2618 51.0635 -1.5544 0.1802
Car -1 -1 2.0103 184.3409 751.1213 355.6588 846.2087 1.4964 1.7068 3.8501 -14.0290 4.2410 30.5875 1.5765 0.1711
