Pedestrian -1 -1 -1.6232 937.3507 773.3965 968.9244 859.7228 1.7415 0.6434 0.6984 -0.1764 4.9335 31.7821 -1.6165 0.5304
Pedestrian -1 -1 1.5138 1096.7439 775.9149 1147.4601 915.8760 1.7031 0.6268 0.7096 2.0782 3.6985 19.3836 1.6396 0.3493
Pedestrian -1 -1 1.5774 971.4289 785.9241 991.0376 841.4201 1.6200 0.5870 0.5531 0.6104 6.5611 45.6017 1.6041 0.3274
Pedestrian -1 -1 2.4487 1495.6786 768.4048 1643.9294 1071.0948 1.5114 0.5429 0.5265 3.2857 2.3198 8.0995 2.9098 0.2189
Cyclist -1 -1 -1.5228 871.7297 756.1630 940.9385 900.1249 1.7672 0.8641 1.7985 -0.7480 3.6834 20.9222 -1.5491 0.4130
Car -1 -1 -1.4320 655.1619 772.8489 802.9235 899.8427 1.4997 1.8087 3.8432 -3.6443 4.0729 24.0811 -1.5781 0.9683
Car -1 -1 -1.4473 698.3287 771.2649 818.8982 874.9590 1.5495 1.8897 4.4362 -4.0886 4.7843 30.8312 -1.5720 0.6800
Car -1 -1 -1.3696 533.8953 767.0638 768.8182 960.1396 1.4907 1.7618 3.8456 -3.2274 3.2233 16.3021 -1.5702 0.6400
Car -1 -1 -1.4902 760.9780 789.6890 841.8302 866.3099 1.4717 1.7486 3.7960 -4.1020 5.9639 38.8551 -1.5856 0.3828
Car -1 -1 2.1284 0.0000 746.6781 208.8928 857.9230 1.5292 1.8298 4.3098 -15.8783 3.9461 27.5020 1.5965 0.2573
Car -1 -1 -1.4927 789.0031 798.0568 858.6952 865.4273 1.5892 1.8681 4.2737 -4.3982 7.4415 48.4042 -1.5720 0.2359
Car -1 -1 1.9248 303.0422 773.6138 431.0508 853.8033 1.6188 1.7942 4.4329 -16.0785 5.8887 40.7047 1.5518 0.2129
Car -1 -1 -0.1990 0.0000 0.0000 1936.0000 1162.4675 1.4788 1.7860 4.1544 -3.0145 1.4656 2.0129 -1.5566 0.1956
