Pedestrian -1 -1 -1.6168 954.1320 769.5398 987.8096 856.5880 1.7150 0.6743 0.6299 0.1967 4.7315 30.8638 -1.5978 0.5811
Pedestrian -1 -1 1.6125 991.4536 800.3239 1013.2647 858.2064 1.6185 0.6108 0.5559 1.2093 6.8096 43.9505 1.6538 0.3080
Pedestrian -1 -1 1.4307 1120.3209 777.0036 1177.9908 927.9144 1.6826 0.5866 0.9030 2.2577 3.5636 18.0400 1.5760 0.2451
Pedestrian -1 -1 -3.6711 1716.3665 685.5979 1936.0000 1216.0000 1.5777 0.5965 0.5881 2.5956 1.7679 4.3345 -2.9458 0.2069
Cyclist -1 -1 -1.5268 881.9026 758.6984 945.5965 899.7927 1.7247 0.7933 1.8269 -0.6466 3.6818 20.9519 -1.5479 0.4139
Cyclist -1 -1 1.4239 1123.0948 773.6002 1183.4199 922.8192 1.6381 0.5925 1.0428 2.2975 3.4776 17.9782 1.5720 0.1363
Car -1 -1 -1.4078 650.2849 780.5455 805.2142 912.4006 1.4681 1.7424 3.6717 -3.4762 4.0404 22.8659 -1.5551 0.9809
Car -1 -1 -1.4699 713.0016 771.5151 830.7178 877.4283 1.5223 1.8526 4.3603 -3.6832 4.6553 29.7620 -1.5858 0.4983
Car -1 -1 -1.5766 767.2268 783.0418 845.9338 864.9977 1.4783 1.8491 4.1153 -3.8548 5.6563 37.3695 -1.6699 0.4715
Car -1 -1 -1.4473 767.8105 809.6223 849.7731 883.5934 1.4932 1.7817 3.8633 -4.2243 6.9162 41.9414 -1.5370 0.3439
Car -1 -1 0.5444 0.0000 822.3457 125.6204 906.2529 1.6905 1.8275 4.0860 -22.4265 6.5108 35.5575 -0.0184 0.2449
Car -1 -1 -1.3333 498.7150 770.6947 767.9751 991.5045 1.5761 1.8057 3.8261 -3.1554 3.2433 15.1654 -1.5455 0.2074
Car -1 -1 1.9281 380.0807 764.8389 508.0603 838.3752 1.4291 1.7994 4.2319 -13.5215 5.3123 39.3552 1.6003 0.1639
