Pedestrian -1 -1 -1.6368 964.6844 764.6993 1000.6979 855.6495 1.7631 0.6972 0.7646 0.4339 4.6609 30.6018 -1.6097 0.5393
Pedestrian -1 -1 1.5738 994.2263 802.0240 1015.1572 861.4194 1.6414 0.5967 0.5382 1.2588 6.8026 43.2935 1.6167 0.3408
Pedestrian -1 -1 1.4341 1124.7534 775.4955 1185.1003 933.3508 1.7256 0.6084 0.8760 2.2745 3.5459 17.6332 1.5836 0.2244
Pedestrian -1 -1 -2.8112 604.9860 795.4628 681.7054 954.5357 1.5235 0.5666 0.6207 -3.2504 3.3069 15.3192 -3.0273 0.1761
Cyclist -1 -1 -1.5505 896.9449 748.0062 957.4282 891.3098 1.7648 0.7900 1.8862 -0.4594 3.5706 20.9895 -1.5623 0.3626
Cyclist -1 -1 1.4304 1127.1852 774.9725 1190.7625 934.3386 1.6737 0.5932 1.2520 2.3028 3.4951 17.5203 1.5826 0.1145
Car -1 -1 -1.4114 648.3679 779.5214 809.1489 914.2867 1.4643 1.7874 3.7329 -3.3887 3.9783 22.4362 -1.5579 0.9742
Car -1 -1 -1.5101 767.0045 785.2090 849.4733 865.2327 1.4531 1.7536 3.8408 -3.7223 5.6173 36.8994 -1.6011 0.6011
Car -1 -1 -1.4851 709.9922 773.8307 827.5370 881.0792 1.5010 1.8776 4.4313 -3.6976 4.6534 29.4092 -1.6031 0.2889
Car -1 -1 1.8676 444.0508 761.2162 542.4966 825.3308 1.4652 1.6746 4.1071 -14.0030 5.7509 44.9620 1.5708 0.2059
Car -1 -1 -1.6204 1013.8840 780.5688 1073.9512 844.4342 1.6081 1.8617 4.2425 2.7324 7.0584 50.2192 -1.5518 0.1610
Car -1 -1 1.9050 349.9414 749.8463 485.2051 827.8331 1.5033 1.8755 4.4640 -13.8054 4.8866 38.2513 1.5606 0.1579
Car -1 -1 -1.4495 789.0429 799.0122 871.8030 874.8196 1.5351 1.7801 3.8975 -3.5698 6.5868 41.4011 -1.5247 0.1535
