Pedestrian -1 -1 1.5379 1018.6917 779.5292 1042.6083 842.3544 1.6627 0.6502 0.5969 1.9181 5.9751 41.3984 1.5983 0.5264
Pedestrian -1 -1 -1.6410 980.7325 773.5273 1016.6335 864.8660 1.7092 0.6698 0.6751 0.7332 4.6723 29.4650 -1.6027 0.4357
Pedestrian -1 -1 1.3654 1164.8848 777.9788 1241.6648 950.5845 1.6396 0.6531 0.7176 2.4538 3.2349 15.2192 1.5507 0.3252
Pedestrian -1 -1 1.4980 996.1854 794.5768 1013.3461 844.2925 1.5976 0.5460 0.4910 1.4540 7.3043 50.0420 1.5408 0.2923
Cyclist -1 -1 -1.5562 900.5854 748.7037 959.5876 888.2183 1.7443 0.7924 1.8760 -0.4258 3.5859 21.3053 -1.5659 0.3105
Car -1 -1 -1.4062 646.0514 772.2623 819.5640 918.5656 1.4835 1.7771 3.8355 -3.0979 3.7435 20.9990 -1.5501 0.9636
Car -1 -1 -1.5091 826.3644 797.2056 890.2835 862.3923 1.6648 1.8787 4.0852 -3.4720 7.7848 51.0674 -1.5650 0.7677
Car -1 -1 -1.4722 717.7072 772.7323 839.5989 886.5623 1.5701 1.8298 3.9331 -3.3074 4.5083 27.7441 -1.5839 0.6508
Car -1 -1 -1.4798 764.6202 784.3361 855.7952 866.5253 1.4406 1.7699 3.6790 -3.4991 5.3891 35.1940 -1.5696 0.4401
Car -1 -1 2.0482 0.0000 803.1221 212.0120 918.4915 1.6113 1.8637 4.5530 -17.2000 5.5036 30.3466 1.5294 0.2411
Car -1 -1 2.0372 19.0463 782.1224 172.5553 862.4065 1.5792 1.8022 4.3864 -23.2813 6.0649 40.4270 1.5156 0.2038
