Pedestrian -1 -1 -1.6393 986.8723 769.1569 1027.0594 868.7565 1.7593 0.7095 0.7400 0.8473 4.4864 27.8911 -1.5953 0.5672
Pedestrian -1 -1 1.4882 1047.2465 785.0037 1071.2137 849.9658 1.6152 0.5845 0.5651 2.5433 5.8062 38.8622 1.5683 0.4686
Pedestrian -1 -1 1.3537 1213.7284 755.0701 1302.5304 959.4380 1.6477 0.6188 0.7943 2.5621 2.8112 12.9668 1.5805 0.4628
Pedestrian -1 -1 1.5613 1017.0988 796.6348 1035.2432 849.4478 1.6056 0.5720 0.4999 2.0598 7.0838 47.4401 1.6188 0.3842
Car -1 -1 -1.4124 627.3363 773.8298 812.6199 934.9554 1.4738 1.7348 3.5629 -2.9177 3.5205 18.7656 -1.5661 0.9791
Car -1 -1 -1.5369 838.4093 784.6910 900.3091 848.2133 1.5701 1.8531 4.1072 -2.9952 7.0727 49.4301 -1.5857 0.9782
Car -1 -1 1.9356 260.2856 761.1376 401.6346 843.0032 1.4588 1.7011 4.3500 -15.1424 4.9548 36.1734 1.5395 0.7980
Car -1 -1 -1.4829 715.5825 774.3220 840.5853 896.4675 1.5483 1.7577 3.7099 -3.0358 4.2760 25.4230 -1.5955 0.6976
Car -1 -1 2.0491 112.4810 751.6282 316.1399 856.0975 1.5298 1.7456 4.4764 -14.6378 4.2297 29.6094 1.5850 0.6081
Car -1 -1 1.8889 407.0926 771.5414 512.6225 839.6475 1.5910 1.8119 4.3738 -15.5295 6.3699 46.5467 1.5725 0.5412
Car -1 -1 -1.5083 774.9409 786.3802 863.6285 875.1413 1.4831 1.7121 3.5776 -3.1145 5.2812 33.3668 -1.5920 0.4652
