Pedestrian -1 -1 -1.6376 983.6880 771.9355 1020.9422 865.2574 1.7176 0.6861 0.6941 0.7917 4.6042 29.0020 -1.5968 0.5274
Pedestrian -1 -1 1.4681 1028.4730 784.1733 1053.6400 846.3265 1.6220 0.6392 0.5500 2.1734 5.9959 40.7802 1.5357 0.5255
Pedestrian -1 -1 1.3800 1171.5223 771.4573 1247.9487 944.9621 1.6168 0.6438 0.6986 2.4626 3.1090 14.8758 1.5702 0.4352
Pedestrian -1 -1 1.4751 1012.8924 784.9481 1032.6830 838.3494 1.6980 0.6110 0.5893 2.0424 7.0496 49.6969 1.5302 0.2795
Pedestrian -1 -1 1.5100 989.8446 796.8777 1007.5504 848.9781 1.6565 0.5628 0.5386 1.2408 7.3971 49.6416 1.5487 0.1913
Cyclist -1 -1 -1.5490 897.7128 743.5016 958.5642 881.5738 1.7422 0.8120 1.9427 -0.4572 3.5265 21.5220 -1.5600 0.2933
Car -1 -1 -1.4100 642.8442 772.6261 818.6792 923.4514 1.5010 1.7757 3.7897 -3.0539 3.7176 20.5297 -1.5554 0.9723
Car -1 -1 -1.5113 827.1959 793.0841 893.5056 860.3461 1.6920 1.9378 4.4179 -3.3864 7.6660 50.9048 -1.5658 0.7886
Car -1 -1 -1.4751 726.6158 775.6375 844.8199 888.6822 1.5310 1.7442 3.6527 -3.0955 4.4363 26.9870 -1.5823 0.7764
Car -1 -1 -1.4999 769.8173 785.5989 856.9821 868.2150 1.4179 1.7244 3.7594 -3.3984 5.3747 34.9274 -1.5875 0.6127
Car -1 -1 1.9061 307.5371 778.5970 441.6021 860.8196 1.4832 1.8003 4.1816 -14.4308 5.5066 37.0256 1.5364 0.1834
