Pedestrian -1 -1 -1.6393 995.7261 765.5255 1040.0701 877.9335 1.7495 0.6896 0.6279 0.9191 4.0735 24.3946 -1.5876 0.5217
Pedestrian -1 -1 1.4501 1066.8079 783.5283 1098.4059 866.3982 1.7450 0.6316 0.6602 2.6838 5.2940 33.1199 1.5465 0.5089
Pedestrian -1 -1 1.5280 1029.8135 784.8621 1052.5521 848.5308 1.6959 0.6176 0.6865 2.2388 6.2205 41.9477 1.5957 0.2880
Pedestrian -1 -1 1.2532 1403.7491 680.0300 1558.4873 1053.0742 1.6888 0.5638 0.6640 2.4954 1.9685 7.2318 1.6627 0.2052
Cyclist -1 -1 -1.5705 901.0983 749.3495 957.4596 886.4818 1.7415 0.7783 1.8202 -0.4512 3.6122 21.5650 -1.5811 0.3848
Car -1 -1 -1.3618 530.1204 757.4542 785.3986 977.7606 1.5434 1.7038 3.5406 -2.7719 2.9774 14.3982 -1.5597 0.9931
Car -1 -1 -1.4847 820.1680 779.4816 894.5942 851.2809 1.6402 1.8448 3.9758 -3.0669 6.4844 44.8489 -1.5417 0.9419
Car -1 -1 -1.4560 749.5331 774.2749 868.5450 883.8488 1.5889 1.8278 4.0709 -2.9077 4.7262 29.3509 -1.5465 0.5719
Car -1 -1 2.1150 0.0000 727.7537 190.8170 845.6081 1.4832 1.7997 4.1375 -14.5864 3.3118 24.5132 1.5656 0.3843
Car -1 -1 -1.4455 670.0126 767.0316 827.3915 913.1254 1.5477 1.7434 3.6065 -2.9147 3.7324 21.1755 -1.5790 0.3216
Car -1 -1 -1.5069 779.9622 780.7631 868.3390 870.8357 1.5863 1.7823 3.9865 -3.1768 5.4740 35.2930 -1.5870 0.2686
Car -1 -1 1.9867 151.7856 747.0411 330.8607 842.7698 1.4804 1.7648 4.2107 -14.6546 4.1626 30.7057 1.5372 0.2238
