Pedestrian -1 -1 -1.6523 992.8915 769.4310 1038.0841 878.5382 1.7581 0.7218 0.7007 0.9163 4.2495 25.4167 -1.6023 0.6287
Pedestrian -1 -1 1.4873 1060.2965 785.9486 1088.6803 860.2938 1.6467 0.6179 0.5963 2.6261 5.4189 34.7264 1.5780 0.5276
Pedestrian -1 -1 1.5397 1027.3663 786.1923 1049.4424 846.3333 1.6660 0.6314 0.6549 2.2451 6.4026 43.5776 1.6054 0.3912
Pedestrian -1 -1 1.2328 1312.7870 731.3944 1453.1565 1024.3065 1.6773 0.6218 0.8644 2.6072 2.3719 9.3172 1.5576 0.2990
Cyclist -1 -1 -1.5943 907.2537 742.4464 960.9557 876.8279 1.7148 0.7427 1.7916 -0.4041 3.4823 21.5779 -1.6027 0.3249
Car -1 -1 -1.3741 555.2548 768.8017 790.5005 968.6420 1.5051 1.7376 3.6606 -2.8942 3.1977 15.7507 -1.5605 0.9937
Car -1 -1 -1.4641 824.9501 776.9377 901.1223 848.8291 1.6841 1.8644 4.1771 -2.9830 6.5983 46.2004 -1.5171 0.9142
Car -1 -1 -1.4408 688.5330 768.0322 837.6199 905.0441 1.5435 1.7365 3.6069 -2.8839 3.8641 22.4361 -1.5642 0.8535
Car -1 -1 2.0808 0.0000 763.0309 189.9375 879.4304 1.4725 1.6576 3.8884 -14.9675 4.0148 25.5563 1.5413 0.8004
Car -1 -1 -1.4991 752.9937 779.8843 857.0613 882.4362 1.5432 1.7942 3.9621 -3.1221 4.9165 30.5488 -1.5925 0.5405
Car -1 -1 2.0404 161.0676 763.2209 343.2999 860.7760 1.6017 1.8033 4.5587 -15.6961 4.9036 33.3925 1.5994 0.3076
