Pedestrian -1 -1 -1.6188 1003.7642 774.0662 1042.8726 875.9540 1.7030 0.6657 0.6880 1.0890 4.3665 26.3564 -1.5633 0.5480
Pedestrian -1 -1 1.2983 1273.5553 752.0333 1379.6027 999.6020 1.6695 0.5819 0.8012 2.6486 2.6305 10.9011 1.5777 0.5230
Pedestrian -1 -1 1.4647 1055.7941 784.5162 1083.1841 854.6528 1.6292 0.6148 0.5701 2.6281 5.5405 36.3534 1.5519 0.4746
Pedestrian -1 -1 1.5388 1024.8632 793.1924 1046.2540 851.6587 1.6787 0.6317 0.5653 2.2290 6.7663 44.9152 1.6027 0.4153
Cyclist -1 -1 -1.5741 920.3058 764.6041 978.6369 906.9649 1.7747 0.8008 1.9218 -0.1615 3.8721 21.4904 -1.5703 0.3731
Car -1 -1 -1.3900 592.5352 774.9144 805.6173 956.1260 1.4725 1.7436 3.6590 -2.8581 3.3665 17.0402 -1.5580 0.9852
Car -1 -1 -1.5307 834.6833 774.5857 902.0623 844.1005 1.6823 1.9195 4.3020 -2.9117 6.6686 47.6547 -1.5802 0.9491
Car -1 -1 1.9325 222.4445 771.6091 374.2293 862.8502 1.5270 1.7626 4.3152 -15.0976 5.1090 34.3097 1.5176 0.6711
Car -1 -1 -1.2455 233.4028 737.1783 712.3388 1102.1825 1.5492 1.7603 3.8328 -2.7797 2.4029 9.4490 -1.5665 0.6212
Car -1 -1 -1.4986 767.6664 784.6060 864.4153 880.2118 1.5159 1.7431 3.6429 -3.0164 5.0940 31.6706 -1.5845 0.5251
Car -1 -1 2.1218 0.0000 774.6339 230.6832 896.5989 1.5668 1.7212 4.2627 -14.9823 4.4528 26.6660 1.6024 0.4637
Car -1 -1 -1.4569 712.0101 777.0132 849.6880 902.4427 1.4497 1.7206 3.7640 -2.7776 4.0561 23.7398 -1.5677 0.2956
Car -1 -1 2.2076 0.0000 733.0591 67.4648 882.2800 1.5079 1.6846 4.2845 -14.3049 3.1364 20.3693 1.5756 0.2729
