Pedestrian -1 -1 1.3112 1254.2264 753.4362 1360.8496 987.3092 1.6468 0.6213 0.8500 2.6303 2.6655 11.4256 1.5757 0.5892
Pedestrian -1 -1 -1.6142 1002.7159 773.7908 1040.1530 875.0069 1.7251 0.6526 0.7235 1.0788 4.4426 26.9286 -1.5600 0.4882
Pedestrian -1 -1 1.4913 1053.8911 781.6543 1079.3738 848.4711 1.5896 0.5969 0.5720 2.6195 5.5209 37.2162 1.5765 0.3919
Pedestrian -1 -1 1.5601 1022.9361 797.6393 1043.7745 855.6848 1.6880 0.6303 0.5659 2.1973 6.9861 45.5677 1.6225 0.3104
Cyclist -1 -1 -1.5558 923.4409 760.7535 982.2717 900.3065 1.7516 0.7958 1.8294 -0.1031 3.7878 21.4906 -1.5491 0.3489
Car -1 -1 -1.3705 605.5452 773.0204 816.3463 945.1473 1.4506 1.7448 3.6200 -2.8246 3.3786 17.6207 -1.5302 0.9714
Car -1 -1 -1.5382 838.7902 778.0226 904.1727 846.4429 1.6601 1.9099 4.3212 -2.8460 6.8173 48.1922 -1.5856 0.9315
Car -1 -1 1.9065 237.9958 767.8477 386.9025 857.0852 1.5132 1.8198 4.4457 -15.0500 5.0722 34.9505 1.4999 0.5935
Car -1 -1 -1.4883 766.1201 781.8659 865.3633 877.4290 1.5453 1.7845 3.7047 -3.0655 5.1129 32.1335 -1.5743 0.5449
Car -1 -1 -1.4619 708.6898 771.9437 842.7742 898.9199 1.5511 1.7477 3.6427 -2.9359 4.1223 24.3236 -1.5763 0.4784
Car -1 -1 2.1053 17.1321 770.3107 248.4897 891.4835 1.6133 1.7534 4.3026 -14.9604 4.4795 27.3023 1.5973 0.4685
Car -1 -1 -1.2756 287.6864 739.4439 726.2000 1087.3870 1.5751 1.7624 3.8633 -2.7477 2.4876 9.9780 -1.5739 0.2435
Car -1 -1 1.9035 392.2102 773.7064 503.8745 845.4063 1.5997 1.8055 4.3466 -15.2254 6.2547 44.5998 1.5797 0.2245
