Pedestrian -1 -1 1.4488 1056.8672 779.8344 1084.6487 852.5837 1.6752 0.6085 0.5859 2.6352 5.4396 36.0305 1.5369 0.5008
Pedestrian -1 -1 -1.6354 1006.7521 775.4940 1045.1630 875.1254 1.6582 0.6405 0.6801 1.1318 4.3378 26.2666 -1.5781 0.4761
Pedestrian -1 -1 1.2845 1277.1913 742.5135 1389.5295 995.4474 1.6660 0.6002 0.7887 2.6255 2.5316 10.6117 1.5696 0.4685
Pedestrian -1 -1 1.4891 1031.5920 786.1440 1054.1826 843.1207 1.6276 0.6363 0.5766 2.4356 6.4755 44.6679 1.5578 0.4163
Cyclist -1 -1 -1.5684 905.2306 740.2245 958.9455 874.8979 1.7102 0.7403 1.8858 -0.4081 3.4454 21.5547 -1.5770 0.2620
Car -1 -1 -1.3970 591.6120 765.8782 804.9913 954.5634 1.5402 1.7345 3.6210 -2.8137 3.2889 16.7340 -1.5658 0.9926
Car -1 -1 -1.5441 832.5422 773.6866 900.0390 846.5306 1.7656 1.9667 4.3430 -2.9615 6.7009 47.4086 -1.5950 0.9419
Car -1 -1 -1.4272 694.0047 771.7755 837.6596 900.8304 1.5060 1.7039 3.5444 -2.9632 3.9721 23.3177 -1.5487 0.7880
Car -1 -1 2.0760 29.0819 769.5900 240.0806 882.4765 1.4945 1.6164 3.9429 -14.6938 4.2817 26.8327 1.5675 0.5969
Car -1 -1 -1.4838 762.7092 782.8949 863.7171 880.2294 1.5307 1.7556 3.6896 -3.0420 5.0385 31.3555 -1.5717 0.4651
Car -1 -1 1.9493 218.1940 761.6264 370.8829 849.1173 1.4814 1.7470 4.2056 -15.1081 4.7973 34.1317 1.5316 0.4122
Car -1 -1 2.1947 0.0000 732.6817 61.5135 867.5992 1.4139 1.6449 4.0103 -14.5908 3.0644 20.8910 1.5659 0.3787
Car -1 -1 -1.2390 196.6573 724.0204 711.9864 1109.1631 1.6049 1.8276 4.0301 -2.8011 2.3541 9.2865 -1.5689 0.3023
