Pedestrian -1 -1 1.3193 1238.3140 756.3223 1337.3632 977.7841 1.6418 0.6156 0.8046 2.6001 2.7290 11.9677 1.5687 0.7333
Pedestrian -1 -1 1.4764 1052.1163 783.0764 1077.8842 850.8040 1.6331 0.6053 0.5440 2.6070 5.6412 37.6190 1.5605 0.6402
Pedestrian -1 -1 -1.6216 1002.3465 775.5866 1040.7014 874.9075 1.7010 0.6679 0.7397 1.0874 4.4700 27.1090 -1.5674 0.4582
Pedestrian -1 -1 1.5418 1021.5418 793.3357 1042.4999 848.8235 1.6377 0.6383 0.5584 2.1829 6.8722 46.1844 1.6032 0.4167
Car -1 -1 -1.4075 621.9340 773.5286 815.8515 945.4633 1.5039 1.7229 3.5603 -2.7958 3.4665 17.9592 -1.5620 0.9756
Car -1 -1 -1.5413 838.7877 777.4513 902.4846 844.0291 1.6559 1.8995 4.0741 -2.9056 6.8298 48.6640 -1.5893 0.9603
Car -1 -1 1.9337 247.3198 766.0457 396.7787 853.2356 1.5036 1.7754 4.4461 -14.9962 5.0528 35.3474 1.5327 0.8756
Car -1 -1 2.0800 78.3852 756.2635 279.6046 859.3776 1.4613 1.6474 3.9992 -14.7005 4.1296 28.3572 1.5955 0.7368
Car -1 -1 -1.4845 768.4062 784.2722 865.8244 878.0635 1.5185 1.7509 3.7900 -3.0762 5.1898 32.5525 -1.5696 0.6629
Car -1 -1 -1.4464 703.9036 772.4323 839.3538 896.9178 1.5345 1.7411 3.6552 -3.0391 4.1439 24.6155 -1.5635 0.5366
Car -1 -1 -1.2827 314.0441 735.0479 731.3217 1063.9808 1.6004 1.7879 3.9602 -2.8279 2.5259 10.5840 -1.5697 0.3350
