Pedestrian -1 -1 -1.5884 1001.2523 769.1174 1044.1869 886.9882 1.7479 0.6628 0.7261 0.9629 4.0474 23.4693 -1.5331 0.6878
Pedestrian -1 -1 1.1072 1497.0256 681.2769 1722.4144 1132.5795 1.5624 0.5527 0.7725 2.4322 1.7917 5.6791 1.6277 0.5068
Pedestrian -1 -1 1.4407 1075.0507 782.1946 1108.6848 870.0521 1.7579 0.6348 0.6473 2.7424 5.1002 31.4437 1.5436 0.4557
Pedestrian -1 -1 1.5292 1034.3409 797.1527 1058.5354 859.3685 1.5899 0.6329 0.5594 2.2816 6.2428 40.1057 1.6006 0.4355
Cyclist -1 -1 -1.6064 903.2314 745.3210 961.7321 883.5655 1.7611 0.7985 1.8652 -0.4348 3.5813 21.6549 -1.6162 0.4353
Car -1 -1 -1.2820 469.2179 757.1506 778.5067 1003.1509 1.5416 1.7158 3.5241 -2.7890 2.8643 13.1405 -1.5030 0.9923
Car -1 -1 -1.4514 741.3324 778.4490 862.8915 890.2623 1.5405 1.7704 3.8175 -2.8854 4.5963 27.8319 -1.5470 0.9196
Car -1 -1 -1.4296 644.3223 765.4634 818.7955 924.3800 1.5652 1.7627 3.6695 -2.9372 3.6010 19.8197 -1.5749 0.8770
Car -1 -1 -1.4070 815.3746 788.9528 899.5120 860.2695 1.5431 1.8012 3.8298 -2.9734 6.5410 43.5589 -1.4639 0.8673
Car -1 -1 1.9876 260.4619 781.3315 407.0809 866.1873 1.5191 1.7827 4.0813 -15.1876 5.5456 36.4312 1.5940 0.3755
Car -1 -1 2.1494 0.0000 717.7758 198.1912 870.6593 1.5703 1.9328 4.5796 -12.5840 2.9830 20.4492 1.5790 0.2620
