Pedestrian -1 -1 1.4843 1087.9193 783.9056 1123.3530 875.1006 1.6611 0.6344 0.6131 2.7621 4.7410 28.6515 1.5970 0.5118
Pedestrian -1 -1 -1.5417 1016.4175 774.3267 1064.1919 899.1500 1.7074 0.6627 0.6320 1.1478 3.9036 21.6327 -1.4736 0.4498
Pedestrian -1 -1 0.8514 1756.2198 622.4404 1936.0000 1216.0000 1.6713 0.6709 0.7474 2.6428 1.6654 3.9981 1.6475 0.3574
Pedestrian -1 -1 1.4880 1053.1053 797.2745 1077.8873 862.6176 1.5543 0.5805 0.5627 2.6002 5.8912 37.3422 1.5725 0.3287
Pedestrian -1 -1 3.3023 345.3162 828.1555 542.0900 1182.6068 1.2872 0.5394 0.7237 -2.1161 2.1747 6.1808 2.8968 0.2368
Cyclist -1 -1 -1.5079 901.5722 756.3132 961.2003 892.4130 1.6828 0.7136 1.7663 -0.4051 3.6190 21.1323 -1.5167 0.2522
Car -1 -1 -1.3853 612.3083 766.2401 820.0549 939.3061 1.4711 1.7456 3.7230 -2.7699 3.3203 17.6791 -1.5413 0.9881
Car -1 -1 -1.4361 725.0657 777.7402 862.0555 897.6892 1.4936 1.7900 3.9035 -2.7884 4.3174 25.6485 -1.5376 0.9795
Car -1 -1 -1.2841 383.2001 742.1516 753.1642 1034.4258 1.5332 1.7319 3.4996 -2.6881 2.5377 11.0388 -1.5445 0.9740
Car -1 -1 -1.4277 812.8711 789.3448 899.0847 866.4646 1.5877 1.7994 3.9341 -2.8683 6.3761 41.5087 -1.4856 0.9603
Car -1 -1 1.9479 277.8806 753.3493 425.8885 838.7603 1.5396 1.7875 4.3425 -14.4332 4.7918 35.6843 1.5638 0.3713
Car -1 -1 2.0195 22.5400 744.7507 290.5330 876.5814 1.5396 2.0353 4.5253 -12.6944 3.6462 23.9751 1.5216 0.3139
Car -1 -1 -1.5109 786.8508 787.7302 878.4430 878.5797 1.5324 1.8187 3.9650 -2.8952 5.4922 34.3718 -1.5851 0.2896
