Pedestrian -1 -1 -1.6261 1017.8856 775.6555 1063.3971 893.2554 1.6559 0.6495 0.6221 1.1724 3.9238 22.1808 -1.5582 0.5422
Pedestrian -1 -1 0.9486 1652.6199 619.7261 1936.0000 1216.0000 1.6775 0.5870 0.7865 2.4750 1.6638 4.3702 1.6457 0.5339
Pedestrian -1 -1 1.4321 1091.4786 779.2727 1127.9474 870.2852 1.7130 0.6447 0.6405 2.9330 4.8011 29.5868 1.5474 0.4686
Pedestrian -1 -1 1.5220 1038.3740 787.9601 1062.6348 853.0093 1.5972 0.6039 0.5630 2.2923 5.8220 38.4567 1.5962 0.3594
Cyclist -1 -1 -1.5783 901.7646 747.0956 959.9030 886.2534 1.7315 0.7872 1.8524 -0.4283 3.5384 21.1794 -1.5882 0.4484
Car -1 -1 -1.4044 629.2854 766.1458 825.3927 933.0233 1.4732 1.7488 3.8844 -2.7637 3.4031 18.4745 -1.5523 0.9792
Car -1 -1 -1.3151 426.8921 748.5445 763.7666 1025.6632 1.5476 1.7255 3.6122 -2.6839 2.6731 11.7933 -1.5559 0.9789
Car -1 -1 -1.4216 730.5850 777.8216 862.1294 891.9998 1.4844 1.7432 3.7717 -2.8447 4.3944 26.5302 -1.5213 0.9707
Car -1 -1 -1.2984 807.9858 788.9349 905.0072 861.7510 1.5234 1.7500 3.8505 -2.9346 6.4306 42.6697 -1.3559 0.4612
Car -1 -1 2.1902 0.0000 725.3374 142.8309 889.0381 1.5376 1.8596 4.4631 -12.5955 2.9672 19.0430 1.5840 0.2370
