Pedestrian -1 -1 -1.6797 1015.8073 774.8379 1066.4825 903.7834 1.7350 0.6613 0.6364 1.1284 3.8961 21.2235 -1.6114 0.6122
Pedestrian -1 -1 1.4691 1093.1058 780.2007 1129.7554 875.5577 1.7019 0.6332 0.6163 2.8098 4.6444 28.0220 1.5858 0.5275
Pedestrian -1 -1 1.4912 1054.8691 792.9402 1081.7106 861.0622 1.5919 0.6206 0.5725 2.6206 5.7434 36.6570 1.5776 0.5094
Pedestrian -1 -1 3.2256 296.2540 830.6163 520.0663 1216.0000 1.2625 0.5494 0.7555 -2.0775 2.0919 5.6390 2.7809 0.2786
Pedestrian -1 -1 -3.2173 1708.9072 834.8207 1936.0000 1132.2076 1.1376 0.5094 1.0541 4.0743 2.1788 6.9197 -2.5773 0.2152
Pedestrian -1 -1 -0.6721 1720.4534 789.7228 1871.9238 1085.3966 1.6171 0.5625 0.5618 4.9118 2.6228 8.8211 -0.0829 0.2123
Car -1 -1 -1.2894 352.1480 743.4658 745.0170 1059.3212 1.5478 1.7368 3.6011 -2.6602 2.5231 10.4933 -1.5624 0.9911
Car -1 -1 -1.4297 721.4257 775.9799 863.3273 899.8343 1.5041 1.7887 3.9708 -2.7428 4.2443 25.1046 -1.5319 0.9852
Car -1 -1 -1.3661 602.4042 760.5410 815.3833 941.5568 1.5319 1.7129 3.4676 -2.7609 3.2411 17.0753 -1.5281 0.9847
Car -1 -1 -1.4531 812.7260 785.5966 898.4480 865.9092 1.6419 1.8321 4.0818 -2.8432 6.2764 41.0362 -1.5112 0.9712
Car -1 -1 2.0140 97.0780 754.4644 299.2127 858.9166 1.4593 1.7651 4.2776 -14.3605 4.1099 28.4285 1.5401 0.3282
Car -1 -1 1.9662 253.4796 759.7271 406.8995 847.2210 1.5059 1.7457 4.2385 -14.4063 4.7983 34.3962 1.5692 0.2391
Car -1 -1 1.7872 551.8945 767.8940 641.0964 833.5966 1.6814 1.9480 4.7052 -12.3530 6.7778 50.9326 1.5572 0.2159
