Pedestrian -1 -1 -1.6244 997.1875 769.0922 1041.9832 880.9015 1.7226 0.6987 0.6143 0.9367 4.0798 24.1399 -1.5715 0.5983
Pedestrian -1 -1 1.4423 1068.8420 781.9288 1100.7643 866.1879 1.7557 0.6270 0.6547 2.7021 5.2303 32.7526 1.5403 0.5229
Pedestrian -1 -1 1.4974 1031.8385 782.3303 1055.5363 845.3578 1.6662 0.6194 0.6244 2.2798 6.0589 41.4129 1.5667 0.4645
Pedestrian -1 -1 1.2057 1403.7678 685.3968 1582.2471 1066.3423 1.6201 0.5739 0.8019 2.4316 1.9164 6.9085 1.6263 0.3874
Cyclist -1 -1 -1.5977 904.5311 750.8793 961.2841 886.9710 1.7297 0.7878 1.8502 -0.4269 3.6355 21.6840 -1.6070 0.3710
Car -1 -1 -1.3392 512.7486 757.1655 786.1708 984.6577 1.5417 1.7319 3.6055 -2.7745 2.9491 14.0858 -1.5422 0.9906
Car -1 -1 -1.4986 820.3329 777.3409 893.7933 848.0140 1.6137 1.8649 3.9533 -3.0682 6.3754 44.7221 -1.5560 0.9546
Car -1 -1 -1.4410 749.6795 780.6425 871.8177 891.2801 1.5621 1.8027 3.9699 -2.8215 4.7742 28.8219 -1.5303 0.7648
Car -1 -1 -1.4349 668.1989 767.3472 829.3312 913.5237 1.5274 1.7360 3.5081 -2.8619 3.6764 20.8043 -1.5686 0.6132
Car -1 -1 -1.5281 786.7944 783.7638 871.8745 873.6614 1.5744 1.7795 3.8292 -3.0329 5.4993 35.0032 -1.6048 0.4110
Car -1 -1 2.1198 0.0000 728.3322 187.5991 848.2327 1.4944 1.7971 4.1797 -14.5677 3.3227 24.3416 1.5677 0.3290
Car -1 -1 1.8199 438.1733 763.8777 553.8596 839.0922 1.5575 2.0058 4.5509 -12.9324 5.6630 41.8569 1.5249 0.2887
