Pedestrian -1 -1 -1.6259 997.8594 768.5779 1043.3912 884.1976 1.7563 0.6994 0.6446 0.9413 4.0780 23.8418 -1.5723 0.5910
Pedestrian -1 -1 1.4534 1073.0665 781.1304 1104.3477 866.9788 1.7600 0.6092 0.6285 2.7356 5.1512 32.1406 1.5542 0.4934
Pedestrian -1 -1 1.5373 1033.7501 786.9722 1057.3187 850.2473 1.6438 0.6302 0.6072 2.2952 6.0975 40.7790 1.6080 0.4027
Pedestrian -1 -1 1.1583 1444.3351 692.1648 1646.6110 1112.9081 1.6236 0.5741 0.7963 2.4391 1.9262 6.3152 1.6229 0.3671
Cyclist -1 -1 -1.6196 904.6125 748.5377 964.4821 885.6063 1.7451 0.7967 1.8653 -0.4062 3.6193 21.7146 -1.6278 0.3983
Car -1 -1 -1.3431 509.5054 754.5482 787.0142 987.6193 1.5498 1.7300 3.5873 -2.7188 2.9013 13.7753 -1.5472 0.9877
Car -1 -1 -1.4401 818.5851 780.6158 899.4152 851.4411 1.5732 1.8399 3.9337 -2.9699 6.3844 44.1746 -1.4960 0.9513
Car -1 -1 -1.4314 659.0447 768.6583 826.3430 919.0273 1.5237 1.7505 3.6084 -2.8826 3.6595 20.4120 -1.5691 0.8269
Car -1 -1 -1.4494 746.2287 778.9299 868.9136 889.0911 1.5238 1.8034 3.9632 -2.8292 4.6462 28.3073 -1.5410 0.7638
Car -1 -1 2.1630 0.0000 751.7271 179.1752 880.5358 1.5029 1.7947 4.2129 -14.4912 3.7013 23.7868 1.6034 0.4302
Car -1 -1 -1.4947 828.7389 777.3114 893.4802 838.0093 1.5373 1.8166 4.0353 -3.3151 6.8551 50.1408 -1.5493 0.2818
Car -1 -1 1.8253 414.1128 765.9404 536.5389 843.7000 1.5468 2.0356 4.7275 -13.1986 5.6341 40.9220 1.5175 0.2348
Car -1 -1 2.1162 0.0000 730.4702 211.7992 871.9521 1.5298 1.7976 4.2043 -12.6790 3.1908 21.4213 1.5654 0.2196
