Pedestrian -1 -1 -1.6419 1013.5338 771.7032 1057.9512 887.4399 1.6826 0.6437 0.6097 1.1322 3.9536 22.8272 -1.5776 0.5981
Pedestrian -1 -1 1.5179 1037.1570 780.2810 1061.2406 845.4731 1.6340 0.6082 0.5862 2.3028 5.7389 39.2076 1.5911 0.5523
Pedestrian -1 -1 1.4299 1078.5518 781.2363 1113.9697 867.0369 1.6605 0.6439 0.6438 2.7483 4.8826 30.4878 1.5359 0.4323
Pedestrian -1 -1 0.9738 1591.6266 649.8842 1886.9623 1212.6396 1.6393 0.5659 0.7556 2.4473 1.7256 4.7774 1.6032 0.4208
Cyclist -1 -1 -1.5822 905.0143 743.2619 961.1340 879.8763 1.7392 0.7750 1.8436 -0.4077 3.5206 21.5776 -1.5907 0.3934
Car -1 -1 -1.3030 447.4333 746.2917 768.7863 1003.4816 1.5363 1.7282 3.5146 -2.7444 2.6884 12.4062 -1.5356 0.9737
Car -1 -1 -1.4311 735.5094 780.5145 862.5235 890.9765 1.4703 1.7558 3.7363 -2.8703 4.4957 27.1707 -1.5289 0.9666
Car -1 -1 -1.4328 645.0310 766.3313 828.2466 928.2166 1.4873 1.7677 3.8868 -2.7479 3.4766 19.0875 -1.5744 0.9591
Car -1 -1 2.1556 0.0000 725.1830 178.5322 882.6027 1.5573 1.8541 4.5800 -12.6040 3.0528 20.0083 1.5740 0.3527
Car -1 -1 1.8930 322.5034 805.3498 442.6494 883.9545 1.5498 1.8201 4.4138 -16.1703 6.8908 42.0200 1.5305 0.3472
Car -1 -1 1.9242 271.9849 783.9063 388.9134 853.6959 1.4545 1.7333 4.2126 -18.0791 6.2603 43.0576 1.5303 0.2303
Car -1 -1 -1.2801 808.0488 785.1250 906.3764 856.4734 1.5273 1.7788 3.8624 -2.9690 6.4070 43.4591 -1.3372 0.2242
