Pedestrian -1 -1 -1.8206 1031.0844 775.6270 1095.7302 926.3262 1.7282 0.6504 0.6787 1.2448 3.6133 18.3148 -1.7362 0.7813
Pedestrian -1 -1 1.4340 1120.2950 773.5440 1168.5593 884.1243 1.6467 0.6781 0.6817 2.8764 4.0197 23.5313 1.5744 0.6022
Pedestrian -1 -1 1.4428 1071.9971 800.3599 1100.3369 873.7156 1.5095 0.5541 0.5474 2.7035 5.3442 32.4018 1.5418 0.4070
Cyclist -1 -1 -1.5417 902.3890 746.3411 965.4240 886.8594 1.7265 0.8080 1.8689 -0.3638 3.5042 20.9473 -1.5487 0.3732
Car -1 -1 -1.1092 0.0000 717.6107 644.1006 1216.0000 1.5286 1.7327 3.4878 -2.7221 2.0658 6.9097 -1.5576 0.9934
Car -1 -1 -1.3266 489.0221 757.0871 778.8658 992.8971 1.5409 1.7594 3.6096 -2.8168 2.9099 13.6558 -1.5403 0.9892
Car -1 -1 -1.4688 800.0532 781.1672 894.4105 868.5453 1.6102 1.8837 4.2577 -2.7906 5.7506 37.4594 -1.5327 0.9742
Car -1 -1 -1.4038 681.3372 773.2241 850.9595 912.4337 1.4335 1.7767 3.8899 -2.7119 3.7738 21.6114 -1.5244 0.7976
Car -1 -1 1.9711 237.1540 755.0567 385.6230 837.1998 1.4511 1.7155 4.1146 -15.1179 4.6792 35.0240 1.5630 0.3850
Car -1 -1 -1.5033 845.2251 783.9537 908.6030 844.5580 1.5111 1.7883 3.8177 -2.7436 6.9647 49.3457 -1.5471 0.3139
Car -1 -1 2.0312 90.2148 742.7891 291.2724 845.0989 1.4819 1.7432 4.2157 -14.6327 3.9099 28.6766 1.5529 0.3099
