Pedestrian -1 -1 1.4495 1115.7982 772.2919 1162.6704 881.4395 1.6601 0.6788 0.7342 2.8649 4.0745 24.1239 1.5861 0.7109
Pedestrian -1 -1 -1.7330 1030.8805 773.5850 1090.0448 918.6793 1.7063 0.6422 0.7228 1.2379 3.6102 18.7634 -1.6509 0.6781
Pedestrian -1 -1 1.4010 1068.7308 784.3795 1098.0157 859.0416 1.5625 0.5578 0.6030 2.6908 5.1149 32.9896 1.4979 0.3354
Cyclist -1 -1 -1.5620 910.0779 753.8588 978.1299 899.3163 1.7999 0.9193 1.8963 -0.2232 3.7056 21.1464 -1.5615 0.3559
Car -1 -1 -1.3337 515.1201 756.9520 795.5009 988.0104 1.5595 1.7626 3.7301 -2.7258 2.9776 14.1610 -1.5318 0.9949
Car -1 -1 -1.1483 24.6474 722.5174 664.0931 1186.6736 1.5447 1.7255 3.4485 -2.7035 2.1438 7.4416 -1.5583 0.9944
Car -1 -1 -1.4589 803.9863 783.7355 896.0071 867.7158 1.5581 1.8248 4.1767 -2.7602 5.8141 37.9389 -1.5209 0.9859
Car -1 -1 -1.4146 675.2999 775.5922 842.2229 914.1854 1.4644 1.8255 3.8563 -2.8743 3.8792 22.0085 -1.5403 0.7158
Car -1 -1 2.0301 106.5325 742.4830 301.3071 841.5392 1.4658 1.7324 4.1609 -14.6431 3.9248 29.1831 1.5591 0.6271
Car -1 -1 1.9416 253.0575 754.0781 394.2633 835.5924 1.4705 1.7191 4.1014 -15.0945 4.7279 35.6329 1.5406 0.3872
Car -1 -1 2.1723 0.0000 726.8594 132.7064 853.5196 1.4968 1.7237 4.2161 -14.9135 3.2238 23.2086 1.5862 0.2551
