Pedestrian -1 -1 -1.7837 1028.1339 773.2108 1088.3121 921.2357 1.7558 0.6301 0.7314 1.2222 3.6756 18.9527 -1.7032 0.7412
Pedestrian -1 -1 1.4493 1115.7317 774.7888 1159.9659 881.9236 1.6575 0.6504 0.6982 2.8852 4.1465 24.4795 1.5849 0.6599
Pedestrian -1 -1 1.4373 1065.5210 783.6932 1094.8497 857.9507 1.5769 0.5870 0.5896 2.6508 5.1530 33.3716 1.5320 0.3403
Cyclist -1 -1 -1.5383 911.5520 750.2538 976.9017 897.8777 1.8116 0.8307 1.8112 -0.2180 3.6348 20.8311 -1.5378 0.4039
Car -1 -1 -1.1506 38.0657 724.3238 666.2689 1174.4132 1.5415 1.7477 3.5075 -2.7591 2.1690 7.6708 -1.5542 0.9938
Car -1 -1 -1.3463 524.0490 763.3690 793.0035 980.8323 1.4799 1.7513 3.7696 -2.7718 3.0009 14.5174 -1.5422 0.9865
Car -1 -1 -1.4721 803.2828 785.2899 892.3807 867.2317 1.5209 1.8183 4.2228 -2.8422 5.8567 38.2843 -1.5356 0.9799
Car -1 -1 2.0292 113.2370 742.1996 306.3091 841.2162 1.4814 1.7373 4.1593 -14.6433 3.9519 29.4080 1.5615 0.4842
Car -1 -1 -1.4391 680.3240 774.4750 833.3799 908.9490 1.4701 1.7666 3.7965 -2.9762 3.9090 22.4822 -1.5664 0.4743
Car -1 -1 -1.5430 847.7569 782.1201 911.1122 849.5106 1.5120 1.7261 3.8008 -2.3887 6.3801 44.3906 -1.5852 0.3578
Car -1 -1 1.9265 256.2836 752.3459 392.5587 832.3950 1.4564 1.7048 3.9918 -15.1152 4.6730 35.7114 1.5258 0.3535
Car -1 -1 -1.5334 853.4637 785.9483 914.6489 848.8783 1.5469 1.8244 4.2744 -2.5299 7.1451 49.8440 -1.5722 0.2618
Car -1 -1 -1.5056 779.7642 797.0527 877.2053 898.6468 1.6069 1.7999 3.9110 -2.8023 5.5493 32.2812 -1.5824 0.2418
