Pedestrian -1 -1 -1.6963 1026.6030 776.8038 1078.0814 913.4184 1.7133 0.6137 0.6619 1.2045 3.7666 19.8687 -1.6200 0.6219
Pedestrian -1 -1 1.4562 1105.8158 778.5353 1148.0077 880.4529 1.6684 0.6646 0.6282 2.8487 4.3476 25.7599 1.5840 0.6129
Pedestrian -1 -1 1.4734 1061.8481 788.5112 1089.1979 860.1079 1.5749 0.5851 0.5426 2.6268 5.3701 34.4160 1.5649 0.3853
Pedestrian -1 -1 3.6268 0.0000 752.2120 304.5287 1216.0000 1.2888 0.6473 0.6666 -2.1708 1.6595 3.9684 2.9316 0.2814
Cyclist -1 -1 -1.5185 913.8796 754.6925 979.1332 897.0419 1.7630 0.8073 1.8635 -0.1896 3.6866 21.2107 -1.5163 0.3306
Car -1 -1 -1.3700 569.7388 760.0900 808.1196 966.0460 1.5513 1.7282 3.6284 -2.6817 3.1194 15.5098 -1.5454 0.9962
Car -1 -1 -1.2130 183.1146 731.3961 698.1665 1119.2981 1.5415 1.7397 3.4645 -2.7114 2.2809 8.6405 -1.5603 0.9938
Car -1 -1 -1.4630 805.9180 784.0309 893.8787 865.5797 1.5900 1.8333 4.0874 -2.8735 6.0014 39.3729 -1.5251 0.9749
Car -1 -1 -1.4278 705.8323 778.1274 855.2879 906.3192 1.4486 1.7683 3.7942 -2.7374 4.0461 23.4252 -1.5385 0.9472
Car -1 -1 -1.5177 852.1125 784.3664 914.5729 846.5077 1.6068 1.8702 4.0345 -2.6219 7.2743 51.1179 -1.5569 0.6107
Car -1 -1 2.0867 0.0000 731.0536 221.3807 884.6299 1.6156 2.0146 4.6733 -12.6752 3.3016 21.3804 1.5355 0.2704
Car -1 -1 -0.2737 0.0000 597.3136 250.9290 1216.0000 1.5944 1.7175 3.3568 -2.7275 1.5853 2.1919 -1.5465 0.2482
Car -1 -1 2.2693 0.0000 708.9297 36.9245 900.7645 1.5626 1.8271 4.5805 -12.5640 2.6199 16.5085 1.5889 0.2333
Car -1 -1 2.0239 160.1299 738.7247 345.6580 835.3665 1.5167 1.7357 4.3122 -14.4248 4.0208 30.7336 1.5807 0.2257
