Pedestrian -1 -1 -1.6810 1031.6842 771.8727 1095.7927 932.8106 1.7639 0.6824 0.6803 1.1835 3.5059 17.3762 -1.5962 0.7578
Pedestrian -1 -1 1.4473 1128.9729 773.3347 1182.9326 895.3344 1.6765 0.7089 0.7360 2.8369 3.8821 21.8440 1.5961 0.6424
Pedestrian -1 -1 1.4319 1079.5846 789.2392 1110.3203 869.6026 1.5653 0.5638 0.5350 2.7270 4.9515 30.5369 1.5370 0.4670
Cyclist -1 -1 -1.5698 901.5306 740.0226 962.7900 881.1083 1.7455 0.8214 1.8940 -0.3977 3.4355 21.0024 -1.5785 0.3337
Car -1 -1 -1.0000 0.0000 704.5872 590.4896 1216.0000 1.5130 1.7681 3.6677 -2.7070 1.9049 5.5211 -1.5712 0.9926
Car -1 -1 -1.3235 437.4144 749.0295 761.0947 1015.5348 1.5669 1.7544 3.6605 -2.7910 2.7441 12.3440 -1.5611 0.9926
Car -1 -1 -1.4690 792.2673 776.6174 891.1061 868.3829 1.6324 1.8968 4.3703 -2.8194 5.5245 36.1471 -1.5366 0.9444
Car -1 -1 -1.3804 671.1590 774.7529 857.6172 922.1130 1.3993 1.7691 3.9416 -2.5604 3.6416 20.3500 -1.5021 0.8336
Car -1 -1 -1.5122 844.1674 779.9175 906.9591 843.1666 1.5445 1.7397 3.8238 -2.7039 6.7065 47.8731 -1.5570 0.5363
Car -1 -1 2.0728 0.0000 744.4111 141.7952 864.2016 1.4365 1.6703 3.9222 -14.9346 3.5126 23.9646 1.5024 0.4654
Car -1 -1 2.0239 141.1777 741.6443 321.0409 833.7145 1.4639 1.7399 4.0927 -15.0225 4.0455 31.0202 1.5685 0.3466
