Pedestrian -1 -1 -1.7357 1031.8585 773.9274 1097.3380 934.4854 1.7809 0.6717 0.7403 1.2167 3.5861 17.7181 -1.6504 0.7895
Pedestrian -1 -1 1.4266 1128.8942 771.7742 1180.4417 892.4675 1.6983 0.6764 0.7334 2.8784 3.9254 22.3070 1.5744 0.5625
Pedestrian -1 -1 1.4529 1079.4886 794.5426 1108.8541 872.6458 1.5422 0.5558 0.5063 2.7438 5.0769 30.9021 1.5575 0.3027
Cyclist -1 -1 -1.5053 897.9888 738.6111 966.0697 878.4977 1.7556 0.8295 1.7719 -0.3940 3.4331 21.1532 -1.5137 0.2772
Car -1 -1 -1.3128 452.7166 752.2603 771.5340 1012.3099 1.5649 1.7499 3.6935 -2.7722 2.8063 12.7047 -1.5411 0.9952
Car -1 -1 -1.0623 0.0000 703.4662 605.2192 1216.0000 1.5319 1.7767 3.6207 -2.7375 1.9455 6.0489 -1.5845 0.9929
Car -1 -1 -1.4715 797.6016 783.9438 893.5600 874.1195 1.6075 1.8710 4.3275 -2.7626 5.7328 36.5942 -1.5364 0.9600
Car -1 -1 -1.3783 676.7700 773.1613 860.1334 915.2372 1.3728 1.7644 3.9935 -2.5635 3.6386 20.7977 -1.4972 0.8267
Car -1 -1 -1.5175 844.5137 781.6011 907.6328 844.2490 1.5468 1.7922 3.7945 -2.7152 6.8138 48.3591 -1.5619 0.5742
Car -1 -1 1.9933 167.5170 743.7964 334.2225 831.8950 1.4678 1.7478 4.1204 -15.3724 4.2253 32.6042 1.5496 0.4260
