Pedestrian -1 -1 -1.6843 1043.0110 767.8976 1112.6560 945.3515 1.7817 0.6796 0.6071 1.2264 3.3244 15.8237 -1.5890 0.6643
Pedestrian -1 -1 1.3810 1147.3022 769.3159 1206.5026 904.0207 1.6338 0.6434 0.7287 2.7771 3.5344 19.3088 1.5453 0.6056
Pedestrian -1 -1 1.4325 1086.8579 777.8799 1124.1287 870.3618 1.6529 0.6232 0.6666 2.7153 4.5724 28.1981 1.5451 0.3488
Cyclist -1 -1 -1.5567 906.9182 738.3915 960.5281 878.2402 1.7472 0.7103 1.8415 -0.3723 3.4190 21.1050 -1.5641 0.3614
Car -1 -1 -1.2746 331.8616 740.9553 729.9849 1058.4270 1.5612 1.7224 3.5899 -2.7775 2.5144 10.4777 -1.5598 0.9989
Car -1 -1 -0.6276 0.0000 652.6280 466.2958 1216.0000 1.5395 1.7982 4.2210 -2.7557 1.6422 3.4188 -1.5561 0.9731
Car -1 -1 -1.4023 628.4980 773.4159 826.1270 938.4103 1.4262 1.7518 3.8378 -2.7451 3.4408 18.3494 -1.5503 0.9627
Car -1 -1 -1.4781 778.7291 776.6790 877.6286 868.3771 1.5467 1.8346 4.1982 -2.9866 5.2457 34.3325 -1.5553 0.9287
Car -1 -1 -1.4926 830.0132 782.3405 898.0228 847.9271 1.5177 1.7425 3.8592 -2.9432 6.5581 45.9243 -1.5453 0.8699
Car -1 -1 -1.4987 818.1843 779.8100 891.7772 851.7439 1.4885 1.6886 3.4628 -2.8143 5.8324 40.1914 -1.5579 0.5393
Car -1 -1 2.2265 0.0000 700.4631 37.0791 879.3247 1.5459 1.9680 4.5419 -12.9526 2.5282 17.1499 1.5510 0.4994
Car -1 -1 2.1102 0.0000 730.6490 219.6806 853.9626 1.4743 1.7902 4.2120 -13.6466 3.2924 23.6020 1.5727 0.3121
