Pedestrian -1 -1 -1.6713 1052.7213 752.8566 1128.2610 952.7772 1.8144 0.6719 0.5577 1.2209 3.0543 14.2111 -1.5664 0.6943
Pedestrian -1 -1 1.3938 1164.4296 774.0153 1233.9352 926.9698 1.6130 0.6766 0.6510 2.6547 3.3142 16.7346 1.5751 0.5308
Pedestrian -1 -1 1.4306 1103.1971 798.5298 1145.2200 899.1879 1.6141 0.6381 0.6174 2.7603 4.5966 25.3743 1.5567 0.4124
Pedestrian -1 -1 1.9098 531.5867 769.1087 578.6870 871.1979 1.6454 0.5974 0.6262 -6.8883 4.1252 25.3810 1.6441 0.2135
Cyclist -1 -1 -1.5731 901.3862 741.8033 959.7527 886.3033 1.7844 0.7797 1.8573 -0.4216 3.4921 20.9108 -1.5831 0.3963
Car -1 -1 -1.1934 99.0168 717.0541 675.7191 1133.6814 1.5833 1.7794 3.8598 -2.8783 2.2242 8.4690 -1.5691 0.9931
Car -1 -1 -1.3700 577.8685 766.1559 803.5003 957.4155 1.5041 1.7205 3.5014 -2.7921 3.1972 16.1516 -1.5446 0.9871
Car -1 -1 -1.4851 763.6943 770.4824 871.0065 872.3583 1.6141 1.8815 4.3997 -3.0185 4.9616 32.1848 -1.5697 0.9735
Car -1 -1 -1.4942 822.0828 777.5078 893.5458 848.2100 1.5814 1.7553 3.9281 -2.9963 6.2720 43.9829 -1.5511 0.8282
Car -1 -1 1.8447 0.0000 770.3110 96.5730 900.2159 1.4730 1.7881 4.3608 -15.7534 4.0899 24.5640 1.2633 0.2970
Car -1 -1 2.0094 88.6853 769.2803 273.7269 870.5343 1.5091 1.7439 4.1406 -15.7272 4.6475 30.4004 1.5279 0.2255
