Pedestrian -1 -1 -1.6562 1062.5109 753.8688 1139.5411 958.8140 1.7799 0.6632 0.6737 1.2778 2.9971 13.7685 -1.5436 0.6049
Pedestrian -1 -1 1.3365 1190.7458 769.9432 1265.7349 930.8581 1.6070 0.6649 0.6404 2.8238 3.1775 15.8616 1.5390 0.5008
Pedestrian -1 -1 1.4286 1109.9044 788.5494 1154.8156 896.1465 1.6690 0.6557 0.6589 2.8029 4.3912 24.5426 1.5604 0.4246
Pedestrian -1 -1 1.8267 517.6462 766.0493 566.6371 869.6514 1.6136 0.6150 0.7267 -6.9072 3.9766 24.6665 1.5519 0.2779
Cyclist -1 -1 -1.5921 904.8607 744.2533 963.2674 888.5825 1.7551 0.7706 1.8356 -0.3861 3.4773 20.6502 -1.6006 0.4350
Car -1 -1 -1.3438 567.4120 767.8651 811.9382 960.7367 1.4110 1.7117 3.6875 -2.6904 3.0849 15.6226 -1.5185 0.9925
Car -1 -1 -1.1654 36.6021 708.8055 674.6641 1170.0323 1.6262 1.7809 3.8600 -2.7970 2.1793 7.9180 -1.5598 0.9921
Car -1 -1 -1.4481 758.8792 767.3387 875.4215 873.4359 1.6674 1.8904 4.4365 -2.9801 4.9113 31.8041 -1.5326 0.9615
Car -1 -1 -1.4862 821.8668 778.3242 895.0929 848.8421 1.5541 1.7553 3.8358 -2.9334 6.2009 43.3500 -1.5427 0.8745
Car -1 -1 2.0900 0.0000 780.7341 24.2714 919.9854 1.5165 1.9050 4.4917 -17.1077 4.2473 23.8650 1.4558 0.2095
