Pedestrian -1 -1 1.4126 1146.2404 768.1176 1202.0421 899.5889 1.6590 0.6441 0.7560 2.8507 3.6181 20.0768 1.5747 0.6542
Pedestrian -1 -1 -1.6682 1040.7567 769.1495 1108.8163 940.6076 1.7747 0.6927 0.6294 1.2322 3.3802 16.3276 -1.5753 0.6171
Pedestrian -1 -1 1.4364 1084.0159 784.3165 1118.3346 872.0739 1.6094 0.5915 0.6174 2.6991 4.7226 28.8887 1.5460 0.4483
Car -1 -1 -1.2998 359.1748 749.2922 729.8943 1044.8799 1.5262 1.7527 3.5550 -2.8454 2.5897 11.0033 -1.5759 0.9969
Car -1 -1 -0.7544 0.0000 663.2495 505.3027 1216.0000 1.5472 1.7754 3.9249 -2.7591 1.7021 4.0571 -1.5493 0.9855
Car -1 -1 -1.4145 646.0471 777.0319 832.9263 939.3676 1.4713 1.7580 3.7302 -2.6958 3.5910 18.9567 -1.5541 0.9639
Car -1 -1 -1.4748 781.6604 778.8077 881.1622 872.3920 1.5937 1.8542 4.3374 -2.9549 5.4057 34.8512 -1.5496 0.9213
Car -1 -1 -1.4756 833.2661 783.1914 902.6005 847.6153 1.5023 1.7466 3.8179 -2.8518 6.6182 46.3850 -1.5256 0.7960
Car -1 -1 -1.4722 814.4146 782.5110 889.0056 852.2983 1.4546 1.6601 3.3729 -2.9360 5.9185 40.6384 -1.5335 0.7876
Car -1 -1 2.1978 0.0000 706.7994 73.2786 879.1661 1.5468 1.9718 4.5913 -12.9608 2.6565 17.9431 1.5463 0.5571
Car -1 -1 2.0809 18.1124 736.8940 269.2491 858.7648 1.4912 1.8007 4.0923 -13.0123 3.4507 24.1146 1.5745 0.3355
