Pedestrian -1 -1 1.2805 1270.8275 760.8895 1371.5245 975.3464 1.6259 0.6275 0.7663 2.9281 2.7724 12.2194 1.5529 0.6133
Pedestrian -1 -1 -1.6696 1123.6445 754.0952 1211.2886 986.7610 1.6690 0.6181 0.7582 1.5833 2.7028 11.5678 -1.5066 0.4430
Pedestrian -1 -1 1.3952 1160.6628 793.8110 1211.1354 919.7921 1.6464 0.6045 0.5969 3.0965 4.0126 20.6484 1.5653 0.2972
Cyclist -1 -1 -1.5580 921.8864 758.7121 982.4503 901.0577 1.7436 0.8019 1.7678 -0.1094 3.6921 20.8848 -1.5519 0.4340
Car -1 -1 -1.3273 500.1278 754.5016 810.3903 1003.2606 1.4713 1.7294 3.7035 -2.4113 2.7359 12.7021 -1.5258 0.9957
Car -1 -1 -0.9142 0.0000 689.9689 605.5388 1216.0000 1.4884 1.7928 4.1779 -2.6090 1.7939 4.9077 -1.5448 0.9934
Car -1 -1 -1.4795 757.1387 769.2179 883.5244 884.7338 1.6214 1.9780 4.4713 -2.6242 4.6215 28.8427 -1.5619 0.9657
Car -1 -1 -1.5005 834.6516 783.7748 907.4796 856.9879 1.4996 1.6704 3.6119 -2.3917 5.9825 40.3718 -1.5485 0.8427
Car -1 -1 -1.4064 650.0883 759.6932 845.7397 927.4887 1.5411 1.8010 4.0910 -2.5985 3.4529 19.1377 -1.5394 0.3398
Car -1 -1 1.0917 1606.8513 811.8120 1780.3054 913.0697 1.6065 1.8015 4.3584 16.5004 6.1228 33.9541 1.5701 0.2766
Car -1 -1 1.7565 530.2646 777.3198 625.2079 845.8095 1.5474 2.0107 4.7712 -11.9972 6.5947 47.0809 1.5143 0.2366
