Pedestrian -1 -1 -1.6220 1070.2913 755.2761 1146.0748 958.4965 1.7302 0.6622 0.6507 1.3198 2.9395 13.5241 -1.5039 0.7082
Pedestrian -1 -1 1.3516 1195.5181 767.7461 1269.8246 931.9201 1.6104 0.6537 0.6105 2.8086 3.1221 15.5171 1.5575 0.5591
Pedestrian -1 -1 1.4399 1113.0463 789.4928 1157.0435 897.5547 1.6536 0.6378 0.6570 2.8091 4.3552 24.2166 1.5736 0.4417
Pedestrian -1 -1 1.6644 495.6200 756.8359 538.9102 867.5069 1.6826 0.6088 0.6786 -7.1394 3.8405 24.0654 1.3730 0.2252
Cyclist -1 -1 -1.5696 902.0304 748.0821 960.1180 892.6326 1.7599 0.7683 1.8403 -0.4070 3.5414 20.7039 -1.5791 0.3657
Car -1 -1 -1.1404 0.0000 711.1462 652.7430 1192.1785 1.5855 1.7299 3.6731 -2.7904 2.1205 7.4333 -1.5630 0.9950
Car -1 -1 -1.3540 561.2988 766.7014 808.5515 968.3572 1.4557 1.7208 3.6896 -2.6799 3.0856 15.3119 -1.5320 0.9938
Car -1 -1 -1.4538 759.0020 769.5901 874.4482 875.6603 1.6706 1.8991 4.2835 -2.9776 4.9428 31.6483 -1.5388 0.9368
Car -1 -1 -1.4881 822.6802 777.6976 895.5952 847.7106 1.5257 1.7366 3.8467 -2.8924 6.1210 43.0285 -1.5441 0.8933
Car -1 -1 -1.4968 821.1422 780.2480 900.8060 857.2939 1.4527 1.6889 3.7488 -2.4796 5.5664 37.7095 -1.5519 0.2643
Car -1 -1 1.8622 438.8812 758.7548 560.0885 835.9371 1.6403 1.9909 4.6268 -12.9140 5.6180 42.1250 1.5694 0.2318
