Pedestrian -1 -1 -1.6688 1140.0709 755.7845 1228.4397 995.3934 1.6519 0.6006 0.7071 1.6434 2.6559 11.0963 -1.4927 0.5783
Pedestrian -1 -1 1.2458 1283.6527 760.0067 1388.3649 981.6648 1.6079 0.6231 0.6813 2.9032 2.6907 11.6318 1.5302 0.5662
Pedestrian -1 -1 1.5370 1144.8378 795.4929 1191.5435 926.4387 1.6613 0.6176 0.6580 2.8020 4.0172 20.2874 1.6949 0.2931
Cyclist -1 -1 -1.5741 920.7626 761.3844 982.0181 903.1557 1.7386 0.8202 1.7480 -0.1308 3.7257 20.8982 -1.5690 0.4518
Car -1 -1 -1.3336 481.5275 754.0986 800.4117 1012.0545 1.4676 1.7256 3.7447 -2.4385 2.6945 12.3043 -1.5420 0.9942
Car -1 -1 -0.8412 0.0000 682.9659 575.7828 1216.0000 1.5098 1.7445 3.9703 -2.5961 1.7613 4.4627 -1.5352 0.9817
Car -1 -1 -1.4723 758.9957 771.2088 885.5194 887.1029 1.5951 1.9220 4.4502 -2.5544 4.6013 28.4845 -1.5533 0.9473
Car -1 -1 -1.4994 832.3618 783.6925 906.6078 857.5428 1.4901 1.6815 3.6675 -2.4095 5.9333 39.9918 -1.5485 0.9433
Car -1 -1 -1.3943 635.1390 765.6860 839.3530 934.6473 1.4605 1.7698 4.2576 -2.6561 3.4230 18.6856 -1.5343 0.5395
Car -1 -1 -2.4334 1668.4451 692.4037 1936.0000 1216.0000 1.7377 1.8617 4.1874 4.2843 2.0594 5.0257 -1.5629 0.2661
Car -1 -1 1.7807 525.8883 775.5060 623.6525 844.0877 1.5502 1.9793 4.7256 -11.9961 6.4965 46.7188 1.5365 0.2067
