Pedestrian -1 -1 1.2949 1267.3080 757.5013 1365.1194 969.7720 1.6584 0.6352 0.7617 2.9652 2.8048 12.5453 1.5632 0.7159
Pedestrian -1 -1 -1.6410 1121.4286 754.8537 1207.8632 980.5751 1.6455 0.6398 0.6626 1.5772 2.6911 11.6739 -1.4800 0.4703
Pedestrian -1 -1 1.4167 1155.5229 788.5269 1206.7582 913.3832 1.6651 0.6293 0.7347 3.1234 4.0349 21.2874 1.5832 0.3085
Cyclist -1 -1 -1.5464 922.1563 755.7906 985.0042 905.7944 1.7945 0.7907 1.7505 -0.0864 3.6513 20.3264 -1.5393 0.4303
Car -1 -1 -1.3292 504.6610 759.9507 803.6637 1003.8671 1.4758 1.7090 3.6079 -2.4770 2.8088 12.9218 -1.5291 0.9956
Car -1 -1 -0.9604 0.0000 699.3299 615.1154 1216.0000 1.4953 1.7866 4.1042 -2.6230 1.8596 5.2486 -1.5491 0.9944
Car -1 -1 -1.4709 761.5256 767.3961 888.1747 883.9501 1.6600 1.9673 4.5205 -2.5648 4.6554 29.1548 -1.5501 0.9840
Car -1 -1 -1.5091 830.1566 780.1379 903.3201 854.3089 1.5371 1.7154 3.6965 -2.5231 5.9471 40.6246 -1.5601 0.8568
Car -1 -1 1.7776 530.4695 778.6933 626.9763 848.1890 1.5838 1.9740 4.7978 -12.0147 6.6957 47.2748 1.5362 0.4121
Car -1 -1 1.1299 1584.3513 809.4521 1750.0573 906.5330 1.5774 1.8636 4.4718 16.4597 6.1917 35.1337 1.5932 0.2320
