Pedestrian -1 -1 1.2903 1233.8894 763.2516 1325.8032 956.7481 1.6468 0.6538 0.7674 2.9050 2.9500 13.6903 1.5313 0.6261
Pedestrian -1 -1 -1.6890 1086.7184 754.0942 1169.0527 975.3636 1.7524 0.6291 0.6148 1.3863 2.8610 12.5200 -1.5557 0.5884
Pedestrian -1 -1 1.3955 1124.2048 786.0372 1173.5938 902.7961 1.6750 0.6466 0.6956 2.8549 4.1702 22.7991 1.5392 0.3398
Pedestrian -1 -1 -3.6303 1550.8184 733.1273 1737.1243 1084.7791 1.6164 0.5823 0.6588 3.3405 2.1706 7.3584 -3.1147 0.2279
Cyclist -1 -1 -1.5337 912.9094 752.5912 979.0665 899.9791 1.7837 0.8241 1.8104 -0.1910 3.6224 20.6134 -1.5320 0.4250
Car -1 -1 -1.3376 529.3915 760.4993 808.4273 981.6018 1.4366 1.7258 3.7452 -2.5596 2.8762 13.9673 -1.5266 0.9954
Car -1 -1 -1.0581 0.0000 704.1868 609.1448 1216.0000 1.5268 1.7189 3.6849 -2.7440 1.9512 6.1618 -1.5709 0.9925
Car -1 -1 -1.4771 759.9601 769.2197 880.9940 879.6021 1.6249 1.9679 4.4353 -2.7419 4.7421 30.0713 -1.5594 0.9819
Car -1 -1 -1.5009 824.9553 778.0376 898.5371 850.9780 1.5543 1.7460 3.7677 -2.7313 6.0220 41.7312 -1.5552 0.9391
Car -1 -1 1.8418 466.1140 762.2833 583.7088 838.5620 1.5710 1.9433 4.5528 -11.9621 5.5752 41.3033 1.5648 0.1877
