Pedestrian -1 -1 1.3070 1252.0569 762.3491 1342.9591 960.2802 1.6173 0.6184 0.7794 2.9465 2.8627 13.1574 1.5612 0.6978
Pedestrian -1 -1 -1.6675 1091.2284 750.4246 1177.2893 973.7114 1.7108 0.6493 0.6892 1.4030 2.7664 12.2181 -1.5295 0.4994
Pedestrian -1 -1 1.4023 1146.2875 794.6509 1196.3379 915.3849 1.6714 0.6304 0.7423 3.1017 4.2256 22.1278 1.5617 0.3877
Pedestrian -1 -1 -3.6812 1613.2412 738.0043 1818.7258 1097.2469 1.5353 0.5841 0.6579 3.4521 2.0785 6.8814 -3.1147 0.3384
Cyclist -1 -1 -1.5417 914.4579 754.1675 980.1862 904.6621 1.8014 0.8223 1.7911 -0.1706 3.6406 20.3687 -1.5390 0.5346
Car -1 -1 -1.3350 518.2421 760.4028 803.6321 987.0859 1.4192 1.6951 3.7560 -2.5473 2.8210 13.5589 -1.5297 0.9924
Car -1 -1 -1.4776 762.4164 766.2640 884.5545 881.0667 1.6823 1.9569 4.4434 -2.6417 4.6964 29.6510 -1.5578 0.9860
Car -1 -1 -1.0205 0.0000 698.3861 613.8447 1216.0000 1.5283 1.7417 3.8739 -2.6637 1.9050 5.7228 -1.5631 0.9823
Car -1 -1 -1.5037 826.3448 778.3749 900.5802 853.0805 1.5804 1.7539 3.7613 -2.6553 6.0140 41.3069 -1.5569 0.8821
Car -1 -1 1.1519 1587.4296 814.2646 1746.9276 913.1810 1.6074 1.8244 4.4246 16.4810 6.3458 35.1694 1.6152 0.3201
