Pedestrian -1 -1 1.3401 1220.8981 765.9255 1301.1299 948.2541 1.6321 0.6316 0.6433 2.8392 3.0024 14.2083 1.5673 0.5964
Pedestrian -1 -1 -1.6617 1084.8521 747.8491 1162.4734 963.3645 1.7498 0.6206 0.6243 1.3854 2.8318 12.8357 -1.5319 0.5472
Pedestrian -1 -1 1.3352 1133.5177 795.0267 1183.4354 909.0908 1.6537 0.6369 0.6646 3.0422 4.3234 23.1084 1.4855 0.4212
Pedestrian -1 -1 -1.6497 1005.4036 740.0848 1083.1874 953.8102 1.7562 0.6337 0.6520 0.7117 2.7806 12.9708 -1.5786 0.2320
Cyclist -1 -1 -1.5622 916.7361 747.7628 976.9286 895.1375 1.7783 0.7876 1.8255 -0.1796 3.5372 20.4912 -1.5600 0.4409
Car -1 -1 -1.3261 534.2294 768.5433 805.0692 976.5483 1.3697 1.6934 3.7161 -2.6401 2.9335 14.3780 -1.5147 0.9950
Car -1 -1 -1.0960 0.0000 710.4778 618.9497 1216.0000 1.5599 1.7294 3.6023 -2.7585 2.0370 6.5286 -1.5789 0.9900
Car -1 -1 -1.4550 755.0814 769.8552 878.9314 878.6594 1.6191 1.9656 4.4179 -2.8481 4.7885 30.4577 -1.5396 0.9812
Car -1 -1 -1.4914 825.7209 779.6433 900.7734 852.3363 1.5479 1.7621 3.8347 -2.7083 6.0991 42.0425 -1.5447 0.8702
Car -1 -1 1.8593 443.6244 758.6552 566.2841 835.6004 1.5951 1.9735 4.7180 -12.5862 5.5239 41.5653 1.5698 0.2492
