Pedestrian -1 -1 1.3482 1260.3365 765.1375 1343.1469 950.8890 1.6376 0.6324 0.7571 3.2129 3.0019 14.1598 1.6038 0.7695
Pedestrian -1 -1 -1.8862 1286.9758 733.3397 1437.8479 1087.0863 1.6520 0.5754 0.7077 2.0091 2.2258 7.5569 -1.5658 0.6032
Pedestrian -1 -1 1.0691 1632.2600 722.0686 1887.7588 1196.0240 1.6061 0.6146 0.7587 2.9815 1.9999 5.6480 1.6835 0.5797
Cyclist -1 -1 -1.5632 970.3161 788.7593 1037.2008 941.1088 1.7422 0.8606 1.9390 0.5956 4.0664 20.2215 -1.5199 0.3535
Car -1 -1 -1.2294 194.0927 749.1608 767.4362 1178.4005 1.3948 1.7265 3.6822 -2.1583 2.1979 7.8016 -1.5444 0.9931
Car -1 -1 -1.4518 766.1403 772.9874 917.0234 909.6832 1.5759 1.8824 4.1556 -1.8158 4.1593 23.9645 -1.5194 0.9931
Car -1 -1 -1.4978 845.4578 777.3710 933.9466 864.7468 1.5553 1.7739 3.9393 -1.6469 5.3899 35.6081 -1.5329 0.9773
Car -1 -1 -1.4261 825.2369 777.9976 934.6346 874.6124 1.4294 1.6451 3.5233 -1.5589 4.6666 29.7834 -1.4682 0.3540
Car -1 -1 -1.5018 892.4682 783.1790 961.7709 852.4705 1.5839 1.7794 3.7843 -0.9851 6.5521 44.9976 -1.5113 0.3373
Car -1 -1 2.0138 73.9957 772.5150 266.7577 879.0864 1.4485 1.6431 3.9925 -14.6704 4.4117 27.9872 1.5249 0.2543
Car -1 -1 -1.4034 0.0000 719.3649 174.1980 995.8329 1.6384 1.8167 4.3959 -7.9432 2.6011 12.8637 -1.9955 0.2472
