Pedestrian -1 -1 1.2325 1479.9561 725.9218 1651.2020 1085.5746 1.6388 0.6240 0.7297 2.9837 2.1686 7.4406 1.6961 0.6003
Pedestrian -1 -1 1.3745 1216.8757 784.4964 1285.8890 944.2250 1.6071 0.6233 0.6765 3.1117 3.3601 16.0811 1.5929 0.5017
Pedestrian -1 -1 -1.8060 1204.1902 728.9168 1335.9181 1050.1250 1.7264 0.6125 0.7663 1.7740 2.3567 8.6743 -1.5605 0.4566
Cyclist -1 -1 -1.4907 953.2744 780.2081 1033.9771 927.9023 1.6970 0.9190 1.8673 0.4611 3.8993 20.2254 -1.4546 0.4068
Car -1 -1 -1.4685 772.4286 773.7534 912.7595 900.9501 1.5442 1.8983 4.2282 -1.9123 4.2788 25.3258 -1.5355 0.9968
Car -1 -1 -1.2745 315.6761 758.4780 769.5165 1104.7170 1.3600 1.6905 3.6045 -2.2756 2.3349 9.0957 -1.5512 0.9855
Car -1 -1 -1.5123 841.9378 779.1780 923.4438 862.1440 1.5470 1.7442 3.7864 -1.8875 5.5502 36.8942 -1.5524 0.8875
Car -1 -1 -1.5617 870.7847 780.8632 932.2021 846.4832 1.5151 1.8258 4.2126 -1.8248 6.6111 46.7400 -1.5887 0.7033
Car -1 -1 1.9083 254.5236 761.2226 391.5895 843.6392 1.4643 1.7314 4.1243 -15.1271 4.9088 35.6727 1.5073 0.4701
Car -1 -1 -0.0706 0.0000 0.0000 1936.0000 1216.0000 1.5138 1.7696 3.7908 -2.6680 1.4351 1.6086 -1.5492 0.4382
