Pedestrian -1 -1 1.2273 1434.5862 751.6613 1583.7656 1066.2598 1.5904 0.6208 0.6119 2.9708 2.3093 8.1534 1.6469 0.6273
Pedestrian -1 -1 -1.7690 1197.6631 734.4146 1316.7258 1036.3635 1.7013 0.6029 0.7087 1.7775 2.3912 9.0561 -1.5341 0.5913
Pedestrian -1 -1 1.4539 1196.0944 791.4179 1257.7638 949.2863 1.6405 0.6157 0.7274 2.9670 3.5485 16.7473 1.6546 0.5703
Cyclist -1 -1 -1.4970 940.3406 768.3349 1015.9412 913.4775 1.7196 0.8829 1.8240 0.2536 3.7818 20.5489 -1.4721 0.3605
Car -1 -1 -1.4680 769.1282 774.6492 906.7780 899.1545 1.5447 1.8972 4.1613 -2.0283 4.3336 25.7406 -1.5383 0.9969
Car -1 -1 -1.2786 340.4090 756.0356 777.1702 1091.4458 1.4012 1.7145 3.7049 -2.3140 2.4066 9.5898 -1.5430 0.9853
Car -1 -1 -1.4971 838.3335 784.6521 920.0007 864.8628 1.5065 1.7299 3.7065 -2.0065 5.7084 37.4538 -1.5395 0.8894
Car -1 -1 -0.2012 0.0000 0.0000 1936.0000 1188.7455 1.4739 1.7674 3.9478 -2.5006 1.4462 1.8660 -1.5756 0.6966
Car -1 -1 -1.5524 877.7182 779.4753 939.1074 844.2967 1.5438 1.8107 4.0014 -1.6265 6.6278 47.1802 -1.5747 0.6483
Car -1 -1 2.0125 120.0530 763.8723 295.1564 858.9584 1.3884 1.6023 3.8171 -14.7071 4.3006 29.4067 1.5437 0.4328
Car -1 -1 1.8724 445.1609 769.7506 538.1299 831.0023 1.4833 1.6861 4.0516 -14.9614 6.3140 47.8429 1.5753 0.3204
Car -1 -1 1.9172 262.4514 765.2856 400.2847 847.8450 1.4830 1.7525 4.1848 -15.1704 5.0862 36.2498 1.5215 0.2796
