Pedestrian -1 -1 1.1897 1514.7992 716.6075 1706.8519 1101.7434 1.6271 0.6149 0.8011 2.9946 2.0805 6.9585 1.6883 0.7008
Pedestrian -1 -1 1.3836 1230.1145 782.5178 1298.7177 946.8564 1.6095 0.6151 0.5686 3.1376 3.2757 15.5117 1.6118 0.5850
Pedestrian -1 -1 -1.8206 1218.8114 733.8040 1350.2689 1056.5933 1.7001 0.6034 0.6567 1.8079 2.3382 8.4306 -1.5628 0.5358
Cyclist -1 -1 -1.5372 956.9362 780.6470 1031.4891 930.7766 1.7250 0.9162 1.8999 0.4677 3.9304 20.1956 -1.5006 0.4475
Car -1 -1 -1.4475 767.4370 776.1854 916.7841 906.7547 1.5446 1.9227 4.2686 -1.8835 4.2887 24.9395 -1.5146 0.9954
Car -1 -1 -1.2523 281.5763 755.4932 775.0608 1126.0879 1.3761 1.7092 3.7077 -2.2357 2.3056 8.7616 -1.5365 0.9896
Car -1 -1 -1.4980 843.8446 782.9949 929.3126 868.4850 1.5570 1.7589 3.8940 -1.7697 5.6275 36.5261 -1.5352 0.7703
Car -1 -1 -1.5362 875.8898 782.4338 938.9374 846.3461 1.5086 1.7763 3.6762 -1.6275 6.5763 46.2587 -1.5593 0.7234
Car -1 -1 1.9227 261.7432 758.1072 398.3932 839.9196 1.4674 1.7065 4.0014 -14.8881 4.8105 35.4939 1.5255 0.5142
Car -1 -1 2.0747 82.8310 755.8591 285.4118 858.8972 1.4768 1.6573 4.2172 -14.9124 4.1999 28.9681 1.5935 0.2361
