Pedestrian -1 -1 -1.7278 1166.5314 758.3066 1264.6599 1017.0226 1.6484 0.5901 0.5598 1.7120 2.5776 10.1231 -1.5264 0.5707
Pedestrian -1 -1 1.1594 1347.7528 752.3782 1490.8575 1031.8002 1.7051 0.6614 0.8260 3.0302 2.5907 9.9547 1.5064 0.4805
Pedestrian -1 -1 1.4845 1166.3168 787.0615 1221.1200 928.0968 1.6255 0.6258 0.6686 2.8576 3.6629 18.4275 1.6610 0.3746
Cyclist -1 -1 -1.5331 924.0362 759.7578 994.7413 902.7673 1.7314 0.8929 1.8432 -0.0050 3.6945 20.8259 -1.5217 0.4723
Car -1 -1 -1.4517 766.5934 772.3484 902.2959 892.6720 1.5940 1.9283 4.2318 -2.2180 4.4947 27.2605 -1.5243 0.9932
Car -1 -1 -1.2942 435.1658 755.0934 804.1998 1043.3663 1.4461 1.7196 3.7236 -2.3183 2.5809 11.1287 -1.5168 0.9907
Car -1 -1 -0.6150 0.0000 658.8931 501.3474 1216.0000 1.5276 1.8009 4.1973 -2.5826 1.6498 3.2586 -1.5516 0.9480
Car -1 -1 -1.4682 834.6667 785.4199 919.5264 864.2787 1.5063 1.7566 3.9211 -2.1273 5.8818 38.7533 -1.5119 0.8055
Car -1 -1 2.0367 104.0851 752.3023 291.1035 846.6939 1.4291 1.7226 4.0711 -15.2930 4.1758 30.1975 1.5630 0.4027
Car -1 -1 -1.3904 615.3855 767.2289 835.1984 951.2543 1.4792 1.7765 4.1297 -2.5880 3.3295 17.3490 -1.5388 0.3496
Car -1 -1 -1.5233 866.1599 783.7191 928.9927 847.6771 1.5604 1.8001 4.0341 -2.0286 6.9392 48.6141 -1.5529 0.2989
