Pedestrian -1 -1 1.3241 1376.5972 734.9677 1490.9700 984.2932 1.6371 0.6348 0.7679 3.3342 2.4482 10.6029 1.6791 0.6508
Pedestrian -1 -1 -2.0092 1431.8661 676.1316 1677.7288 1180.6989 1.6613 0.6163 0.7455 2.1074 1.8592 5.3901 -1.5212 0.4866
Pedestrian -1 -1 1.5790 1068.9810 791.3010 1087.9735 842.7679 1.6766 0.6355 0.6432 4.0258 7.4289 51.3441 1.6719 0.4190
Cyclist -1 -1 -1.5370 987.9377 770.2964 1052.9507 920.7202 1.7532 0.7899 1.9154 0.8244 3.8261 20.3306 -1.4821 0.3165
Car -1 -1 -1.4404 732.8016 762.5634 906.5629 918.9020 1.5847 1.8616 4.2231 -1.8783 3.7259 21.1053 -1.5230 0.9924
Car -1 -1 -1.0231 0.0000 729.1041 693.0802 1216.0000 1.4092 1.7229 3.6140 -2.0797 1.8741 4.8532 -1.5563 0.9429
Car -1 -1 -1.4889 829.0524 778.9926 925.9942 875.1459 1.5613 1.7527 3.9298 -1.7676 5.1345 32.6805 -1.5324 0.8974
Car -1 -1 -1.5086 897.7615 787.3371 959.0819 849.2757 1.5552 1.7602 3.8995 -1.0595 7.2032 50.0029 -1.5171 0.6726
Car -1 -1 -1.5184 880.4535 783.0015 952.0217 855.2869 1.5214 1.7658 3.9492 -1.2259 6.2002 42.2505 -1.5353 0.2905
Car -1 -1 2.0273 16.9917 785.2882 209.6295 887.9238 1.4155 1.6837 3.9464 -16.2924 4.7386 28.9629 1.5095 0.1806
Car -1 -1 -1.4203 801.4084 775.7082 929.4542 887.0887 1.4908 1.7455 3.5934 -1.6553 4.3991 26.9652 -1.4722 0.1762
