Pedestrian -1 -1 1.2352 1421.5107 726.1529 1560.6030 1005.8038 1.6113 0.6203 0.8177 3.2939 2.2736 9.3541 1.6345 0.7083
Pedestrian -1 -1 -2.0975 1512.0179 664.8281 1794.8260 1216.0000 1.6349 0.5892 0.6457 2.0882 1.7663 4.5809 -1.5160 0.5144
Pedestrian -1 -1 1.5451 1064.5153 787.0905 1081.7867 837.8688 1.6226 0.5707 0.5978 3.7480 7.0932 50.1240 1.6344 0.3106
Cyclist -1 -1 -1.5959 993.0749 766.0615 1051.4532 917.1185 1.7430 0.7425 1.8718 0.8038 3.7176 19.9713 -1.5413 0.2470
Car -1 -1 -1.4368 713.6613 759.8051 902.3533 926.8394 1.5905 1.9031 4.4273 -1.9265 3.6100 20.1332 -1.5269 0.9906
Car -1 -1 -0.7978 0.0000 683.2655 633.1526 1216.0000 1.4759 1.8079 4.2179 -2.2526 1.7075 3.7994 -1.5431 0.9862
Car -1 -1 -1.4794 822.9028 778.3972 922.2868 873.6464 1.5073 1.7258 3.7150 -1.8172 4.9518 31.6639 -1.5265 0.9226
Car -1 -1 -1.5127 888.0530 787.3835 949.8327 850.1342 1.5525 1.7533 3.7618 -1.3444 7.0676 48.8419 -1.5278 0.7731
Car -1 -1 -1.5293 877.7562 781.7155 948.4814 854.6898 1.5169 1.7389 3.7070 -1.2771 6.0135 41.0073 -1.5484 0.5111
Car -1 -1 1.9090 362.6128 758.9620 530.8026 859.2711 1.5455 1.8986 4.7463 -10.8071 4.6095 31.7947 1.5816 0.4341
Car -1 -1 -1.4916 797.5693 776.4738 915.8173 888.9860 1.4447 1.7196 3.4894 -1.7298 4.2294 25.7122 -1.5500 0.3160
