Pedestrian -1 -1 1.2311 1436.1002 737.0876 1570.1023 1018.6927 1.5899 0.6066 0.6599 3.2714 2.2968 9.0725 1.6406 0.6675
Pedestrian -1 -1 -2.1562 1526.5629 680.2016 1839.9406 1216.0000 1.6157 0.6124 0.6654 2.0963 1.7915 4.4157 -1.5490 0.4530
Pedestrian -1 -1 1.5417 1063.1990 786.6371 1081.4882 838.2734 1.6436 0.6009 0.6299 3.7127 7.0889 50.0150 1.6305 0.3314
Cyclist -1 -1 -1.5957 980.2260 755.3466 1036.6731 899.8642 1.7256 0.7350 1.7767 0.6319 3.5804 20.3680 -1.5510 0.2921
Car -1 -1 -1.4554 712.3770 762.6013 897.9257 929.6720 1.5696 1.9158 4.3577 -1.9413 3.6025 19.8772 -1.5477 0.9918
Car -1 -1 -0.7695 0.0000 678.2921 608.1642 1216.0000 1.4768 1.7913 4.1923 -2.2469 1.6794 3.5704 -1.5637 0.9823
Car -1 -1 -1.4730 817.8614 777.4955 920.7578 875.2519 1.5309 1.7531 3.8730 -1.8762 4.9540 31.5689 -1.5221 0.9528
Car -1 -1 -1.4942 891.8212 786.6595 957.6341 851.9401 1.5908 1.7894 4.0055 -1.1473 7.0806 48.6945 -1.5052 0.4947
Car -1 -1 1.8862 358.7485 761.0779 523.6158 862.6365 1.5588 1.9377 4.5564 -10.7926 4.6267 31.3966 1.5552 0.4802
Car -1 -1 -1.5155 878.6075 782.0833 950.8550 854.6234 1.4951 1.7215 3.6592 -1.2247 5.9734 40.7456 -1.5335 0.4672
Car -1 -1 -1.5155 792.2018 775.7316 913.9587 897.3565 1.4950 1.7898 3.9264 -1.7453 4.2384 25.2312 -1.5759 0.3887
