Pedestrian -1 -1 -1.9759 1368.8418 691.1997 1578.4832 1129.4647 1.6559 0.6134 0.7376 2.0760 1.9444 6.1353 -1.5594 0.5745
Pedestrian -1 -1 1.2500 1337.5508 770.8536 1439.4174 985.3809 1.5615 0.6172 0.6054 3.3033 2.7231 11.5995 1.5709 0.5335
Cyclist -1 -1 -1.5416 985.7344 769.5413 1051.1002 917.7140 1.7270 0.8037 1.8910 0.7960 3.7858 20.3103 -1.4881 0.3918
Car -1 -1 -1.4614 750.8211 764.9840 910.6868 911.2972 1.5500 1.8483 4.0022 -1.7943 3.7791 21.7640 -1.5369 0.9967
Car -1 -1 -1.1311 0.0000 714.4099 708.6304 1216.0000 1.4423 1.7412 3.7644 -2.1676 1.9053 5.8488 -1.5760 0.9853
Car -1 -1 -1.4862 841.0659 785.8293 938.5061 880.2273 1.5356 1.7909 4.0612 -1.5352 5.3602 33.4674 -1.5209 0.9434
Car -1 -1 -1.4803 819.1600 775.7465 929.0401 882.3328 1.4878 1.6814 3.4314 -1.5462 4.4466 27.5818 -1.5267 0.7235
Car -1 -1 1.8352 543.8473 769.1055 640.2825 834.9420 1.4701 1.7395 4.2071 -11.0057 6.0003 44.8494 1.6013 0.3822
Car -1 -1 -1.5456 907.4276 788.3813 966.9468 851.0081 1.5760 1.8569 4.1531 -0.7753 7.3457 50.6804 -1.5480 0.3807
Car -1 -1 -1.5238 891.3970 787.4256 961.2249 859.7684 1.5758 1.7830 3.6977 -0.9607 6.4432 42.9055 -1.5338 0.3302
