Pedestrian -1 -1 1.2687 1362.1407 742.7668 1475.0908 978.5077 1.6125 0.6346 0.7023 3.3371 2.5048 10.9571 1.6122 0.6218
Pedestrian -1 -1 -2.0071 1423.4635 681.9042 1649.7949 1152.7493 1.6300 0.6164 0.6327 2.1234 1.8553 5.5836 -1.5348 0.5846
Pedestrian -1 -1 1.5629 1075.9044 800.5734 1094.3998 851.4667 1.6675 0.6319 0.6065 4.2767 7.7688 51.6077 1.6604 0.3879
Cyclist -1 -1 -1.5992 993.1238 771.5153 1054.6110 920.8555 1.7487 0.7978 1.9100 0.8385 3.8407 20.3723 -1.5436 0.3538
Car -1 -1 -1.4593 737.8931 760.0284 904.9998 914.4927 1.6000 1.8735 4.2367 -1.8832 3.7267 21.3899 -1.5409 0.9873
Car -1 -1 -1.0662 0.0000 711.9408 693.5463 1216.0000 1.4759 1.7447 3.6900 -2.1399 1.8869 5.2151 -1.5686 0.9680
Car -1 -1 -1.4742 830.2013 781.1733 929.4273 875.5352 1.5336 1.7669 3.9320 -1.7328 5.1901 32.9789 -1.5160 0.9675
Car -1 -1 -1.5232 900.0946 789.5650 959.3702 851.0941 1.5466 1.7540 3.8956 -1.0204 7.2899 50.1772 -1.5308 0.7918
Car -1 -1 -1.4303 805.2496 775.5408 927.9126 884.8636 1.4761 1.7006 3.5515 -1.6478 4.3938 27.1199 -1.4816 0.5165
Car -1 -1 -1.5547 891.9417 786.6984 956.1898 857.3706 1.5261 1.7174 3.6348 -1.0173 6.3165 42.4541 -1.5663 0.2937
Car -1 -1 -1.3902 401.7421 764.8310 504.2487 851.1944 1.6739 1.7468 4.1107 -12.8883 5.4446 38.1381 -1.7129 0.2415
Car -1 -1 1.8449 540.1710 766.4048 637.9811 833.7198 1.5102 1.7338 4.1900 -11.0370 5.9333 44.6170 1.6090 0.2409
Car -1 -1 1.9057 323.4862 803.5233 442.7760 882.6006 1.5725 1.7562 4.3761 -16.1254 6.8461 41.9395 1.5434 0.1913
