Pedestrian -1 -1 1.2858 1395.9128 741.3461 1520.2894 1000.0097 1.5964 0.6222 0.8179 3.3228 2.4133 10.0560 1.6593 0.8407
Pedestrian -1 -1 -2.0383 1468.2064 659.4672 1727.7063 1192.8815 1.6588 0.6146 0.6793 2.1209 1.7840 5.0545 -1.5106 0.4641
Pedestrian -1 -1 1.5160 1062.9246 791.3127 1080.7750 842.1870 1.6457 0.5801 0.6100 3.7505 7.3279 50.7473 1.6045 0.2638
Cyclist -1 -1 -1.5627 993.2749 763.2570 1050.9485 912.2454 1.7496 0.7384 1.8665 0.8430 3.7153 20.2905 -1.5068 0.2262
Car -1 -1 -1.4379 724.8622 761.0026 906.2387 923.6824 1.5975 1.8802 4.3930 -1.8839 3.6826 20.6709 -1.5229 0.9903
Car -1 -1 -0.9433 0.0000 697.5422 657.6293 1216.0000 1.4577 1.7349 3.7403 -2.1709 1.7645 4.4325 -1.5567 0.9638
Car -1 -1 -1.4817 827.0786 778.6494 923.9141 873.1127 1.5311 1.7200 3.6890 -1.7909 5.0393 32.2416 -1.5268 0.9048
Car -1 -1 -1.4972 895.3916 785.5755 959.5228 849.0874 1.5753 1.7832 4.0136 -1.0793 7.1234 49.5770 -1.5063 0.6382
Car -1 -1 -1.5566 879.9899 783.4401 946.4840 856.0948 1.5161 1.7498 3.9281 -1.2978 6.1527 41.7658 -1.5757 0.2810
Car -1 -1 2.0215 0.0000 779.5336 196.7571 882.8821 1.4111 1.7162 3.9504 -16.3377 4.5727 28.5410 1.4955 0.2790
