Pedestrian -1 -1 1.0960 1651.2804 752.9022 1830.0688 1083.7596 1.5741 0.6124 0.6795 4.0254 2.2702 7.7657 1.6648 0.6627
Pedestrian -1 -1 1.1247 1724.1797 644.6095 1936.0000 1216.0000 1.7650 0.6907 0.7287 2.8159 1.8317 4.6173 1.8451 0.3816
Cyclist -1 -1 -1.6374 978.1334 761.2370 1050.0002 911.4207 1.7661 0.8723 1.8188 0.6904 3.6886 20.1692 -1.5892 0.4612
Car -1 -1 -1.4064 627.8011 756.4133 874.4879 970.6469 1.6161 1.9177 4.1982 -2.0821 3.2133 16.0300 -1.5356 0.9983
Car -1 -1 -1.4379 779.6709 775.7650 906.4280 889.6124 1.5594 1.8068 4.0140 -2.1320 4.5933 28.0109 -1.5050 0.9878
Car -1 -1 -1.5277 870.1184 784.2866 937.1093 851.6169 1.5013 1.7996 4.1567 -1.7024 6.5584 45.3534 -1.5532 0.9227
Car -1 -1 -1.4987 838.0688 780.2584 923.3023 863.5288 1.5675 1.8157 3.9946 -1.9770 5.6973 37.7284 -1.5399 0.8303
Car -1 -1 -1.4059 732.5650 774.6288 891.9457 908.6380 1.4196 1.7180 3.4932 -2.0715 3.7717 21.6851 -1.4952 0.7589
Car -1 -1 2.0603 19.4300 738.4424 250.9782 853.6324 1.5649 1.8180 4.3414 -14.6434 3.7670 26.8161 1.5518 0.5646
Car -1 -1 1.9606 206.8990 770.9259 365.9993 866.9788 1.5766 1.7531 4.1495 -14.7973 5.0082 33.0400 1.5385 0.3157
