Pedestrian -1 -1 0.9703 1787.9365 747.3098 1936.0000 1142.5798 1.5213 0.5532 0.6881 3.9584 2.0706 6.3461 1.6492 0.5902
Pedestrian -1 -1 1.2905 1654.7306 756.8580 1832.4075 1154.7821 1.5554 0.5831 0.6296 3.3726 2.1624 6.4912 1.8787 0.4251
Cyclist -1 -1 -1.6470 974.8282 752.9814 1043.4287 898.5892 1.7420 0.8231 1.7810 0.6322 3.5652 20.3833 -1.6024 0.4451
Car -1 -1 -1.4429 766.2997 774.2036 896.8106 893.1956 1.5644 1.7946 3.9549 -2.2368 4.4377 26.7574 -1.5180 0.9947
Car -1 -1 -1.3838 578.3654 754.4539 859.7560 990.9724 1.6204 1.9483 4.3243 -2.2050 3.0971 14.8485 -1.5341 0.9912
Car -1 -1 -1.4127 722.9556 779.9409 885.4369 919.6707 1.3939 1.6767 3.3647 -2.0641 3.6981 20.4932 -1.5079 0.7368
Car -1 -1 -1.4908 826.3760 784.9635 916.8206 872.0350 1.5598 1.8313 4.0655 -2.1241 5.6800 36.4317 -1.5381 0.6810
Car -1 -1 -1.5462 864.9818 780.3904 932.1910 851.1022 1.5523 1.8222 4.1347 -1.7982 6.3437 44.0100 -1.5751 0.6496
Car -1 -1 1.8635 340.6864 767.3983 502.0032 866.8411 1.5653 2.0258 4.8605 -11.8232 4.9571 33.1174 1.5215 0.3468
Car -1 -1 1.7696 532.5729 764.3066 613.3319 825.7368 1.4888 1.6986 4.0208 -12.3018 6.1160 47.5887 1.5234 0.2621
