Pedestrian -1 -1 0.9637 1696.9503 719.2505 1936.0000 1166.9224 1.5800 0.6038 0.7302 3.3325 1.9708 5.8151 1.6136 0.4964
Pedestrian -1 -1 1.1839 1606.5531 780.5673 1751.5070 1061.5125 1.5134 0.5963 0.6657 4.2229 2.4717 8.8360 1.7058 0.4517
Cyclist -1 -1 -1.5683 974.1914 765.5149 1037.8002 908.8409 1.7077 0.8350 1.7974 0.6289 3.7249 20.5354 -1.5240 0.5068
Car -1 -1 -1.4162 654.8634 760.8182 881.5527 959.1484 1.6131 1.9236 4.1308 -2.0591 3.3618 17.1403 -1.5340 0.9943
Car -1 -1 -1.4473 788.2856 779.5071 910.3049 890.1859 1.5522 1.8173 4.0899 -2.0850 4.7596 28.9270 -1.5099 0.9568
Car -1 -1 -1.4566 865.6165 794.9923 939.6492 860.4887 1.4558 1.7857 4.0375 -1.7631 6.9463 46.1822 -1.4825 0.7793
Car -1 -1 -1.5225 844.2657 781.7398 923.2230 863.2353 1.5736 1.7930 3.9567 -1.9444 5.8208 38.5090 -1.5617 0.5634
Car -1 -1 2.0468 60.3956 746.6677 279.6453 857.7427 1.5523 1.8205 4.3855 -14.6201 4.0067 27.9374 1.5578 0.5157
Car -1 -1 1.9619 249.9098 764.0210 397.9093 849.0648 1.4868 1.7388 4.1156 -14.8022 4.9324 34.9709 1.5614 0.2248
Car -1 -1 1.8997 356.1057 765.8568 472.0922 839.5453 1.5165 1.7125 4.1347 -14.8555 5.5606 40.8220 1.5540 0.1982
