Pedestrian -1 -1 1.5319 1024.5878 781.0260 1049.0984 849.8472 1.7079 0.6217 0.6446 1.9651 5.8079 38.9410 1.5966 0.3988
Cyclist -1 -1 -1.5428 950.2280 762.1169 1017.3589 909.8634 1.7148 0.8221 1.7547 0.3192 3.6257 19.9264 -1.5141 0.4158
Car -1 -1 -1.3231 379.0923 730.1876 796.5397 1058.0991 1.6197 1.9252 4.6005 -2.4730 2.5697 11.1821 -1.5593 0.9937
Car -1 -1 -1.4125 686.0046 764.6413 844.4929 905.1762 1.5843 1.7684 3.9333 -2.8902 3.9044 22.8304 -1.5337 0.9930
Car -1 -1 -1.4840 816.7599 779.8873 894.2212 854.3804 1.5103 1.7093 3.6840 -2.7786 5.8437 39.9465 -1.5427 0.9309
Car -1 -1 -1.3254 583.9102 757.5005 832.0002 944.1392 1.4284 1.7538 3.8950 -2.6100 3.0543 16.3222 -1.4866 0.8404
Car -1 -1 -1.4669 777.3636 774.4664 874.1653 865.5087 1.4989 1.6882 3.5586 -2.8728 4.9125 32.3318 -1.5465 0.8401
Car -1 -1 -1.5044 839.7923 782.3422 908.1906 851.6306 1.6603 1.8281 3.8082 -2.6706 6.7580 46.4959 -1.5501 0.8072
Car -1 -1 1.8709 329.7050 767.4183 442.7604 840.6142 1.5468 1.7865 4.2512 -16.1658 5.7813 42.2554 1.5090 0.7332
Car -1 -1 -1.7744 1154.3108 762.0057 1341.0759 918.2736 1.5623 1.7975 4.1837 3.8378 3.6541 20.7208 -1.5679 0.6603
Car -1 -1 -1.8816 1221.7563 772.6470 1519.4720 994.1955 1.5153 1.7898 4.1714 3.9393 3.2194 15.1424 -1.5935 0.6446
Car -1 -1 2.0804 1.2117 756.8826 220.0558 866.3970 1.5260 1.6992 4.3520 -15.9313 4.2156 28.2891 1.5606 0.4936
Car -1 -1 1.9392 195.7279 758.6535 341.9806 848.5477 1.5881 1.7233 4.0827 -15.9812 4.8821 34.7368 1.5071 0.4216
