Pedestrian -1 -1 1.5688 1046.3951 781.2693 1067.6576 845.2206 1.6383 0.5628 0.5990 2.5757 5.8749 40.1963 1.6474 0.3576
Car -1 -1 -1.3400 448.0197 737.6485 822.6580 1039.9065 1.6479 1.9507 4.5515 -2.3705 2.7388 12.1696 -1.5449 0.9958
Car -1 -1 -1.4120 704.2104 763.9694 860.0806 902.6467 1.6161 1.7909 4.0999 -2.7362 4.0160 23.7149 -1.5212 0.9706
Car -1 -1 -1.5403 853.9180 782.2332 916.5776 847.1132 1.5341 1.8075 4.0973 -2.3658 6.7356 47.3845 -1.5784 0.8301
Car -1 -1 1.8953 361.9024 769.8652 472.2551 840.2783 1.5285 1.7325 4.2072 -15.6820 5.9324 43.3097 1.5521 0.8241
Car -1 -1 1.9840 230.3244 759.9717 385.9260 848.1149 1.5741 1.7076 4.6844 -15.7078 5.0597 36.2436 1.5753 0.8098
Car -1 -1 -1.5301 785.2880 778.0371 875.8533 866.4600 1.4229 1.8045 4.1358 -2.8583 5.0613 33.4317 -1.6060 0.7561
Car -1 -1 -1.5022 831.0502 777.6946 904.5975 849.6581 1.4946 1.7137 3.7321 -2.5121 5.8688 40.9300 -1.5525 0.6702
Car -1 -1 2.0812 54.0421 763.4130 258.9828 866.6394 1.4888 1.6823 4.2998 -15.7473 4.4248 29.5349 1.5861 0.6702
Car -1 -1 -1.3343 599.0407 758.2088 827.7480 930.5227 1.4179 1.7465 3.8279 -2.7337 3.1400 17.3414 -1.4920 0.6619
Car -1 -1 2.2068 0.0000 726.3525 70.2944 858.7609 1.5442 1.7380 4.2336 -15.7609 3.2380 22.8362 1.5867 0.4730
