Car -1 -1 -1.3302 411.7878 735.0065 803.1124 1044.7108 1.6234 1.9284 4.6315 -2.4979 2.6660 11.8288 -1.5537 0.9957
Car -1 -1 -1.4041 702.8011 769.2839 857.0343 906.0498 1.5853 1.7552 3.8139 -2.7434 4.0342 23.4110 -1.5152 0.9904
Car -1 -1 1.8981 350.3643 766.2871 460.9017 834.5491 1.4724 1.7191 4.1563 -15.9152 5.7403 43.0433 1.5478 0.8935
Car -1 -1 1.9731 223.7290 756.2212 385.2949 848.7053 1.6571 1.7899 4.9286 -15.8022 5.0607 36.2863 1.5626 0.8726
Car -1 -1 -1.3324 595.1934 762.1531 824.5533 935.6233 1.3903 1.7102 3.7838 -2.7231 3.1324 17.0285 -1.4928 0.8088
Car -1 -1 -1.4466 780.5621 775.9474 879.9177 865.7974 1.4942 1.7073 3.6336 -2.8294 5.0112 32.9642 -1.5229 0.7532
Car -1 -1 2.0691 26.0442 763.8143 236.3266 869.3061 1.4678 1.6644 4.3455 -15.7957 4.3395 28.7336 1.5603 0.7157
Car -1 -1 -1.5044 846.3989 782.8276 913.5961 847.7076 1.5006 1.7876 4.2639 -2.5192 6.7153 47.2251 -1.5460 0.6812
Car -1 -1 -1.5242 827.0656 780.1959 898.3818 851.9484 1.4693 1.7145 3.7048 -2.6264 5.8710 40.5276 -1.5780 0.6402
Car -1 -1 2.2446 0.0000 728.7161 50.7089 859.4100 1.4746 1.7311 4.2023 -15.8470 3.1779 22.4002 1.6120 0.4376
