Pedestrian -1 -1 1.5299 1024.9955 780.9825 1050.5100 851.1631 1.7253 0.6402 0.6501 1.9700 5.7864 38.5768 1.5953 0.5256
Cyclist -1 -1 -1.5662 950.5036 767.4564 1014.5250 914.9777 1.7373 0.8293 1.7793 0.3036 3.7546 20.2587 -1.5385 0.4319
Car -1 -1 -1.4304 686.9587 765.3297 842.0168 907.4155 1.5895 1.7608 3.9020 -2.8715 3.8950 22.5843 -1.5523 0.9843
Car -1 -1 -1.3136 358.1541 732.4893 790.2952 1069.6005 1.5994 1.9025 4.6250 -2.4894 2.5510 10.9029 -1.5584 0.9815
Car -1 -1 -1.4606 811.9637 778.9249 893.2875 854.6763 1.5306 1.7198 3.6512 -2.8337 5.8088 39.6712 -1.5212 0.9719
Car -1 -1 -1.4721 762.6247 780.7010 861.5550 872.1398 1.4634 1.7209 3.6996 -3.1437 5.0039 32.1247 -1.5608 0.9163
Car -1 -1 1.9697 197.6154 762.9589 351.8708 852.2997 1.5578 1.7407 4.2873 -15.9307 4.9842 34.9455 1.5414 0.8835
Car -1 -1 1.8894 326.6722 764.8597 439.3241 834.7029 1.4723 1.7376 4.0915 -16.1454 5.5940 41.9562 1.5252 0.7438
Car -1 -1 -1.3223 576.0611 752.3058 826.2268 943.5703 1.4710 1.7440 3.8947 -2.6608 3.0223 16.1957 -1.4883 0.7384
Car -1 -1 -1.5154 840.1437 781.0315 906.0284 847.7943 1.5892 1.7806 3.6603 -2.6743 6.5871 46.0321 -1.5619 0.7134
Car -1 -1 2.0989 0.0000 758.6909 205.0787 863.3667 1.4280 1.6610 4.1299 -15.9039 4.0950 27.7451 1.5706 0.5277
