Pedestrian -1 -1 1.5406 1014.1075 783.3547 1040.9833 856.2234 1.7420 0.6638 0.6568 1.6613 5.7571 37.5559 1.5990 0.6534
Pedestrian -1 -1 1.5613 1008.3138 796.8580 1027.7998 851.2750 1.6744 0.6229 0.5473 1.8281 7.2398 48.1132 1.6133 0.4061
Cyclist -1 -1 -1.5749 943.4798 770.5300 1005.3715 918.7480 1.7687 0.8106 1.7502 0.1874 3.8472 20.4611 -1.5533 0.4453
Car -1 -1 -1.2862 263.6248 719.9962 765.5369 1103.1514 1.6253 1.8961 4.6866 -2.5506 2.4011 9.8541 -1.5681 0.9907
Car -1 -1 -1.4076 657.9586 768.2923 829.6893 918.5832 1.5785 1.7961 4.0352 -3.0327 3.8496 21.6436 -1.5434 0.9852
Car -1 -1 -1.4530 742.8879 778.9260 849.5355 874.7280 1.4919 1.7486 3.6272 -3.3574 4.8731 30.9990 -1.5527 0.9401
Car -1 -1 -1.4746 797.0888 782.7608 880.9575 861.6622 1.5239 1.7549 3.8725 -3.1084 5.8140 38.6812 -1.5444 0.9240
Car -1 -1 -1.3536 542.2833 759.6429 801.8383 969.0117 1.4911 1.7730 3.8027 -2.7498 3.0217 15.0594 -1.5400 0.8366
Car -1 -1 -1.5007 821.2627 789.8497 891.6594 854.8254 1.4276 1.7985 4.0851 -3.1298 6.6552 45.3393 -1.5583 0.7660
Car -1 -1 1.9421 169.9463 766.0837 323.6255 859.1902 1.5626 1.7525 4.0545 -15.9033 4.9233 33.5110 1.4974 0.6606
Car -1 -1 2.1276 0.0000 748.0312 166.3140 856.3998 1.4488 1.6473 4.1711 -16.2010 3.8299 26.8296 1.5749 0.5182
Car -1 -1 1.9387 301.2123 766.4547 421.5127 839.1592 1.5010 1.6739 4.1335 -16.3745 5.5809 41.0267 1.5617 0.4743
