Pedestrian -1 -1 1.6156 991.3522 790.5476 1019.0398 865.7343 1.6689 0.6128 0.6039 1.0296 5.5785 34.9670 1.6588 0.5691
Pedestrian -1 -1 1.5516 989.1622 796.6373 1007.5963 851.0936 1.5842 0.5579 0.5487 1.1286 6.8470 45.5477 1.5900 0.4236
Cyclist -1 -1 -1.6396 926.3224 767.0826 992.2303 915.5782 1.7620 0.7971 1.7676 -0.0461 3.7863 20.3853 -1.6303 0.4330
Car -1 -1 -1.1851 0.0000 691.5365 704.7638 1185.7957 1.6285 1.8788 4.7443 -2.7139 2.0882 7.9421 -1.5683 0.9943
Car -1 -1 -1.3658 592.9734 765.4629 796.2513 934.3173 1.5949 1.8115 4.0627 -3.3629 3.6331 19.6214 -1.5353 0.9819
Car -1 -1 -1.4756 764.0818 785.1074 851.8436 868.2469 1.5390 1.7614 3.7736 -3.7234 5.6902 36.8588 -1.5667 0.9609
Car -1 -1 -1.4500 705.6704 780.3527 821.1050 885.1115 1.5079 1.7456 3.7981 -3.7726 4.7268 29.0652 -1.5721 0.9470
Car -1 -1 -1.3303 452.3896 762.8594 758.4405 1007.0392 1.4638 1.7424 3.6304 -2.8712 2.8167 12.8440 -1.5639 0.7229
Car -1 -1 -1.4843 792.5165 784.8406 866.2935 852.6036 1.4389 1.7399 3.9617 -3.7552 6.2654 43.1377 -1.5605 0.7129
Car -1 -1 2.1365 0.0000 728.7886 137.9244 900.0676 1.6297 2.0128 4.6669 -12.9414 3.1479 19.4809 1.5296 0.5313
