Pedestrian -1 -1 1.5605 991.4941 782.7509 1018.9406 861.3034 1.6573 0.6018 0.5996 0.9738 5.1845 33.1055 1.6036 0.5495
Pedestrian -1 -1 1.5616 972.3221 793.2037 993.3103 852.1824 1.6451 0.6083 0.5605 0.6297 6.5877 43.6305 1.5894 0.3806
Cyclist -1 -1 -1.5841 905.4457 765.6505 969.0433 915.1601 1.7576 0.8188 1.7573 -0.3258 3.7361 20.1351 -1.5897 0.4237
Car -1 -1 -1.1067 0.0000 666.1189 677.7238 1216.0000 1.6998 1.9182 4.7159 -2.7236 1.9536 6.8407 -1.5614 0.9936
Car -1 -1 -1.3741 553.6056 762.6402 774.2774 944.3201 1.5560 1.8098 4.3086 -3.4688 3.4354 18.2438 -1.5643 0.9591
Car -1 -1 -1.4290 682.1669 772.5128 806.2618 878.5520 1.4609 1.7344 3.8202 -3.9635 4.3993 27.8519 -1.5645 0.9455
Car -1 -1 -1.4670 772.5378 777.4766 853.7712 851.1567 1.5487 1.8141 4.1189 -4.1141 6.0556 42.0983 -1.5543 0.8151
Car -1 -1 -1.2928 358.5438 743.4666 722.5305 1026.2316 1.5834 1.8050 3.9246 -3.1337 2.6895 11.9863 -1.5684 0.6927
Car -1 -1 -1.4431 739.2609 785.0154 835.0700 871.1981 1.5339 1.7620 3.7510 -4.0796 5.5433 35.5518 -1.5484 0.3664
Car -1 -1 2.0182 179.1210 737.9745 388.2119 842.8481 1.5220 1.8815 4.6476 -13.0250 3.8997 29.1013 1.5925 0.2220
