Pedestrian -1 -1 1.6472 992.6372 792.4867 1020.7027 866.5193 1.6694 0.6149 0.6202 1.0841 5.7006 35.6274 1.6914 0.3819
Pedestrian -1 -1 1.7229 989.7247 793.2177 1012.4664 850.0797 1.6746 0.6174 0.5887 1.2387 6.9419 46.4500 1.7632 0.3530
Cyclist -1 -1 -1.6021 926.1657 760.4910 986.7641 910.1284 1.7669 0.7827 1.8223 -0.0834 3.6860 20.2460 -1.5948 0.5640
Car -1 -1 -1.2189 101.9233 703.9061 725.7254 1139.3962 1.5860 1.8710 4.6055 -2.6670 2.1620 8.5936 -1.5637 0.9915
Car -1 -1 -1.3739 615.7303 763.9332 809.1335 926.3146 1.6053 1.8128 4.0789 -3.2666 3.6957 20.4096 -1.5311 0.9902
Car -1 -1 -1.4727 769.0894 784.0080 858.1828 868.4811 1.5697 1.7918 4.0861 -3.6491 5.7862 37.5765 -1.5596 0.9626
Car -1 -1 -1.4464 725.4080 780.3669 837.8151 882.4037 1.5104 1.7359 3.7721 -3.5123 4.8081 29.8218 -1.5560 0.9196
Car -1 -1 -1.3362 498.3551 760.7136 782.2427 991.0895 1.4933 1.7398 3.6167 -2.7669 2.9020 13.6811 -1.5455 0.9013
Car -1 -1 -1.4574 793.5161 788.8841 872.9837 858.5291 1.4538 1.7912 4.4022 -3.7075 6.5215 43.9793 -1.5306 0.8849
Car -1 -1 2.0439 93.9483 756.7120 278.7332 853.3460 1.5622 1.7452 4.3813 -16.6321 4.6078 32.3585 1.5659 0.4784
Car -1 -1 2.1635 0.0000 750.0055 122.0232 865.9994 1.4774 1.7247 4.2179 -16.5078 3.8078 25.7369 1.5823 0.4386
Car -1 -1 1.9699 246.3138 792.1010 378.7990 871.1600 1.5078 1.7052 4.1690 -17.0191 6.1518 39.4470 1.5653 0.4324
