Pedestrian -1 -1 1.6093 992.0426 796.4236 1019.4534 870.6672 1.6602 0.6155 0.6129 1.0524 5.7471 35.3005 1.6529 0.5615
Pedestrian -1 -1 1.6945 988.4752 790.9022 1010.1440 847.5476 1.6514 0.5846 0.6501 1.1751 6.8121 46.1226 1.7336 0.4010
Cyclist -1 -1 -1.6524 923.6150 768.0236 990.9783 917.1180 1.7644 0.7935 1.7795 -0.0735 3.8021 20.3741 -1.6445 0.4825
Car -1 -1 -1.2353 91.8543 704.2691 713.5580 1146.1514 1.5716 1.8649 4.6250 -2.6845 2.1454 8.4827 -1.5875 0.9920
Car -1 -1 -1.3583 603.3271 765.3835 805.8687 930.8739 1.5881 1.8186 4.0957 -3.2959 3.6626 19.9919 -1.5208 0.9904
Car -1 -1 -1.4781 766.0623 783.3594 854.9751 867.6565 1.5677 1.8022 3.9598 -3.6964 5.7251 37.2511 -1.5673 0.9466
Car -1 -1 -1.4574 714.0913 783.4739 829.3838 889.2294 1.5469 1.8023 3.8434 -3.6733 4.8863 29.5683 -1.5735 0.9173
Car -1 -1 -1.4746 791.8735 786.9806 869.2901 857.4047 1.4863 1.7998 4.2820 -3.7607 6.4526 43.6615 -1.5498 0.7356
Car -1 -1 -1.3417 478.3355 758.9263 771.3986 995.5052 1.4759 1.7410 3.7274 -2.8150 2.8376 13.3220 -1.5614 0.6574
Car -1 -1 2.0534 68.7128 780.5942 261.6659 885.0602 1.6095 1.7863 4.3882 -16.7839 5.1489 31.7957 1.5651 0.6245
Car -1 -1 2.1179 0.0000 735.6938 161.1907 905.4469 1.6397 2.0715 4.7900 -12.9685 3.3074 20.0694 1.5255 0.5259
Car -1 -1 1.9448 232.6177 779.3603 364.5850 858.8030 1.5115 1.7209 4.1285 -17.0569 5.7254 38.7015 1.5315 0.4147
