Pedestrian -1 -1 1.5816 970.5862 769.0969 1007.1801 871.9376 1.7846 0.6521 0.7008 0.5088 4.4556 27.3361 1.6134 0.5138
Pedestrian -1 -1 1.6152 962.1355 785.3818 986.8601 857.2109 1.7190 0.5867 0.6270 0.3350 5.7905 37.6071 1.6372 0.3545
Cyclist -1 -1 -1.5628 853.8022 748.8922 919.5098 894.9728 1.7583 0.8597 1.8277 -1.0071 3.5351 20.5022 -1.6036 0.5781
Car -1 -1 -1.2698 380.0518 751.7723 706.0509 993.1816 1.5471 1.7832 3.9643 -3.6176 2.8795 13.6985 -1.5433 0.9864
Car -1 -1 -1.0657 0.0000 721.9597 594.1902 1189.5280 1.4923 1.7366 3.6268 -3.1682 2.0902 7.3733 -1.5424 0.9718
Car -1 -1 -1.4165 683.5123 781.6255 798.7449 882.2972 1.5659 1.7804 3.6217 -4.4608 4.9823 30.7727 -1.5535 0.9512
Car -1 -1 -1.4083 608.4572 778.9442 759.4340 904.0585 1.4130 1.7205 3.6065 -4.2065 3.9876 23.1773 -1.5857 0.9200
Car -1 -1 -0.3536 0.0000 418.9152 367.1020 1216.0000 1.6147 1.8473 4.1439 -2.8221 1.5559 2.5346 -1.5300 0.8820
Car -1 -1 -1.4561 728.8785 783.9342 820.3228 865.8062 1.4953 1.7672 4.1334 -4.6071 5.6941 37.4145 -1.5696 0.8782
Car -1 -1 1.9224 365.9799 758.7341 483.4930 828.8289 1.5509 1.8421 4.2314 -15.4664 5.6200 43.3394 1.5836 0.2899
Car -1 -1 -1.6216 977.5514 787.0330 1037.1791 848.2959 1.5259 1.8299 3.9131 1.4899 7.1165 49.6017 -1.5779 0.2594
