Pedestrian -1 -1 1.5904 959.9749 778.0309 983.5925 842.7928 1.7423 0.6454 0.6803 0.2996 6.1051 42.2534 1.6105 0.3639
Pedestrian -1 -1 1.6520 980.3021 780.2628 1013.9021 868.3456 1.7488 0.6382 0.8015 0.7627 5.0836 31.6635 1.6896 0.3323
Cyclist -1 -1 -1.6100 893.3481 756.3445 957.9617 903.3627 1.7645 0.8326 1.8083 -0.5079 3.6502 20.5284 -1.6247 0.4619
Cyclist -1 -1 1.6677 979.3598 778.2853 1013.3261 867.0960 1.7647 0.6333 0.8242 0.7481 5.0647 31.7226 1.7048 0.1274
Car -1 -1 -1.3305 503.7973 762.1393 757.2648 954.0541 1.4815 1.7859 4.4649 -3.5789 3.2512 17.0279 -1.5428 0.9668
Car -1 -1 -0.9746 0.0000 660.8281 622.2501 1216.0000 1.6957 1.8865 4.3345 -2.6798 1.8773 5.3790 -1.5575 0.9643
Car -1 -1 -1.4043 661.6239 769.8488 793.4105 881.5439 1.4942 1.7116 3.6303 -4.0770 4.2490 26.5899 -1.5516 0.9542
Car -1 -1 -1.4676 763.1325 779.6133 846.2311 856.3132 1.5601 1.7965 4.0688 -4.2061 5.9829 40.7065 -1.5606 0.9426
Car -1 -1 -1.2338 257.5450 741.3223 695.4949 1062.1561 1.5562 1.8021 3.8102 -3.1494 2.5286 10.5691 -1.5526 0.9398
Car -1 -1 -1.4315 724.2381 779.2492 825.0223 868.6448 1.5349 1.7428 3.7722 -4.2020 5.2588 34.1717 -1.5455 0.6583
Car -1 -1 2.0214 143.3065 739.3751 355.3557 847.6674 1.5190 1.8354 4.4055 -13.1025 3.8199 27.8500 1.5754 0.3415
