Pedestrian -1 -1 1.5639 980.8929 777.6440 1013.9355 870.2521 1.7281 0.6441 0.7330 0.7159 4.7821 29.5237 1.6016 0.5347
Pedestrian -1 -1 1.5469 961.0396 777.3021 985.6927 848.1126 1.7826 0.6466 0.7913 0.3182 5.8740 39.7501 1.5679 0.3062
Cyclist -1 -1 -1.5720 877.1549 756.5868 936.7557 905.0297 1.7559 0.7690 1.7905 -0.7261 3.6147 20.2026 -1.5987 0.4916
Car -1 -1 -1.1660 112.5664 742.9625 649.4765 1122.2848 1.4994 1.7262 3.5862 -3.1148 2.3409 8.8488 -1.5502 0.9866
Car -1 -1 -1.2922 440.8234 754.2599 734.3643 972.4869 1.5347 1.7915 4.2331 -3.5965 3.0363 15.2111 -1.5342 0.9751
Car -1 -1 -0.7296 0.0000 652.7108 504.8154 1216.0000 1.5885 1.8484 3.9864 -2.7890 1.6999 3.9748 -1.5453 0.9704
Car -1 -1 -1.4175 703.3323 782.2512 813.1825 877.8030 1.5549 1.7804 3.6711 -4.3211 5.1514 32.3204 -1.5427 0.9602
Car -1 -1 -1.4172 636.7443 771.1497 776.7968 887.2302 1.4379 1.7448 3.6604 -4.1671 4.0617 24.9915 -1.5789 0.9435
Car -1 -1 -1.4953 744.3292 787.4905 826.3865 864.4426 1.4370 1.7665 4.1041 -4.5057 5.8802 38.7879 -1.6016 0.8629
Car -1 -1 -1.5822 977.7213 792.9370 1033.7427 855.8926 1.6214 1.8459 3.9707 1.5290 7.6101 51.2817 -1.5386 0.3358
Car -1 -1 1.8966 330.2532 758.0906 476.0582 842.0441 1.5785 2.0509 4.7629 -14.1264 5.1922 38.1660 1.5443 0.3005
