Pedestrian -1 -1 1.5802 952.5977 775.8911 977.2021 846.7784 1.7172 0.6100 0.6249 0.0945 5.5772 37.9098 1.5955 0.2838
Pedestrian -1 -1 1.7970 958.6984 769.6695 1014.7343 875.6317 1.7393 0.6757 1.6209 0.4860 4.5142 27.7937 1.8276 0.1178
Cyclist -1 -1 -1.5742 858.2165 737.3973 921.2209 885.7469 1.8103 0.8259 1.7568 -0.9762 3.4200 20.5022 -1.6136 0.3772
Cyclist -1 -1 1.7970 958.6984 769.6695 1014.7343 875.6317 1.7393 0.6757 1.6209 0.4860 4.5142 27.7937 1.8276 0.3519
Car -1 -1 -1.2746 381.4541 746.1813 706.3959 987.9272 1.5847 1.8006 4.1095 -3.6756 2.8854 13.9618 -1.5466 0.9865
Car -1 -1 -1.3935 608.6846 774.2636 762.8620 899.4976 1.4549 1.7537 3.5370 -4.2131 3.9653 23.3641 -1.5697 0.9733
Car -1 -1 -1.0898 0.0000 727.6303 590.6503 1180.4292 1.4827 1.7365 3.5732 -3.1889 2.1218 7.5078 -1.5598 0.9648
Car -1 -1 -1.4276 687.5649 781.8419 801.3542 882.7580 1.5736 1.7898 3.6972 -4.4169 5.0165 30.9490 -1.5623 0.9369
Car -1 -1 -1.4676 730.6164 782.8937 821.7338 864.4800 1.4785 1.7990 4.3469 -4.6037 5.6954 37.7321 -1.5800 0.9168
Car -1 -1 -0.4330 0.0000 625.8157 408.6763 1216.0000 1.6025 1.8492 4.0167 -2.8132 1.6056 2.8558 -1.5144 0.8941
Car -1 -1 -1.6164 979.9150 788.8621 1036.9058 848.3409 1.4960 1.7779 3.7613 1.5361 7.1701 49.8695 -1.5719 0.3751
Car -1 -1 2.0529 91.7102 750.8786 269.8634 842.0617 1.5307 1.7515 4.1554 -17.0605 4.4796 32.9263 1.5715 0.3271
