Pedestrian -1 -1 1.7067 966.8950 770.4554 1008.2789 870.2435 1.7487 0.6336 1.0943 0.5087 4.5829 28.5266 1.7377 0.2871
Cyclist -1 -1 -1.6053 873.9305 754.0056 933.5120 906.2762 1.8063 0.7588 1.8268 -0.7975 3.6365 20.2633 -1.6356 0.3308
Cyclist -1 -1 1.7067 966.8950 770.4554 1008.2789 870.2435 1.7487 0.6336 1.0943 0.5087 4.5829 28.5266 1.7377 0.1066
Car -1 -1 -1.1174 12.9660 730.8093 627.3137 1147.2667 1.5028 1.7300 3.5405 -3.1164 2.2040 8.1047 -1.5411 0.9799
Car -1 -1 -1.2793 409.7398 753.7875 726.0764 981.9503 1.5147 1.8108 4.3306 -3.6170 2.9630 14.6074 -1.5340 0.9792
Car -1 -1 -1.4312 618.4009 772.7681 763.3863 897.9071 1.4875 1.7784 3.6228 -4.2434 4.0389 23.9637 -1.6038 0.9591
Car -1 -1 -0.6053 0.0000 644.1955 451.3909 1216.0000 1.5836 1.8384 3.9236 -2.8000 1.6534 3.4157 -1.5417 0.9532
Car -1 -1 -1.4241 693.4552 782.2377 805.3659 879.6959 1.5536 1.7969 3.6181 -4.4021 5.0645 31.5471 -1.5555 0.9441
Car -1 -1 -1.4543 732.1952 783.5853 825.0732 864.6453 1.4902 1.8187 4.4007 -4.6135 5.7920 38.3338 -1.5649 0.8831
Car -1 -1 2.0508 100.2233 752.7502 274.8356 840.8804 1.4800 1.7359 4.1094 -17.0250 4.4888 33.1370 1.5730 0.3859
Car -1 -1 -1.6066 981.1808 789.7512 1037.7471 852.6060 1.6115 1.8190 3.8470 1.5879 7.3814 50.4090 -1.5613 0.3692
Car -1 -1 1.8897 409.5205 762.4084 522.4600 830.4349 1.5038 1.8642 4.3608 -14.5170 5.7582 44.0810 1.5763 0.2643
