Pedestrian -1 -1 1.5909 977.9135 768.8856 1017.7453 882.8184 1.7677 0.6293 0.7080 0.6037 4.1639 24.5142 1.6289 0.4093
Pedestrian -1 -1 1.7042 961.8222 782.0954 994.5823 859.8146 1.6896 0.6542 0.7719 0.3964 5.3818 34.6927 1.7287 0.4013
Cyclist -1 -1 -1.5594 849.6918 752.1378 914.5341 899.5165 1.7633 0.8426 1.7692 -1.0583 3.5703 20.3401 -1.6033 0.5088
Car -1 -1 -1.1940 236.9823 736.2076 673.4666 1031.2540 1.5313 1.7871 4.1117 -3.5767 2.5386 11.4377 -1.5242 0.9889
Car -1 -1 -0.8792 0.0000 697.5630 481.5537 1216.0000 1.4673 1.7410 3.5988 -3.0669 1.7998 5.0409 -1.5694 0.9849
Car -1 -1 -1.3808 578.2188 770.5816 747.6589 911.0604 1.4680 1.6924 3.4508 -4.0793 3.6762 20.9389 -1.5735 0.9657
Car -1 -1 -1.4024 666.8214 783.3149 793.0344 892.7205 1.5575 1.7614 3.5712 -4.3074 4.7494 28.3252 -1.5474 0.9140
Car -1 -1 -1.4626 717.8413 783.3809 813.4532 870.3872 1.4972 1.7635 4.0258 -4.5303 5.4341 35.1262 -1.5824 0.8475
Car -1 -1 -1.5716 789.3057 778.6958 848.1240 844.0114 1.6446 1.8583 3.9878 -4.6906 6.9421 49.4450 -1.6552 0.6862
Car -1 -1 1.9647 239.5931 779.7089 381.1033 864.1252 1.5810 1.7779 4.2994 -16.4784 5.7481 38.0933 1.5582 0.2806
