Pedestrian -1 -1 1.5657 989.5380 775.4057 1029.5708 887.2159 1.6926 0.6362 0.8097 0.7841 4.1683 24.1808 1.6119 0.6487
Pedestrian -1 -1 1.5024 964.3929 792.8604 994.1586 870.5030 1.6894 0.6486 0.6403 0.4101 5.5813 34.3177 1.5275 0.4486
Cyclist -1 -1 -1.5215 848.1782 750.8126 919.7568 899.7901 1.7770 0.8647 1.7597 -1.0239 3.5532 20.2130 -1.5639 0.5089
Car -1 -1 -1.1988 229.6815 739.2479 663.8937 1036.6893 1.5178 1.7638 4.0089 -3.5769 2.5320 11.2294 -1.5357 0.9934
Car -1 -1 -0.8227 0.0000 691.4042 465.8051 1216.0000 1.4870 1.7191 3.4485 -3.0654 1.7790 4.8182 -1.5438 0.9890
Car -1 -1 -1.3617 571.3128 769.9841 748.1380 914.5342 1.4806 1.6851 3.5420 -4.0659 3.6599 20.6796 -1.5564 0.9524
Car -1 -1 -1.4072 665.1961 781.8826 792.0173 892.6419 1.5673 1.7665 3.5958 -4.2987 4.7091 28.1156 -1.5531 0.8848
Car -1 -1 -1.4632 718.7584 782.9736 814.9006 871.6182 1.5209 1.7627 3.9879 -4.4616 5.4123 34.8096 -1.5823 0.7972
Car -1 -1 -1.4754 769.2201 778.2145 840.7333 846.5650 1.7109 1.8929 4.2912 -5.0929 6.9773 49.2202 -1.5678 0.7388
Car -1 -1 1.9758 225.5934 774.2063 370.5685 859.8499 1.6246 1.8167 4.2794 -16.7490 5.6333 38.0029 1.5621 0.2729
