Pedestrian -1 -1 1.5563 976.6821 764.3076 1014.5259 870.7050 1.7446 0.6431 0.6656 0.5907 4.1769 25.7516 1.5924 0.5891
Pedestrian -1 -1 1.6040 962.7393 787.5938 990.6372 859.4556 1.6390 0.6420 0.6240 0.3731 5.5839 35.9305 1.6275 0.4808
Cyclist -1 -1 -1.5152 849.6953 760.0425 920.1746 908.4017 1.7638 0.8420 1.7307 -1.0128 3.6714 20.2376 -1.5569 0.5163
Car -1 -1 -1.2228 305.1650 738.9857 684.8871 1010.8458 1.5813 1.7740 3.9570 -3.6210 2.6813 12.4038 -1.5283 0.9900
Car -1 -1 -0.9747 0.0000 718.1328 550.2755 1216.0000 1.4307 1.7314 3.5719 -3.1115 1.9307 6.2080 -1.5388 0.9811
Car -1 -1 -1.4055 676.6225 780.1160 798.4788 885.2514 1.5625 1.7745 3.6060 -4.3316 4.8075 29.4394 -1.5451 0.9645
Car -1 -1 -1.3739 590.7995 771.5336 756.6343 906.6712 1.4686 1.7065 3.6059 -4.1310 3.8037 22.0006 -1.5586 0.9551
Car -1 -1 -1.4581 724.5035 780.2618 819.6069 866.2198 1.5256 1.7831 4.1528 -4.5061 5.4958 36.1357 -1.5735 0.9008
Car -1 -1 -1.5819 795.3491 778.3849 851.4183 843.8953 1.6846 1.8083 4.0747 -4.6512 7.0806 50.4627 -1.6627 0.5628
Car -1 -1 -1.6472 1017.6711 764.4197 1117.4025 870.0740 1.7292 1.8890 4.4384 2.2409 4.9765 32.5806 -1.5635 0.3127
Car -1 -1 1.9377 344.6314 756.8259 470.0853 829.5042 1.5484 1.8463 4.3651 -15.4805 5.4511 42.0398 1.5882 0.3105
