Pedestrian -1 -1 1.5901 975.6544 767.2867 1016.0295 880.5667 1.7969 0.6536 0.7737 0.5862 4.2295 25.1439 1.6268 0.3809
Pedestrian -1 -1 1.5920 962.6962 794.9008 989.6749 868.2957 1.6570 0.6207 0.6013 0.3569 5.7320 35.5320 1.6152 0.3161
Cyclist -1 -1 -1.5432 849.0424 760.0150 915.1038 908.7805 1.7647 0.8279 1.7345 -1.0505 3.6689 20.2010 -1.5869 0.5258
Cyclist -1 -1 1.8150 667.7844 776.5957 714.4246 853.8362 1.7756 0.7440 1.9449 -7.0837 5.8626 39.2922 1.6443 0.2328
Car -1 -1 -0.9129 0.0000 696.4670 524.8421 1216.0000 1.5062 1.7880 3.7414 -3.1404 1.8676 5.6527 -1.5388 0.9933
Car -1 -1 -1.2288 291.0967 742.2208 687.3953 1023.0765 1.5501 1.7869 4.0978 -3.5418 2.6599 12.0679 -1.5370 0.9768
Car -1 -1 -1.4052 587.1454 776.7991 750.9826 912.2903 1.4223 1.7363 3.5436 -4.1039 3.7886 21.5051 -1.5933 0.9735
Car -1 -1 -1.4061 670.4653 779.6963 796.5714 886.2793 1.5414 1.8002 3.6821 -4.3235 4.7248 28.8928 -1.5485 0.9551
Car -1 -1 -1.4536 720.6484 779.9047 817.5024 867.7671 1.5533 1.7878 4.1090 -4.5271 5.4711 35.7425 -1.5711 0.8251
Car -1 -1 -1.5727 790.7549 775.6685 849.3831 843.9334 1.7572 1.8744 4.1337 -4.7072 7.0219 50.0803 -1.6554 0.6520
