Pedestrian -1 -1 1.5663 1017.4249 772.0662 1059.9055 895.6418 1.7192 0.6148 0.6755 1.1424 3.9202 22.0094 1.6332 0.5224
Pedestrian -1 -1 1.5949 982.9861 784.1473 1014.3853 863.7476 1.6201 0.6506 0.6234 0.8060 5.0732 32.0951 1.6335 0.4185
Pedestrian -1 -1 1.4877 1053.6300 767.1273 1095.2085 883.4164 1.7609 0.6159 0.6998 1.8003 4.0637 23.8598 1.5791 0.3760
Cyclist -1 -1 -1.5393 871.7017 764.2359 936.9774 910.8428 1.7441 0.8149 1.7614 -0.7555 3.7223 20.3496 -1.5671 0.5912
Car -1 -1 -1.1841 119.1495 741.6392 659.0345 1099.1335 1.4578 1.7919 4.2595 -3.3081 2.3781 9.6437 -1.5539 0.9965
Car -1 -1 -0.4744 0.0000 652.7028 338.0056 1216.0000 1.5473 1.8006 3.9312 -3.1063 1.6431 3.1440 -1.5214 0.9914
Car -1 -1 -1.4422 724.0261 774.2665 829.1240 867.2647 1.5423 1.7855 4.0359 -4.0498 5.0774 33.3604 -1.5548 0.8490
Car -1 -1 -1.4934 788.6280 778.1633 857.7694 845.1124 1.6327 1.8427 3.9573 -4.3419 6.7062 47.5225 -1.5737 0.8062
Car -1 -1 -1.4011 669.8235 779.5492 806.5707 897.3141 1.5602 1.7792 3.7016 -3.8874 4.5072 26.6193 -1.5406 0.7834
Car -1 -1 2.0352 149.0142 785.3544 313.5893 874.7849 1.5710 1.8140 4.3965 -17.6530 5.7149 36.4115 1.5843 0.5920
Car -1 -1 2.0152 0.0000 764.9215 105.5880 874.0157 1.4827 1.7763 4.0833 -17.8357 4.3010 27.9596 1.4394 0.3929
Car -1 -1 -1.4314 560.6870 779.7495 736.5862 934.4395 1.3909 1.6917 3.5306 -3.8438 3.5357 18.8974 -1.6345 0.3769
