Pedestrian -1 -1 1.5589 976.0706 765.4989 1012.7825 870.1749 1.7422 0.6325 0.6353 0.5787 4.2256 26.0888 1.5943 0.5146
Pedestrian -1 -1 1.7503 961.2075 791.8492 990.3533 865.9303 1.6906 0.5905 0.6616 0.3542 5.7792 36.2398 1.7732 0.3476
Cyclist -1 -1 -1.5180 847.4430 748.2587 922.7815 898.0892 1.7592 0.8940 1.7916 -0.9932 3.4785 19.9422 -1.5597 0.5396
Cyclist -1 -1 1.7267 676.8557 770.2227 716.2243 846.5534 1.8201 0.7511 1.8217 -7.0791 5.8017 40.0579 1.5595 0.2052
Car -1 -1 -1.2318 317.5723 741.6760 689.0827 1007.4250 1.5683 1.7829 4.0040 -3.6294 2.7150 12.6496 -1.5315 0.9881
Car -1 -1 -1.0060 0.0000 718.8856 545.8502 1216.0000 1.4619 1.7498 3.5621 -3.1352 1.9711 6.3142 -1.5633 0.9860
Car -1 -1 -1.4214 678.3555 779.4110 796.4445 882.7149 1.5510 1.7719 3.6327 -4.3803 4.8120 29.7369 -1.5611 0.9674
Car -1 -1 -1.4003 596.2736 778.8475 755.8251 907.4039 1.3915 1.7376 3.5496 -4.1483 3.8659 22.2497 -1.5834 0.9481
Car -1 -1 -1.4609 722.0618 779.4004 818.2937 866.2264 1.5413 1.8198 4.3536 -4.5936 5.5377 36.4985 -1.5774 0.9039
Car -1 -1 -0.0267 0.0000 0.0000 1936.0000 1216.0000 1.5417 1.7956 4.1228 -2.7018 1.4082 1.4989 -1.5469 0.3582
Car -1 -1 1.9314 297.4273 763.0452 424.1159 839.2610 1.5916 1.8226 4.3209 -16.4878 5.6069 41.2902 1.5543 0.2308
