Pedestrian -1 -1 1.5294 1025.0826 773.5844 1069.0498 898.8937 1.6850 0.6079 0.7139 1.2191 3.8436 21.3442 1.6018 0.5143
Pedestrian -1 -1 1.5161 995.7689 781.5347 1028.8328 867.2957 1.7054 0.6654 0.7203 1.0683 5.0348 31.4244 1.5639 0.4179
Cyclist -1 -1 -1.5425 872.9302 752.6687 934.6874 898.8859 1.7550 0.7735 1.7477 -0.7639 3.5684 20.3505 -1.5710 0.4874
Car -1 -1 -1.1781 69.7090 736.2988 651.0148 1135.0374 1.5479 1.8231 4.2157 -3.2475 2.3831 9.0990 -1.5651 0.9968
Car -1 -1 -1.4029 672.0570 772.7178 812.2931 893.5524 1.5821 1.7933 3.8073 -3.7557 4.3662 26.2350 -1.5397 0.9478
Car -1 -1 -0.3037 0.0000 634.9520 241.6170 1216.0000 1.5565 1.7612 3.8644 -3.0221 1.5859 2.4134 -1.5367 0.9087
Car -1 -1 -1.4422 726.0146 780.0195 830.2793 873.7518 1.5271 1.7488 3.8482 -3.9401 5.1222 32.7198 -1.5539 0.7324
Car -1 -1 2.0371 135.6519 771.0239 302.5010 858.8884 1.5379 1.7792 4.3826 -17.5882 5.2395 35.6845 1.5785 0.4931
Car -1 -1 1.9711 336.7441 754.3233 472.5592 831.0809 1.4861 1.7649 4.1317 -14.1119 4.9710 38.1610 1.6188 0.2952
Car -1 -1 -1.3512 535.9121 774.3085 742.3563 934.6584 1.4133 1.7236 3.6482 -3.8448 3.4378 18.4302 -1.5602 0.2648
Car -1 -1 -1.4580 786.2112 791.7661 859.1406 858.8270 1.5657 1.7996 3.9749 -4.3046 7.0308 46.9620 -1.5384 0.2638
