Pedestrian -1 -1 1.5230 1047.6642 770.7366 1093.7517 904.8217 1.7274 0.6046 0.6336 1.4813 3.7403 20.3114 1.6123 0.5869
Pedestrian -1 -1 1.5662 1000.0145 777.5015 1031.5829 867.5998 1.7387 0.6345 0.6808 1.1121 4.8787 30.4157 1.6167 0.3584
Cyclist -1 -1 -1.5952 882.7773 752.7320 947.0775 900.3582 1.7589 0.8357 1.8172 -0.6444 3.5777 20.3504 -1.6174 0.4838
Car -1 -1 -1.1471 6.0308 722.8475 647.2349 1153.1234 1.5499 1.8140 4.0654 -3.1164 2.2317 8.3637 -1.5565 0.9969
Car -1 -1 -1.4208 677.6726 776.0121 815.1005 898.0276 1.5555 1.7617 3.6570 -3.5764 4.3154 25.4700 -1.5550 0.9667
Car -1 -1 -1.4639 736.0817 782.0806 842.5114 878.5154 1.4780 1.7754 4.2657 -3.6062 5.0678 32.0177 -1.5677 0.9499
Car -1 -1 -0.1580 0.0000 0.0000 126.0037 1216.0000 1.4921 1.7529 3.7303 -3.0223 1.4334 1.9186 -1.5467 0.4368
Car -1 -1 2.0238 148.1971 757.4610 309.6581 841.0989 1.4772 1.7684 4.1126 -17.0253 4.7616 34.9930 1.5695 0.4067
Car -1 -1 -1.3844 551.1813 775.9158 757.4099 942.4336 1.4183 1.7610 3.6143 -3.5394 3.4048 17.8532 -1.5833 0.3780
Car -1 -1 1.9777 188.8305 740.9728 370.7997 839.9608 1.5761 1.8908 4.3071 -14.0296 4.1570 31.0783 1.5502 0.2047
