Pedestrian -1 -1 1.5475 1075.0656 766.6168 1128.2449 919.3919 1.7352 0.6269 0.6960 1.6926 3.4816 18.0543 1.6594 0.5955
Pedestrian -1 -1 1.5175 1038.2725 774.6157 1072.4351 873.2324 1.7432 0.6097 0.7610 1.7571 4.5853 28.0005 1.5953 0.4087
Cyclist -1 -1 -1.5420 901.8969 755.0569 964.6487 903.6609 1.7729 0.7809 1.7433 -0.3613 3.6130 20.2624 -1.5495 0.3664
Car -1 -1 -1.0307 0.0000 716.6724 612.3420 1216.0000 1.5468 1.8188 3.9540 -2.9532 2.0718 6.5517 -1.5399 0.9908
Car -1 -1 -1.3564 540.9188 771.5561 773.9413 956.7739 1.4303 1.7438 3.5699 -3.1531 3.1953 16.1979 -1.5536 0.9906
Car -1 -1 -1.4720 744.5920 780.6707 853.4813 882.9410 1.5283 1.7767 3.9701 -3.2240 4.9002 30.3846 -1.5695 0.9722
Car -1 -1 -1.4216 679.5950 777.8479 826.4226 908.4960 1.5428 1.7643 3.6965 -3.2373 4.1770 23.8911 -1.5514 0.9264
Car -1 -1 -1.5142 811.3068 777.9855 881.9733 849.6154 1.6165 1.8260 4.1344 -3.3766 6.4037 44.6898 -1.5786 0.4856
Car -1 -1 1.8802 349.8770 758.9617 490.9971 843.9008 1.5419 1.9514 4.5389 -13.1677 5.0392 36.7103 1.5377 0.3315
Car -1 -1 -1.4139 657.1241 777.7254 729.3910 835.3063 1.4929 1.8088 3.9041 -9.1187 6.9201 51.1448 -1.5811 0.2851
