Pedestrian -1 -1 1.5246 1027.7865 771.7062 1072.7303 899.5763 1.6892 0.6064 0.6769 1.2384 3.7750 20.8995 1.5993 0.4386
Pedestrian -1 -1 1.6590 997.6349 782.6801 1032.1595 868.6600 1.6810 0.6520 0.6326 1.1115 4.9802 30.9115 1.7089 0.3795
Cyclist -1 -1 -1.5869 875.4139 750.3669 936.3373 896.7411 1.7654 0.7975 1.7555 -0.7642 3.5575 20.4652 -1.6151 0.4898
Car -1 -1 -1.1474 45.5239 727.3853 652.1797 1130.6226 1.5325 1.7966 4.1450 -3.2078 2.2825 8.8467 -1.5426 0.9984
Car -1 -1 -1.4677 735.5774 775.8094 843.8284 875.8016 1.5796 1.8468 4.4109 -3.6473 5.0806 32.4874 -1.5711 0.8370
Car -1 -1 -1.4167 680.7319 777.9172 814.1834 897.4193 1.5526 1.7288 3.5091 -3.6025 4.3675 25.7387 -1.5503 0.8324
Car -1 -1 -0.2356 0.0000 0.0000 197.8062 1216.0000 1.5534 1.8077 3.9947 -3.0455 1.4838 2.1465 -1.5536 0.7036
Car -1 -1 -1.3826 537.5517 778.3093 738.0008 941.0342 1.3980 1.7186 3.5993 -3.7923 3.4408 18.0946 -1.5928 0.3773
Car -1 -1 2.0401 126.5382 773.8983 291.9576 861.2786 1.5248 1.7909 4.1749 -17.6477 5.2527 35.3230 1.5760 0.2343
Car -1 -1 2.0823 0.0000 782.6575 114.1963 892.8971 1.4899 1.7577 4.2600 -18.1984 4.7402 28.6303 1.5095 0.2291
