Pedestrian -1 -1 1.5815 1059.7297 774.0532 1109.8167 917.5765 1.7359 0.6231 0.6855 1.5942 3.6926 19.2424 1.6816 0.5680
Pedestrian -1 -1 1.5880 1018.2365 778.9484 1052.2468 871.3885 1.7199 0.6454 0.6075 1.4499 4.7668 29.2492 1.6520 0.4694
Cyclist -1 -1 -1.5691 902.9142 760.3419 962.9224 909.0894 1.7765 0.7801 1.7289 -0.3740 3.6942 20.3062 -1.5771 0.4499
Car -1 -1 -1.0982 0.0000 724.3344 627.7551 1201.9185 1.5074 1.7784 3.8422 -3.0205 2.1330 7.4681 -1.5490 0.9963
Car -1 -1 -1.4088 680.5063 779.4608 827.2280 910.3130 1.6057 1.7941 3.6975 -3.3315 4.3490 24.6643 -1.5377 0.9769
Car -1 -1 -1.4584 740.9084 782.2371 850.6057 881.0376 1.4819 1.7764 4.1759 -3.3788 4.9871 31.2159 -1.5579 0.9640
Car -1 -1 -1.3649 548.7446 769.8306 770.1891 952.6370 1.4914 1.7374 3.6600 -3.2870 3.3128 16.9553 -1.5603 0.9547
Car -1 -1 1.9755 192.6153 745.7809 368.9692 841.9331 1.4920 1.8100 4.0766 -13.7297 4.1190 30.4399 1.5479 0.2717
Car -1 -1 -1.5133 843.4696 782.2249 904.0217 842.0111 1.5817 1.8279 3.9179 -2.9981 7.2488 51.8988 -1.5592 0.1962
Car -1 -1 2.0846 53.7885 737.4397 306.2407 858.2687 1.5217 1.8433 4.4536 -13.0217 3.5938 25.2813 1.5993 0.1870
