Pedestrian -1 -1 1.4047 1111.0121 751.7404 1185.7590 930.4061 1.7490 0.6728 0.7266 1.9348 3.0980 15.5347 1.5507 0.6672
Pedestrian -1 -1 1.5655 1050.6954 768.9557 1087.8027 873.9091 1.6881 0.6207 0.6801 1.8386 4.1719 25.4191 1.6535 0.5671
Pedestrian -1 -1 1.5163 1099.0399 760.4720 1152.8058 912.8179 1.6612 0.5956 0.7044 1.9030 3.2675 17.3451 1.6455 0.3052
Cyclist -1 -1 -1.5411 923.1286 756.1171 985.9460 903.5737 1.7864 0.7924 1.7743 -0.0746 3.6752 20.6234 -1.5333 0.4367
Car -1 -1 -0.8219 0.0000 664.7117 506.7397 1216.0000 1.6446 1.8552 3.8898 -3.0025 1.8231 4.7363 -1.5439 0.9949
Car -1 -1 -1.3378 487.4714 771.8160 763.4512 985.4125 1.3953 1.7431 3.6874 -3.0145 2.9704 14.1773 -1.5570 0.9855
Car -1 -1 -1.4581 741.8060 779.0755 862.9055 890.7543 1.5509 1.8065 4.0913 -2.9485 4.7037 28.5200 -1.5532 0.9763
Car -1 -1 -1.4326 679.8851 776.7285 833.9445 916.1090 1.5217 1.7463 3.5657 -2.9182 3.9397 22.0236 -1.5601 0.9457
Car -1 -1 -1.4739 848.1696 779.4783 912.6613 838.5109 1.4752 1.7257 3.7469 -2.6282 6.7732 49.3363 -1.5154 0.8366
Car -1 -1 2.0219 178.6779 736.3603 393.7722 843.6349 1.5652 1.9380 4.8071 -13.0534 3.9298 29.2965 1.5981 0.3010
Car -1 -1 2.1541 0.0000 727.6258 175.3584 866.9256 1.5143 1.8145 4.1663 -13.2865 3.1307 21.4377 1.5823 0.2377
Car -1 -1 -1.4498 827.6474 790.8994 907.7173 864.3836 1.5330 1.7571 4.0494 -2.6191 6.5026 42.6873 -1.4996 0.2334
