Pedestrian -1 -1 1.3906 1136.8103 752.9318 1220.8849 950.0047 1.7368 0.6813 0.6659 2.0209 2.9603 13.9540 1.5596 0.5752
Pedestrian -1 -1 1.6249 1074.2961 769.7388 1117.7178 883.6310 1.7046 0.6400 0.6881 2.1455 4.0444 23.7672 1.7319 0.5650
Pedestrian -1 -1 1.3919 1112.3038 765.0810 1179.6217 930.7441 1.6623 0.6189 0.6241 1.9537 3.1806 15.8743 1.5361 0.3733
Cyclist -1 -1 -1.5845 926.9640 758.1913 983.5081 903.2599 1.7377 0.7398 1.7912 -0.0848 3.6416 20.4619 -1.5773 0.4665
Car -1 -1 -1.3098 447.5053 752.5267 757.9495 999.7650 1.5478 1.7683 3.6043 -2.9489 2.8190 13.0699 -1.5451 0.9913
Car -1 -1 -0.6182 0.0000 640.7764 431.3780 1216.0000 1.6247 1.8461 3.9967 -2.9388 1.6840 3.5631 -1.5434 0.9883
Car -1 -1 -1.4819 748.6926 773.5338 871.6050 891.1028 1.5690 1.8269 4.1605 -2.6733 4.4893 27.3007 -1.5717 0.9824
Car -1 -1 -1.3978 670.9410 776.1727 843.4367 920.8325 1.4586 1.7522 3.6287 -2.7370 3.7506 20.8054 -1.5251 0.9380
Car -1 -1 -1.5122 859.2100 774.0430 922.1280 835.8068 1.5165 1.7525 3.8971 -2.2349 6.5196 48.1965 -1.5467 0.8663
Car -1 -1 2.1857 0.0000 717.7383 153.8898 866.9977 1.5601 1.9274 4.7415 -13.6172 3.0119 20.9954 1.5918 0.4291
Car -1 -1 -1.4242 827.5223 787.3747 911.5715 862.2330 1.5262 1.7207 3.9205 -2.4843 6.2408 41.3581 -1.4730 0.2872
Car -1 -1 2.0423 78.7360 755.7474 272.5246 855.2906 1.5154 1.7506 4.3076 -15.9482 4.3845 30.6244 1.5576 0.2830
