Pedestrian -1 -1 1.5211 1095.5431 776.4482 1145.5225 905.9881 1.7018 0.6742 0.7659 2.2302 3.8717 21.0055 1.6453 0.6105
Pedestrian -1 -1 1.5890 1032.2373 789.3666 1049.8811 840.9653 1.6820 0.5829 0.5634 2.7226 7.3247 51.0020 1.6566 0.3684
Cyclist -1 -1 -1.5841 941.7179 770.8284 1000.3467 912.8893 1.7112 0.7806 1.8411 0.1349 3.8341 20.8318 -1.5654 0.4088
Car -1 -1 -1.4260 727.9330 774.4297 869.9431 901.5261 1.5817 1.8057 4.0123 -2.6721 4.3335 25.4736 -1.5235 0.9948
Car -1 -1 -1.3621 637.5432 775.9222 839.5343 938.1257 1.4459 1.7544 3.7496 -2.6862 3.5452 18.8564 -1.5021 0.9885
Car -1 -1 -1.2711 358.7296 751.2233 734.5129 1040.2002 1.4953 1.7323 3.5239 -2.8535 2.5819 11.0799 -1.5459 0.9801
Car -1 -1 2.0568 0.0000 756.8411 222.6697 868.7700 1.5716 1.8036 4.6548 -16.2655 4.3299 28.9072 1.5380 0.7911
Car -1 -1 -1.5118 858.8119 781.9562 924.3453 847.6393 1.5285 1.7464 3.8879 -2.1094 6.5834 46.1651 -1.5456 0.6964
Car -1 -1 -1.4772 829.9112 781.8611 909.8376 856.7593 1.4745 1.7146 3.7917 -2.3628 5.8203 39.4723 -1.5260 0.5453
Car -1 -1 2.0178 180.3021 778.3495 335.5617 862.6522 1.4454 1.6953 4.0933 -16.4374 5.2656 35.1747 1.5804 0.4829
Car -1 -1 1.8177 308.1815 768.0098 414.1412 841.2455 1.4986 1.7354 4.1475 -16.4753 5.6535 41.2477 1.4405 0.4792
