Pedestrian -1 -1 1.5387 1099.6731 769.9737 1149.5614 905.6907 1.7393 0.6670 0.7951 2.2339 3.7702 20.5069 1.6660 0.4823
Pedestrian -1 -1 1.4409 1033.5015 793.0192 1052.6427 847.4100 1.7549 0.5841 0.5474 2.7519 7.4469 50.3400 1.5099 0.3737
Cyclist -1 -1 -1.5724 944.2917 762.8192 1000.7046 903.1048 1.7030 0.7518 1.7852 0.1660 3.7064 20.8225 -1.5523 0.4794
Car -1 -1 -1.3762 630.9860 774.6146 830.9778 939.8626 1.4624 1.7493 3.5328 -2.7053 3.4769 18.3153 -1.5221 0.9938
Car -1 -1 -1.4321 721.7076 770.7037 868.1053 902.6311 1.5990 1.8250 4.2039 -2.6780 4.2429 24.9815 -1.5322 0.9885
Car -1 -1 -1.2669 330.9263 750.7474 725.6620 1053.5122 1.4865 1.7263 3.5323 -2.8385 2.5286 10.6026 -1.5543 0.9671
Car -1 -1 2.0946 0.0000 754.8629 219.3394 862.2535 1.5070 1.7013 4.3855 -16.0807 4.1742 28.4945 1.5739 0.9072
Car -1 -1 -1.4590 825.9114 776.5325 909.6729 853.4769 1.5190 1.7318 3.7753 -2.3926 5.6798 39.0970 -1.5092 0.8150
Car -1 -1 -1.5142 856.4435 781.3995 922.0655 847.4283 1.5218 1.7407 3.9105 -2.1628 6.5207 45.7938 -1.5497 0.6975
Car -1 -1 1.8890 293.0117 764.6324 412.3897 838.8293 1.4987 1.7369 4.2931 -16.4678 5.5054 40.6826 1.5068 0.5141
Car -1 -1 2.0034 179.4785 769.7922 333.6552 853.5290 1.4488 1.7148 4.0403 -16.3453 5.0273 34.9081 1.5647 0.3453
