Pedestrian -1 -1 1.5130 1124.7289 770.7103 1181.3438 919.5666 1.6918 0.6544 0.6889 2.3137 3.4928 18.0986 1.6611 0.5178
Pedestrian -1 -1 1.3622 1230.5906 735.7487 1327.4652 981.8797 1.6340 0.5588 0.7220 2.2474 2.4498 10.6338 1.6087 0.3959
Pedestrian -1 -1 1.4147 1047.4849 790.1962 1068.1459 846.2855 1.7189 0.5804 0.6335 3.1070 7.0796 48.1601 1.4937 0.2956
Cyclist -1 -1 -1.5256 942.8845 766.2115 1009.2390 910.5845 1.7377 0.8162 1.8015 0.2244 3.7851 20.7402 -1.5023 0.3667
Car -1 -1 -1.3656 594.9044 765.7022 820.8115 950.4871 1.4853 1.7664 3.5809 -2.6860 3.2232 16.6313 -1.5277 0.9986
Car -1 -1 -1.4119 709.1977 777.9192 865.9349 908.0712 1.4189 1.7632 4.1039 -2.6048 4.0204 23.3284 -1.5173 0.9938
Car -1 -1 -1.1960 180.2801 742.8226 694.1864 1113.8804 1.4933 1.7493 3.6058 -2.8503 2.3474 9.0057 -1.5430 0.9853
Car -1 -1 2.0947 0.0000 769.9395 176.0937 891.4940 1.5710 1.7511 4.4805 -16.1754 4.4072 26.9829 1.5468 0.6486
Car -1 -1 -1.5034 857.5640 781.4976 927.0063 850.3401 1.5440 1.7516 3.7540 -1.9923 6.3633 44.1161 -1.5368 0.5409
Car -1 -1 -1.4662 816.2921 768.7517 906.2906 852.4082 1.5887 1.7973 4.0680 -2.4551 5.4070 37.6170 -1.5208 0.4790
Car -1 -1 2.0313 0.0000 805.0956 96.7426 889.4131 1.5976 1.8514 4.4735 -25.4857 6.7638 40.5567 1.4719 0.2462
