Pedestrian -1 -1 1.3911 1149.7679 763.5424 1224.2227 932.9141 1.6292 0.6467 0.7692 2.3156 3.0933 15.4048 1.5646 0.6551
Pedestrian -1 -1 1.3125 1340.1128 702.1763 1471.9503 1033.6478 1.6408 0.5551 0.6300 2.3345 2.0666 7.9000 1.6631 0.3625
Pedestrian -1 -1 1.2102 1398.0565 668.4266 1598.4706 1116.6085 1.6986 0.5827 0.8109 2.1892 1.8908 6.1761 1.6437 0.3584
Pedestrian -1 -1 1.4646 1043.9301 791.2502 1064.9011 849.3048 1.6901 0.5864 0.5893 2.8367 6.7937 45.5764 1.5413 0.3425
Cyclist -1 -1 -1.5364 957.2499 758.8156 1029.4753 907.1740 1.7455 0.8903 1.8674 0.4572 3.6492 20.2957 -1.5007 0.4308
Car -1 -1 -1.3011 523.8924 761.8452 807.6194 983.6574 1.5326 1.7843 3.7025 -2.7196 3.0464 14.6148 -1.4917 0.9987
Car -1 -1 -1.0825 0.0000 709.5664 655.0709 1216.0000 1.5360 1.7750 3.9057 -2.7612 2.0393 6.9086 -1.5369 0.9947
Car -1 -1 -1.4115 680.8093 769.5560 855.1229 918.1470 1.4872 1.7768 4.0873 -2.6094 3.7284 21.0913 -1.5306 0.9584
Car -1 -1 -1.5117 850.2878 779.5000 923.4199 852.2135 1.5218 1.7646 4.0008 -2.0368 6.0626 41.9039 -1.5488 0.8521
Car -1 -1 -1.4305 816.3235 789.2333 910.6859 876.5922 1.5259 1.6763 3.7405 -2.2541 5.6226 35.3430 -1.4835 0.2782
Car -1 -1 2.1573 0.0000 728.7430 214.9757 872.0438 1.5331 1.9836 4.4723 -12.9127 3.1867 21.5475 1.6012 0.2198
