Pedestrian -1 -1 1.5248 1111.4204 766.9612 1164.6106 911.7786 1.7014 0.6437 0.7718 2.2140 3.5262 18.7950 1.6620 0.5572
Pedestrian -1 -1 1.4096 1044.8896 796.3860 1065.6693 850.7471 1.6868 0.5955 0.5952 3.0628 7.3142 48.7525 1.4869 0.3382
Pedestrian -1 -1 1.3699 1219.4027 734.5625 1313.7379 978.1439 1.6949 0.5789 0.6900 2.2509 2.5335 11.0806 1.6064 0.2562
Cyclist -1 -1 -1.5542 945.9886 761.0990 1005.3621 902.9092 1.7080 0.7679 1.7993 0.2167 3.6748 20.6813 -1.5314 0.3423
Car -1 -1 -1.3572 604.3506 769.8847 823.0977 949.8474 1.4933 1.7440 3.5815 -2.7207 3.3394 17.2048 -1.5151 0.9978
Car -1 -1 -1.2096 220.5474 739.4727 703.5087 1092.1990 1.5137 1.7490 3.6336 -2.8684 2.3795 9.4577 -1.5401 0.9944
Car -1 -1 -1.4200 712.6075 778.4235 866.5729 909.7556 1.4665 1.7869 4.1904 -2.6296 4.1316 23.8251 -1.5237 0.9932
Car -1 -1 2.1019 0.0000 765.0405 190.6843 881.4132 1.5587 1.7812 4.3561 -16.1580 4.3385 27.4782 1.5627 0.9122
Car -1 -1 -1.5064 854.9347 780.2434 924.1332 849.3848 1.5630 1.7699 3.9235 -2.1005 6.4149 44.7205 -1.5416 0.8720
Car -1 -1 2.0093 147.9882 780.2940 312.0639 871.3805 1.4993 1.7373 4.1223 -16.3966 5.2235 33.7653 1.5561 0.4690
Car -1 -1 1.9144 268.8061 775.6323 391.7802 852.8656 1.5543 1.7368 4.2660 -17.1078 5.8818 40.7587 1.5197 0.3702
Car -1 -1 -1.4791 826.9225 777.9031 908.6441 854.6409 1.4667 1.6992 3.7603 -2.3332 5.5634 38.1275 -1.5295 0.2624
