Pedestrian -1 -1 1.4615 1133.6866 768.3825 1193.6953 917.2285 1.6170 0.6335 0.5678 2.3113 3.2883 17.1201 1.6177 0.6659
Pedestrian -1 -1 1.4554 1049.3784 784.7342 1070.7122 842.5236 1.7417 0.6107 0.6434 3.1180 6.8265 47.2419 1.5358 0.3173
Pedestrian -1 -1 1.3013 1306.1145 686.4446 1453.6761 1052.7524 1.7772 0.5950 0.7532 2.1590 2.1137 7.7822 1.6330 0.2531
Cyclist -1 -1 -1.5069 942.6904 768.0704 1016.6854 913.8063 1.7171 0.8717 1.8914 0.2751 3.7765 20.5290 -1.4809 0.4241
Car -1 -1 -1.3475 575.9591 768.4759 817.5542 967.4723 1.5156 1.7604 3.5535 -2.6621 3.2112 15.8392 -1.5173 0.9979
Car -1 -1 -1.1464 74.9434 732.5096 687.2828 1155.2721 1.5070 1.7785 3.7440 -2.8112 2.2354 8.2125 -1.5266 0.9904
Car -1 -1 -1.4215 696.4816 770.5251 862.5600 914.9990 1.5402 1.8231 4.2593 -2.6144 3.9388 22.4678 -1.5321 0.9811
Car -1 -1 -1.5133 854.2099 780.1119 924.5853 850.2283 1.5153 1.7576 3.9943 -2.0327 6.2146 43.2610 -1.5486 0.8260
Car -1 -1 -1.4590 816.6287 778.4655 906.4249 863.1527 1.5792 1.7546 3.8322 -2.4100 5.5774 36.9710 -1.5134 0.3988
Car -1 -1 1.9851 0.0000 808.5146 68.0415 897.4323 1.6396 1.8742 4.3585 -25.4732 6.7567 39.3755 1.4120 0.2668
Car -1 -1 1.9560 212.0802 763.9495 367.4942 853.0116 1.5532 1.8097 4.4285 -15.7480 5.0472 35.3321 1.5365 0.2356
