Pedestrian -1 -1 1.4803 1127.2665 768.8092 1184.9564 916.6400 1.6613 0.6385 0.6070 2.3071 3.4010 17.7554 1.6308 0.6134
Pedestrian -1 -1 1.4450 1047.1959 786.0479 1068.2915 842.7769 1.7330 0.6080 0.6267 3.0860 6.9269 47.8716 1.5239 0.3346
Pedestrian -1 -1 1.3892 1243.8340 724.1718 1342.0653 989.1981 1.7037 0.5626 0.7210 2.2673 2.4113 10.2794 1.6468 0.2791
Cyclist -1 -1 -1.5374 944.5475 768.8430 1010.5514 912.4161 1.7236 0.8322 1.8499 0.2462 3.8169 20.8001 -1.5130 0.4334
Car -1 -1 -1.3379 586.6489 770.1655 822.0294 958.3768 1.4734 1.7482 3.5684 -2.6801 3.2440 16.3874 -1.5023 0.9980
Car -1 -1 -1.4136 703.3452 773.1108 866.7857 912.0280 1.5146 1.8235 4.1824 -2.5976 4.0050 22.9935 -1.5205 0.9926
Car -1 -1 -1.1794 156.4011 734.8332 692.2982 1123.7388 1.5144 1.7210 3.5696 -2.7960 2.2845 8.6626 -1.5357 0.9748
Car -1 -1 -1.5062 855.0983 781.8012 924.9648 850.7487 1.5119 1.7478 3.9373 -2.0441 6.3232 43.8623 -1.5410 0.7547
Car -1 -1 2.1271 0.0000 779.6684 181.4351 905.0108 1.5858 1.7870 4.5250 -16.0623 4.5940 26.7965 1.5795 0.5211
Car -1 -1 -1.4710 815.3139 775.9855 904.6963 860.7824 1.5876 1.7889 4.0200 -2.4700 5.5674 37.3441 -1.5264 0.3316
