Pedestrian -1 -1 1.3976 1164.7844 762.8273 1246.3362 945.5626 1.6453 0.6828 0.6302 2.3220 2.9909 14.2684 1.5855 0.5407
Pedestrian -1 -1 1.0878 1448.4008 632.7923 1739.6740 1167.7128 1.7076 0.6238 1.0303 2.1974 1.7384 5.3141 1.6023 0.4946
Pedestrian -1 -1 1.2244 1377.5531 674.0514 1549.8842 1060.8685 1.6815 0.5985 0.6821 2.3138 1.9215 6.9479 1.6245 0.4176
Pedestrian -1 -1 1.4455 1056.1515 790.6778 1077.2946 848.7562 1.6558 0.5700 0.5675 3.1439 6.6342 44.6138 1.5306 0.3965
Cyclist -1 -1 -1.5549 964.1583 765.7916 1027.6710 909.3714 1.7380 0.8307 1.8049 0.5014 3.7882 20.8374 -1.5175 0.3371
Car -1 -1 -1.3151 504.7845 759.7020 802.3356 992.3785 1.5105 1.7976 3.7628 -2.6729 2.9351 13.8736 -1.5140 0.9986
Car -1 -1 -1.0229 0.0000 708.9466 613.1890 1216.0000 1.5186 1.7411 3.7372 -2.7745 1.9689 6.1211 -1.5439 0.9930
Car -1 -1 -1.4086 672.7125 770.5677 854.0784 924.5904 1.4990 1.8015 3.8680 -2.5638 3.6628 20.2456 -1.5312 0.9771
Car -1 -1 -1.5080 846.5356 776.8501 921.0781 850.6780 1.5288 1.7559 3.9224 -2.0809 5.9068 41.1052 -1.5472 0.8233
Car -1 -1 2.1246 0.0000 728.3068 222.0408 878.7260 1.5392 1.9264 4.5115 -12.2903 3.1238 20.6605 1.5704 0.4021
Car -1 -1 -1.4549 803.3146 784.5662 901.6040 876.1351 1.5491 1.7639 3.9969 -2.4443 5.4478 34.4717 -1.5154 0.2658
