Pedestrian -1 -1 0.8885 1598.8386 565.8407 1936.0000 1216.0000 1.7306 0.6938 0.7406 2.2009 1.5880 3.9912 1.5945 0.5890
Pedestrian -1 -1 1.3712 1210.0500 739.2571 1315.0756 987.7087 1.7245 0.6604 0.6597 2.2112 2.5944 11.0348 1.6048 0.5141
Pedestrian -1 -1 1.4027 1039.3904 785.1917 1062.5212 844.9251 1.5889 0.5644 0.5673 2.5015 6.0966 41.7453 1.4771 0.4007
Cyclist -1 -1 -1.5569 966.8932 774.4575 1035.4064 920.8043 1.7430 0.8980 1.9104 0.5756 3.9200 20.7897 -1.5156 0.4552
Car -1 -1 -1.2906 380.7986 753.7186 755.1005 1046.2566 1.5304 1.7927 3.7267 -2.7583 2.6715 11.3644 -1.5486 0.9980
Car -1 -1 -1.3655 620.2629 770.9634 835.8106 948.3769 1.4999 1.7713 3.8216 -2.6467 3.4326 17.8280 -1.5126 0.9899
Car -1 -1 -0.6105 0.0000 629.6998 460.8204 1216.0000 1.6558 1.8585 4.3429 -2.9015 1.6742 3.5336 -1.5364 0.9789
Car -1 -1 -1.4662 790.7957 784.8239 894.7869 876.3578 1.4106 1.7738 3.8792 -2.4615 5.0335 31.9057 -1.5336 0.8030
Car -1 -1 -1.4838 831.6567 773.1371 914.7452 852.9753 1.5491 1.7542 4.0404 -2.2240 5.5888 38.6988 -1.5302 0.6382
Car -1 -1 2.2234 0.0000 701.7757 86.4365 878.1320 1.5810 2.0516 4.7431 -12.8586 2.6206 17.8495 1.5729 0.2603
Car -1 -1 -1.5252 829.6649 773.8968 898.6163 842.1059 1.5667 1.8405 3.8858 -2.8659 6.2262 44.8164 -1.5778 0.2405
