Pedestrian -1 -1 1.3315 1189.9521 744.8550 1291.5747 970.3192 1.7110 0.6632 0.7987 2.2647 2.7214 12.1890 1.5470 0.5700
Pedestrian -1 -1 0.8505 1631.3800 515.7946 1936.0000 1216.0000 1.7549 0.6538 0.7824 2.1088 1.5211 3.6102 1.6144 0.5076
Pedestrian -1 -1 1.0206 1495.8409 637.3634 1773.4077 1178.2371 1.6798 0.6343 0.6513 2.2151 1.7241 4.9870 1.5762 0.4962
Pedestrian -1 -1 1.4541 1049.5566 789.6810 1070.6306 849.3326 1.6262 0.5445 0.5801 2.8212 6.3669 42.7239 1.5347 0.4293
Cyclist -1 -1 -1.5672 967.9858 779.8790 1039.7357 927.0648 1.7432 0.9507 1.9394 0.6092 4.0004 20.7890 -1.5241 0.4740
Car -1 -1 -1.3147 435.4169 758.9925 773.7462 1027.6444 1.5163 1.7961 3.7389 -2.7049 2.7813 12.2172 -1.5476 0.9990
Car -1 -1 -0.7933 0.0000 651.9142 528.0001 1216.0000 1.6436 1.8381 4.1427 -2.8107 1.7595 4.3231 -1.5490 0.9913
Car -1 -1 -1.3848 637.2783 774.0403 837.1542 941.2366 1.4819 1.7657 3.8308 -2.6755 3.5410 18.6932 -1.5256 0.9853
Car -1 -1 -1.4516 809.7016 779.2623 907.8789 867.6851 1.4485 1.6936 3.6351 -2.1957 5.0356 32.8839 -1.5083 0.7927
Car -1 -1 -1.4956 837.5253 774.6888 916.9183 852.0220 1.5227 1.7422 4.0236 -2.1607 5.6713 39.3800 -1.5394 0.7558
Car -1 -1 2.1941 0.0000 713.6145 119.5792 882.1154 1.5274 2.0449 4.8885 -12.8480 2.7752 18.5849 1.5653 0.5858
Car -1 -1 -1.5593 841.8979 780.3725 903.7239 847.9254 1.5577 1.7871 3.8853 -2.6529 6.4972 45.5382 -1.6060 0.3471
