Pedestrian -1 -1 1.4171 1155.6434 764.6387 1231.7916 938.4936 1.6186 0.6608 0.7339 2.3065 3.0460 14.9009 1.5959 0.6346
Pedestrian -1 -1 1.4545 1054.6896 790.0342 1076.4910 847.4526 1.6562 0.5998 0.6027 3.1533 6.6856 45.2349 1.5388 0.4140
Pedestrian -1 -1 1.2724 1346.5402 698.1881 1495.0966 1044.4216 1.6272 0.5820 0.6361 2.2902 2.0116 7.5073 1.6366 0.3883
Pedestrian -1 -1 1.1391 1458.0699 639.0477 1709.1472 1132.0092 1.6899 0.5988 0.9712 2.3134 1.7483 5.6609 1.6402 0.2996
Cyclist -1 -1 -1.5630 959.9802 776.0267 1025.6824 922.9852 1.7348 0.8611 1.8437 0.4530 3.9040 20.5255 -1.5276 0.2882
Car -1 -1 -1.2872 509.4456 760.7575 811.1105 991.8558 1.5400 1.8139 3.7959 -2.6868 3.0142 14.2557 -1.4809 0.9984
Car -1 -1 -1.0797 0.0000 716.2830 642.7263 1216.0000 1.4899 1.7547 3.8529 -2.7420 2.0156 6.6595 -1.5501 0.9961
Car -1 -1 -1.4193 677.3818 764.9528 852.2462 915.7893 1.5131 1.7938 3.9572 -2.6091 3.6422 20.7289 -1.5409 0.9779
Car -1 -1 -1.5098 847.6975 777.1225 921.3418 851.1018 1.5556 1.7612 3.9179 -2.0855 5.9879 41.5645 -1.5486 0.8167
Car -1 -1 2.1338 0.0000 725.6490 235.4016 868.7820 1.5402 1.9049 4.5869 -12.6139 3.1551 21.6585 1.5905 0.2237
