Pedestrian -1 -1 1.2020 1331.6963 684.9598 1545.5927 1112.1962 1.7587 0.6854 0.9003 2.1185 2.0476 6.7385 1.5839 0.5073
Pedestrian -1 -1 1.5144 1041.1923 777.5385 1065.7959 846.8797 1.6697 0.5939 0.5963 2.3194 5.5439 37.6522 1.5905 0.3796
Cyclist -1 -1 -1.6175 962.9406 772.6837 1032.0483 919.7511 1.7621 0.8965 1.9256 0.4824 3.9161 20.8291 -1.5810 0.4339
Car -1 -1 -1.1522 72.0442 722.7111 673.0203 1158.8612 1.5617 1.7290 3.5032 -2.7732 2.1962 7.9258 -1.5431 0.9969
Car -1 -1 -1.3400 516.7374 748.9503 803.3531 975.0763 1.5348 1.8130 4.1989 -2.7476 2.9247 14.6225 -1.5328 0.9953
Car -1 -1 -1.4484 762.6871 777.7879 878.4763 881.2773 1.4612 1.7265 3.7621 -2.6270 4.5893 28.6831 -1.5313 0.9223
Car -1 -1 -1.4750 804.6393 773.1625 898.0840 861.4301 1.5802 1.7989 3.9408 -2.5480 5.2974 35.4923 -1.5365 0.8653
Car -1 -1 -1.5033 838.7396 785.0753 914.0406 855.2371 1.4368 1.8036 4.2187 -2.3586 6.2150 42.4805 -1.5474 0.4395
Car -1 -1 2.0199 0.0000 751.6844 180.8563 860.9484 1.5052 1.6748 3.6546 -15.6945 3.9455 26.8900 1.4828 0.2664
Car -1 -1 2.1729 0.0000 717.5974 162.1079 860.4237 1.5055 1.8191 4.0304 -12.9333 2.8981 20.4327 1.5892 0.2532
Car -1 -1 1.9945 113.0007 763.9081 280.2060 855.0448 1.4788 1.7178 4.1311 -16.6500 4.7227 32.7926 1.5219 0.2195
