Pedestrian -1 -1 1.5002 1049.1309 782.1756 1073.0421 847.9445 1.6076 0.5788 0.5743 2.5495 5.6592 38.2332 1.5815 0.4598
Pedestrian -1 -1 1.2343 1318.3300 687.3444 1501.8784 1065.3645 1.7041 0.6701 0.7813 2.1576 2.0243 7.2703 1.5916 0.4431
Cyclist -1 -1 -1.6377 962.8151 768.2589 1036.8591 915.6121 1.7668 0.9259 1.9175 0.5128 3.8534 20.7939 -1.5997 0.3603
Car -1 -1 -1.1727 134.7832 726.0114 690.1577 1137.4542 1.5805 1.7372 3.5194 -2.7656 2.2701 8.4113 -1.5372 0.9974
Car -1 -1 -1.3530 532.3266 750.5024 805.7435 973.2438 1.5801 1.8340 4.0705 -2.7473 3.0130 14.9972 -1.5402 0.9963
Car -1 -1 -1.4502 764.3193 776.2631 879.5167 877.4924 1.4440 1.7449 3.8272 -2.6391 4.5861 29.0974 -1.5322 0.9631
Car -1 -1 -1.4697 805.8504 765.9357 897.8878 847.9448 1.4802 1.7701 3.9162 -2.5624 5.0477 35.8349 -1.5310 0.7702
Car -1 -1 -1.4709 814.0026 777.1171 898.6772 854.8345 1.6333 1.9140 4.3282 -2.9051 6.1590 42.2592 -1.5286 0.3904
Car -1 -1 2.0692 17.7380 767.1734 220.7555 866.8604 1.4743 1.7870 4.2275 -16.9264 4.5612 30.3184 1.5550 0.2473
Car -1 -1 1.8864 418.9718 755.7982 531.6878 825.6542 1.4522 1.7152 4.1465 -13.2317 5.2195 40.9596 1.5777 0.1878
