Pedestrian -1 -1 1.2794 1278.2275 736.1776 1424.0964 1045.3140 1.7088 0.6894 0.7037 2.2976 2.3961 8.8793 1.5836 0.4972
Pedestrian -1 -1 1.4429 1036.0015 788.6404 1060.3922 853.2764 1.6400 0.5859 0.5838 2.3118 6.0328 39.8114 1.5155 0.3697
Cyclist -1 -1 -1.5752 968.5200 771.6787 1035.1123 916.6525 1.7113 0.8729 1.8841 0.5658 3.8223 20.5495 -1.5341 0.4831
Car -1 -1 -1.2389 243.5585 739.1760 720.0188 1105.7091 1.5963 1.8002 3.7249 -2.7710 2.4703 9.5603 -1.5543 0.9928
Car -1 -1 -1.3640 577.6021 761.1610 819.1653 960.0359 1.5268 1.7922 3.8310 -2.6786 3.1715 16.1010 -1.5318 0.9915
Car -1 -1 -1.4515 770.6246 784.6640 882.3479 882.2844 1.4227 1.7611 3.9594 -2.6674 4.8856 30.4002 -1.5300 0.9246
Car -1 -1 -0.1383 0.0000 0.0000 1936.0000 1216.0000 1.5772 1.8093 4.1626 -2.7315 1.4575 1.7965 -1.5514 0.8892
Car -1 -1 -1.4545 804.4082 772.9191 893.0873 852.0075 1.4776 1.7262 3.8187 -2.7438 5.3528 37.1993 -1.5179 0.8137
Car -1 -1 1.9639 188.6945 785.1531 337.5204 870.9782 1.5191 1.8117 4.2333 -17.0057 5.6777 36.6555 1.5303 0.4359
Car -1 -1 -1.4955 820.5342 774.9892 899.3732 850.4742 1.6449 1.9124 4.3020 -2.8832 6.2170 43.3854 -1.5507 0.2448
Car -1 -1 2.1654 0.0000 730.0948 204.7150 868.4104 1.4699 1.8439 4.3020 -12.8921 3.1284 21.3942 1.6063 0.2330
