Pedestrian -1 -1 1.2572 1254.7578 737.3251 1395.1794 1027.5005 1.6908 0.6692 0.8182 2.2814 2.4333 9.4577 1.5399 0.6559
Pedestrian -1 -1 1.4483 1034.6094 786.1046 1058.0365 848.3447 1.6049 0.5740 0.5683 2.2959 5.9928 40.4066 1.5195 0.3296
Cyclist -1 -1 -1.5623 967.4442 770.4947 1035.8710 915.1266 1.7275 0.9076 1.9102 0.5832 3.8482 20.8054 -1.5206 0.4930
Car -1 -1 -1.3611 583.9085 761.4310 821.5730 956.3638 1.5329 1.7946 3.8830 -2.7039 3.2214 16.5138 -1.5257 0.9941
Car -1 -1 -1.2515 269.3067 742.5458 720.4686 1090.8160 1.5975 1.8147 3.7371 -2.8415 2.5328 10.0094 -1.5582 0.9911
Car -1 -1 -1.4293 768.9921 779.1918 882.3583 876.3833 1.4556 1.7485 3.8779 -2.7127 4.8288 30.7042 -1.5085 0.9789
Car -1 -1 -0.2249 0.0000 0.0000 1936.0000 1216.0000 1.5962 1.8159 4.2845 -2.7872 1.4709 2.0897 -1.5412 0.9113
Car -1 -1 -1.4630 806.2183 775.5704 893.8470 855.1733 1.5184 1.7671 3.7412 -2.7477 5.5051 37.6598 -1.5255 0.7440
Car -1 -1 1.9778 194.8478 784.8300 342.2921 870.8265 1.5532 1.7820 4.2100 -17.0524 5.7418 37.0404 1.5474 0.2406
Car -1 -1 2.0239 138.8015 742.0397 353.0433 850.1670 1.5254 1.8874 4.4436 -13.3062 3.9048 28.1491 1.5764 0.2074
