Pedestrian -1 -1 1.0615 1453.6433 610.2092 1776.9025 1195.5803 1.7741 0.7077 0.8853 2.1311 1.7296 4.9851 1.6000 0.5909
Pedestrian -1 -1 1.5092 1043.2455 781.2861 1068.8400 849.9735 1.5905 0.5929 0.5845 2.2965 5.4155 36.2788 1.5871 0.4812
Cyclist -1 -1 -1.6006 958.8735 763.1053 1022.4507 908.9553 1.7443 0.8350 1.8520 0.3879 3.7309 20.5687 -1.5688 0.3990
Car -1 -1 -1.0969 0.0000 720.5122 637.2965 1216.0000 1.5271 1.7846 3.5243 -2.7398 2.0691 6.7072 -1.5627 0.9963
Car -1 -1 -1.3147 444.8481 746.2932 784.7621 1002.3949 1.5252 1.8599 4.3830 -2.8208 2.7799 13.2345 -1.5368 0.9955
Car -1 -1 -1.4490 793.6779 768.9257 895.7981 859.4758 1.5419 1.8012 4.1524 -2.6071 5.0540 34.3431 -1.5150 0.9235
Car -1 -1 -1.4639 749.7178 766.4879 868.8887 875.2927 1.4907 1.7386 3.7904 -2.7059 4.2624 27.3657 -1.5550 0.8091
Car -1 -1 -1.3509 562.4698 772.8409 787.1988 946.9582 1.4310 1.7646 4.2297 -3.3073 3.4323 18.0835 -1.5337 0.5889
Car -1 -1 2.0046 83.7122 757.1281 257.9836 849.9247 1.4715 1.7252 4.0450 -16.6169 4.4542 31.6666 1.5173 0.5015
Car -1 -1 -1.5221 835.2805 784.7043 908.9965 856.5732 1.4294 1.7764 4.2438 -2.4099 6.0707 41.3098 -1.5691 0.2829
