Pedestrian -1 -1 1.5032 1057.2515 779.7875 1087.7871 861.6011 1.6439 0.6112 0.6182 2.3445 4.9454 31.5603 1.5928 0.3593
Cyclist -1 -1 -1.5895 959.2573 780.5256 1023.3101 931.7549 1.7347 0.8203 1.9287 0.3981 3.9296 20.1207 -1.5565 0.3041
Car -1 -1 -1.2453 213.6742 723.3093 743.1318 1109.8168 1.6038 1.8951 4.4060 -2.6981 2.3786 9.5547 -1.5535 0.9976
Car -1 -1 -0.3743 0.0000 629.9398 347.9874 1216.0000 1.5984 1.7686 3.8530 -2.8199 1.6139 2.6182 -1.5237 0.9892
Car -1 -1 -1.4559 771.0183 773.4470 883.6601 878.4006 1.5917 1.7969 4.0531 -2.6624 4.8324 30.5658 -1.5338 0.9510
Car -1 -1 -1.4135 696.3098 769.4321 847.7983 899.7758 1.5246 1.7782 3.8126 -2.9089 4.0065 23.7379 -1.5301 0.8241
Car -1 -1 -1.4956 810.6628 780.6987 898.1389 863.0944 1.4967 1.8113 4.1212 -2.5904 5.5765 37.0855 -1.5548 0.5854
Car -1 -1 1.2984 1348.1508 769.4929 1603.2213 973.8506 1.6369 1.8092 4.1402 5.7152 3.5015 17.1451 1.6554 0.4750
Car -1 -1 1.4955 1036.3040 783.1443 1100.8801 848.7339 1.5418 1.7729 3.9595 3.3111 6.6980 46.7380 1.5809 0.4009
Car -1 -1 2.1273 0.0000 750.3801 165.2812 859.5181 1.4910 1.7893 4.1655 -16.5455 3.9578 27.3121 1.5738 0.2759
