Pedestrian -1 -1 0.8559 1571.2178 563.0242 1936.0000 1216.0000 1.7153 0.7216 0.8615 2.1855 1.5667 4.0298 1.5515 0.6929
Pedestrian -1 -1 1.4772 1043.6859 785.7343 1072.3153 857.9199 1.6206 0.6272 0.6235 2.2803 5.4511 35.2994 1.5566 0.5038
Cyclist -1 -1 -1.6125 957.5154 763.9839 1026.0309 914.0770 1.7883 0.8830 1.8491 0.3964 3.7782 20.4672 -1.5801 0.3593
Car -1 -1 -1.3024 414.3890 745.7741 777.1111 1019.1936 1.5382 1.8630 4.2423 -2.7935 2.7197 12.4658 -1.5377 0.9952
Car -1 -1 -1.0172 0.0000 706.0278 602.8588 1216.0000 1.5437 1.7893 3.6040 -2.7568 1.9613 5.8838 -1.5580 0.9939
Car -1 -1 -1.4889 792.8104 770.3526 891.1427 865.1691 1.5925 1.8214 4.1127 -2.6079 5.0554 33.5337 -1.5568 0.9566
Car -1 -1 -1.4412 733.9922 758.6655 862.7609 875.3216 1.5970 1.7845 3.6958 -2.8242 4.1482 26.6466 -1.5398 0.4974
Car -1 -1 -1.3288 554.9384 771.5881 790.9379 955.9117 1.4861 1.7570 4.1047 -3.2161 3.4085 17.4985 -1.5131 0.4420
Car -1 -1 -1.4784 802.8507 773.1165 892.5695 854.7355 1.5823 1.9071 4.5463 -2.9431 5.7393 39.6432 -1.5420 0.4368
Car -1 -1 -1.6250 1031.7262 784.6423 1091.0795 851.1027 1.6788 1.8041 4.0483 3.2846 7.2025 49.6634 -1.5445 0.3012
