Pedestrian -1 -1 0.9142 1644.7217 515.8038 1936.0000 1216.0000 1.7340 0.6943 0.8204 2.1429 1.5046 3.5933 1.6905 0.6968
Pedestrian -1 -1 1.4776 1047.0729 790.4720 1076.0916 863.6625 1.6108 0.6239 0.6332 2.3233 5.4862 34.6819 1.5595 0.4368
Cyclist -1 -1 -1.6222 957.0671 769.1232 1021.5203 918.8277 1.7605 0.8039 1.8779 0.3614 3.8153 20.3588 -1.5915 0.3445
Car -1 -1 -0.9611 0.0000 699.4395 588.7828 1216.0000 1.5240 1.8089 3.7675 -2.7421 1.8870 5.3828 -1.5540 0.9907
Car -1 -1 -1.3096 388.6958 740.6115 765.4570 1028.5374 1.5787 1.8988 4.1947 -2.8215 2.6709 12.0050 -1.5578 0.9864
Car -1 -1 -1.4245 721.7978 760.4019 861.1923 886.0588 1.6616 1.8285 3.8417 -2.8594 4.1912 25.9581 -1.5276 0.9513
Car -1 -1 -1.4590 787.1356 768.6873 891.4930 864.6496 1.5802 1.8023 4.1553 -2.6261 4.9635 33.0734 -1.5287 0.9496
Car -1 -1 -1.4905 805.3220 773.4774 894.2339 856.2415 1.6022 1.9271 4.5331 -2.8731 5.7469 39.4330 -1.5526 0.4312
Car -1 -1 -1.3269 548.3715 774.4271 785.8343 962.0614 1.4794 1.7323 3.9459 -3.1962 3.3833 17.0242 -1.5157 0.2117
Car -1 -1 -1.4841 795.2099 794.5920 862.8171 859.1995 1.5812 1.8372 4.2270 -4.3635 7.4818 49.8768 -1.5600 0.1959
