Pedestrian -1 -1 1.5125 1072.0283 769.9333 1106.5336 865.3463 1.6653 0.6048 0.7322 2.3608 4.3818 27.6312 1.6139 0.4851
Cyclist -1 -1 -1.6676 971.8336 758.5203 1042.8533 911.4912 1.7550 0.7851 1.8206 0.5862 3.5993 19.7115 -1.6243 0.5662
Car -1 -1 -1.0793 0.0000 688.3201 628.4799 1216.0000 1.6683 1.9256 3.9850 -2.7621 2.0178 6.2315 -1.5880 0.9944
Car -1 -1 -1.4544 738.2614 767.2590 870.1441 891.8545 1.6756 1.8588 4.3634 -2.7770 4.4886 27.3470 -1.5480 0.9639
Car -1 -1 1.1815 1407.6932 759.1323 1786.6433 1021.5093 1.6644 1.8634 4.1906 5.5986 3.0947 13.8021 1.6134 0.9174
Car -1 -1 -2.1724 1691.3932 760.4159 1936.0000 1028.7600 1.6773 1.8016 4.3773 8.6660 3.1254 13.7761 -1.5543 0.7802
Car -1 -1 2.1185 0.0000 756.1683 169.9344 862.6161 1.4743 1.6960 4.3338 -16.9291 4.1420 28.2239 1.5705 0.5992
Car -1 -1 2.0961 0.0000 733.9942 195.3079 858.9381 1.5309 1.8522 4.1971 -14.3294 3.4469 24.1437 1.5479 0.3694
Car -1 -1 -1.4562 798.2224 782.7229 896.8851 872.9143 1.5087 1.7562 3.8362 -2.5112 5.2865 33.8360 -1.5203 0.3531
Car -1 -1 -1.4088 652.9663 763.3142 834.4981 920.2671 1.5591 1.8043 3.9585 -2.8472 3.6316 20.3885 -1.5449 0.2572
Car -1 -1 1.2601 1386.5948 781.2223 1487.4475 849.6307 1.4793 1.7173 4.0381 13.8215 6.2559 43.6619 1.5871 0.2401
