Pedestrian -1 -1 1.4793 1061.7097 770.4563 1096.5599 858.3268 1.5775 0.6112 0.5600 2.2082 4.3360 28.0596 1.5736 0.3147
Cyclist -1 -1 -1.7008 968.2183 761.8574 1045.4738 914.0417 1.7542 0.8186 1.8183 0.5832 3.6606 19.8740 -1.6579 0.5262
Car -1 -1 -1.1071 0.0000 698.0771 641.0722 1216.0000 1.6256 1.9279 4.0005 -2.7846 2.0486 6.6294 -1.5858 0.9950
Car -1 -1 -1.4448 739.3286 766.3112 870.4293 887.9437 1.6784 1.8609 4.2890 -2.8214 4.5189 27.8644 -1.5379 0.8469
Car -1 -1 1.1836 1396.1095 755.5964 1773.0519 1015.2384 1.6974 1.9005 4.3317 5.6368 3.1296 14.1888 1.6067 0.8417
Car -1 -1 2.1098 0.0000 757.8951 168.8166 864.2800 1.4629 1.7064 4.3540 -16.9400 4.1662 28.2117 1.5614 0.7451
Car -1 -1 -2.1617 1685.8969 766.2789 1936.0000 1019.5944 1.6276 1.7239 4.1587 8.6443 3.1527 14.0385 -1.5544 0.5865
Car -1 -1 2.0024 163.5478 747.0573 325.3794 831.6437 1.5046 1.7617 4.3619 -16.7201 4.5536 35.1306 1.5565 0.3595
Car -1 -1 -1.4598 790.5688 783.1641 887.8937 872.6295 1.5102 1.7544 3.7552 -2.7083 5.3025 33.9212 -1.5297 0.2666
Car -1 -1 1.2283 1370.5574 781.4083 1474.7446 849.5261 1.4877 1.7421 4.0223 13.5147 6.3084 44.0299 1.5463 0.2197
