Pedestrian -1 -1 1.4609 1062.8510 774.0007 1097.1060 860.9533 1.6565 0.6218 0.7312 2.3875 4.6976 30.1304 1.5556 0.2883
Cyclist -1 -1 -1.6203 977.7188 762.7699 1039.1001 915.0552 1.7799 0.7561 1.8265 0.6133 3.7129 20.0515 -1.5760 0.3803
Car -1 -1 -1.1906 69.6319 712.7066 697.8466 1164.5385 1.6426 1.8778 4.0563 -2.7670 2.2474 8.2637 -1.5626 0.9974
Car -1 -1 -1.4273 758.6895 771.5351 880.5536 879.8577 1.5749 1.7861 3.9530 -2.6930 4.6424 29.2566 -1.5107 0.9221
Car -1 -1 -1.3792 682.7374 771.3262 852.2271 909.2358 1.4999 1.7949 3.7726 -2.7924 3.8782 22.3430 -1.4989 0.8664
Car -1 -1 1.2056 1350.4349 771.3250 1658.5311 989.4962 1.6178 1.8230 4.0914 5.5643 3.3759 15.9012 1.5804 0.6095
Car -1 -1 -1.4857 795.3152 776.3285 891.4088 865.5732 1.5632 1.8821 4.3540 -2.7560 5.4140 35.8344 -1.5523 0.5234
Car -1 -1 -0.0810 0.0000 0.0000 1936.0000 1216.0000 1.5526 1.7372 3.4714 -2.7321 1.4862 1.5220 -1.5902 0.4637
Car -1 -1 2.0915 0.7207 752.1707 206.2880 851.7921 1.4623 1.6991 4.0385 -16.5753 4.1145 29.1403 1.5676 0.3452
Car -1 -1 2.0167 153.8817 770.2878 310.8955 855.3229 1.5215 1.7718 4.1441 -17.4063 5.2172 35.9365 1.5652 0.3355
Car -1 -1 -1.6991 1033.8811 794.8699 1105.8269 862.2698 1.5101 1.7488 3.8823 3.2542 6.9006 45.4501 -1.6128 0.2643
Car -1 -1 1.2025 1444.8623 797.7870 1564.4734 874.4868 1.4578 1.7214 3.8762 14.1311 6.2027 39.1033 1.5715 0.2507
Car -1 -1 1.1471 1513.1294 801.7487 1672.5248 897.5257 1.4757 1.7119 4.2897 13.8702 5.6455 33.1140 1.5691 0.2301
