Pedestrian -1 -1 1.4182 1069.0569 774.5445 1115.2081 884.7746 1.6398 0.6430 0.6197 2.0478 4.0193 23.4541 1.5221 0.5063
Pedestrian -1 -1 1.4156 937.6888 807.2618 958.4350 859.0523 1.6352 0.6169 0.5717 -0.4421 7.7559 49.8627 1.4198 0.3124
Pedestrian -1 -1 2.0338 267.8149 764.5648 299.2109 822.1449 1.8237 0.7141 0.6838 -22.4081 6.4754 49.4508 1.6127 0.2960
Cyclist -1 -1 -1.6027 959.0526 764.6102 1029.4104 923.3539 1.7313 0.8409 1.7748 0.3959 3.5671 18.7617 -1.5686 0.3902
Car -1 -1 -1.4386 693.3393 758.0380 850.5804 902.9637 1.7247 1.9068 4.2415 -2.9095 4.0389 23.8574 -1.5545 0.9899
Car -1 -1 -0.4448 0.0000 372.9630 395.4131 1216.0000 1.6901 1.8672 4.2047 -2.7748 1.5882 2.7168 -1.5606 0.9737
Car -1 -1 0.9705 1465.0295 754.8873 1936.0000 1098.6123 1.5536 1.8115 4.1976 5.2869 2.6579 10.5475 1.5010 0.7204
Car -1 -1 -1.2961 556.7784 762.2122 808.4344 955.5998 1.5627 1.8103 3.7913 -2.9905 3.2921 16.8612 -1.4745 0.6022
Car -1 -1 1.8610 89.7391 787.1513 208.3407 862.2004 1.6091 1.8920 4.5416 -24.3017 6.7449 44.9202 1.3682 0.3533
Car -1 -1 -1.4802 684.0431 783.6819 781.3464 878.2170 1.6240 1.8497 4.4089 -5.3520 5.6315 35.4940 -1.6219 0.2481
