Pedestrian -1 -1 1.4480 1099.5170 775.6857 1159.7163 931.6652 1.6438 0.6035 0.6934 1.8825 3.3716 16.7856 1.5800 0.7083
Pedestrian -1 -1 1.9745 127.1612 764.5504 165.1675 832.9092 1.7734 0.6787 0.7283 -22.2352 5.6208 40.8039 1.4762 0.3811
Pedestrian -1 -1 1.5147 960.5212 811.6776 983.5479 875.0601 1.7097 0.6295 0.6384 0.3043 7.0737 42.6165 1.5353 0.2833
Pedestrian -1 -1 1.5022 936.3634 813.2722 959.1875 878.1488 1.7416 0.6132 0.6680 -0.3864 7.1457 42.5489 1.5062 0.2529
Pedestrian -1 -1 1.9850 101.3185 764.5122 136.9707 830.3148 1.7324 0.6736 0.5877 -23.1285 5.5979 41.0789 1.4727 0.1757
Cyclist -1 -1 -1.6335 914.9672 751.3040 992.4033 924.2945 1.7495 0.8056 1.7730 -0.1104 3.2937 17.3603 -1.6292 0.5087
Car -1 -1 -1.2136 295.4042 730.4266 711.4156 1032.5591 1.6046 1.7942 3.7623 -3.1801 2.5322 11.2174 -1.5151 0.8437
Car -1 -1 -1.4197 600.4926 766.7236 792.1863 935.4001 1.4904 1.7445 3.6675 -3.1013 3.3896 18.1751 -1.5899 0.8164
Car -1 -1 1.9479 256.8141 781.5808 377.2422 853.4249 1.5420 1.7584 4.2905 -18.7436 6.3487 43.7115 1.5466 0.2625
Car -1 -1 2.6139 0.0000 766.4520 263.7061 882.4050 1.5714 1.7556 4.2698 -15.6119 4.4508 28.1336 2.1009 0.1922
