Pedestrian -1 -1 1.3886 1103.4917 771.3807 1167.8480 935.4676 1.6705 0.5935 0.6560 1.8795 3.2883 16.1752 1.5252 0.6012
Pedestrian -1 -1 1.5088 960.0270 813.4910 983.9310 877.1483 1.6905 0.6411 0.6203 0.2980 7.0218 41.9516 1.5293 0.4268
Pedestrian -1 -1 1.9767 113.0679 768.6335 151.6033 837.9864 1.7672 0.6702 0.7318 -22.2505 5.6645 40.1508 1.4711 0.3439
Pedestrian -1 -1 1.5390 935.5164 814.5897 959.1512 878.5535 1.6936 0.6500 0.6440 -0.3929 7.0492 41.8907 1.5426 0.2752
Pedestrian -1 -1 1.9874 86.7924 777.0682 122.8688 843.8208 1.7226 0.6687 0.5774 -23.1213 5.8642 40.3798 1.4680 0.2470
Cyclist -1 -1 -1.6076 920.0534 750.5460 990.4785 925.6637 1.7467 0.7575 1.7780 -0.0894 3.2599 17.1090 -1.6021 0.5010
Car -1 -1 -1.2048 231.1692 722.4402 700.7043 1063.5544 1.6684 1.8508 3.9009 -3.1576 2.4789 10.4385 -1.5290 0.9588
Car -1 -1 -1.4223 586.4355 756.5494 788.2052 936.3412 1.5487 1.7789 3.7459 -3.0882 3.2613 17.5569 -1.5987 0.8777
Car -1 -1 1.4552 1024.8212 786.5608 1119.3566 875.6142 1.4870 1.7588 3.8290 2.4559 5.3664 33.9479 1.5426 0.2831
Car -1 -1 1.9408 275.0498 785.3036 389.7000 853.9319 1.5090 1.7580 4.1816 -18.7828 6.5468 44.8564 1.5485 0.2057
