Pedestrian -1 -1 1.3670 1122.1562 756.8048 1202.4872 945.8773 1.6953 0.6429 0.7184 1.9138 2.9900 14.3042 1.5238 0.5592
Pedestrian -1 -1 2.0726 58.8689 758.2499 100.4743 830.1543 1.7581 0.6627 0.6992 -22.5499 5.2019 38.2601 1.5388 0.3760
Pedestrian -1 -1 1.5541 922.8877 812.5329 948.6627 881.6856 1.7508 0.6831 0.6387 -0.6825 6.8056 39.9605 1.5498 0.3616
Pedestrian -1 -1 1.5871 949.5362 805.1189 974.4808 871.7822 1.6959 0.6505 0.6097 0.0222 6.5616 40.0601 1.6007 0.3031
Cyclist -1 -1 -1.5956 909.4606 748.8453 980.1676 924.9874 1.7550 0.7647 1.7736 -0.2012 3.2432 17.0587 -1.5972 0.4283
Car -1 -1 -1.1630 103.1339 719.6406 675.2363 1106.9690 1.5806 1.8435 4.0151 -3.1190 2.2888 9.1398 -1.5348 0.9972
Car -1 -1 -1.4030 555.9839 746.4193 789.8640 951.8231 1.6397 1.8498 3.9074 -2.9770 3.1193 16.2385 -1.5886 0.9558
Car -1 -1 1.9541 230.3070 782.9737 353.1991 855.4479 1.5243 1.7649 4.1508 -19.0439 6.2634 42.7304 1.5381 0.4952
Car -1 -1 0.0958 0.0000 758.1790 228.2374 860.6617 1.4684 1.6620 3.5627 -15.1500 3.9908 26.8078 -0.4271 0.3755
Car -1 -1 3.5063 276.3349 793.9070 459.1533 856.9632 1.4593 1.8439 4.2314 -16.0509 6.1525 40.5869 3.1331 0.2871
