Pedestrian -1 -1 1.3667 1112.8365 779.0436 1182.6174 949.0773 1.6462 0.6027 0.6870 1.9240 3.2803 15.4927 1.5123 0.6837
Pedestrian -1 -1 1.5679 958.2183 807.9019 982.2563 872.0665 1.6806 0.6575 0.6288 0.2501 6.7753 41.3129 1.5873 0.4297
Pedestrian -1 -1 1.5695 923.9962 817.1677 948.6797 884.8403 1.7654 0.6725 0.6540 -0.6844 7.1060 41.2095 1.5658 0.3371
Pedestrian -1 -1 2.0201 79.9412 767.9177 119.7973 840.4833 1.8189 0.6943 0.6442 -22.5734 5.6007 39.1973 1.4975 0.3255
Cyclist -1 -1 -1.5972 914.1317 752.9537 987.3442 930.1514 1.7591 0.7907 1.7723 -0.1346 3.2945 17.0353 -1.5946 0.4477
Car -1 -1 -1.1727 173.1223 718.5244 692.8134 1087.3387 1.6826 1.8520 4.0121 -3.1645 2.4321 9.9183 -1.5165 0.9733
Car -1 -1 -1.3990 574.2883 762.0734 787.0597 946.0211 1.5226 1.7558 3.7502 -3.0689 3.2611 17.0696 -1.5798 0.8933
Car -1 -1 1.4481 1028.4971 791.0002 1126.5406 881.7688 1.4742 1.7753 3.8975 2.5408 5.4141 33.4957 1.5392 0.3787
Car -1 -1 2.7354 0.0000 757.5561 241.3911 875.1436 1.5747 1.7892 4.1319 -15.5697 4.1794 27.1692 2.2071 0.2421
Car -1 -1 -1.6255 545.0770 750.5967 639.6179 853.6726 1.6192 1.6889 4.0827 -7.7148 4.4143 31.0540 -1.8665 0.2172
Car -1 -1 -1.4991 761.7296 795.3701 826.4691 858.0237 1.5768 1.8693 4.3071 -5.7289 7.7152 51.6701 -1.5984 0.2166
Car -1 -1 1.9372 260.2046 782.0782 373.9281 850.2717 1.4954 1.7285 4.1289 -19.1057 6.3965 44.5369 1.5359 0.2110
