Pedestrian -1 -1 1.3872 1126.4208 752.5488 1210.4451 946.6388 1.6957 0.6681 0.7232 1.9183 2.9154 13.9197 1.5486 0.7284
Pedestrian -1 -1 1.5452 949.1960 810.7252 975.7540 878.5790 1.7039 0.6958 0.6296 0.0291 6.6664 39.6175 1.5592 0.3990
Pedestrian -1 -1 2.0877 32.4387 763.4545 74.7338 837.1959 1.7745 0.6676 0.6667 -22.8285 5.2918 37.6194 1.5409 0.3481
Pedestrian -1 -1 1.5481 923.6596 806.8892 949.7864 878.3861 1.7886 0.6815 0.6255 -0.6490 6.6191 39.3709 1.5443 0.3399
Cyclist -1 -1 -1.5896 906.2611 748.2559 975.1397 923.7489 1.7570 0.7487 1.7964 -0.2441 3.2468 17.1537 -1.5938 0.3874
Cyclist -1 -1 1.6909 630.3564 759.1013 681.0862 862.6998 1.8021 0.7530 1.8667 -6.0027 4.5319 29.4590 1.4938 0.2415
Car -1 -1 -1.1584 98.6210 722.8118 664.9155 1113.6722 1.5640 1.7942 3.7789 -3.0819 2.2698 8.8618 -1.5387 0.9966
Car -1 -1 -1.3790 526.9408 744.9855 778.9180 956.1514 1.6286 1.8679 3.9809 -3.0900 3.0580 15.8024 -1.5780 0.9524
Car -1 -1 -2.7464 269.6206 803.3625 453.5068 868.8412 1.5014 1.8367 4.2381 -16.1754 6.4454 40.4705 -3.1228 0.4243
Car -1 -1 1.9740 218.6107 787.7016 348.0362 864.1054 1.5696 1.7400 4.3792 -19.0902 6.4169 42.3210 1.5535 0.3377
Car -1 -1 1.9301 327.4511 766.1285 427.9969 826.2148 1.5448 1.8028 4.0575 -19.4600 6.4632 50.0456 1.5645 0.2470
