Pedestrian -1 -1 1.3562 1130.8699 749.4665 1217.6606 952.0917 1.6874 0.6417 0.7010 1.8801 2.8231 13.2688 1.5225 0.7599
Pedestrian -1 -1 1.5748 922.2661 805.9205 947.9738 875.6816 1.7200 0.6561 0.6106 -0.6753 6.4492 38.7627 1.5700 0.3561
Pedestrian -1 -1 1.5704 948.7020 797.1939 974.8453 864.5319 1.6715 0.6750 0.6255 0.0158 6.2085 39.0618 1.5838 0.3211
Pedestrian -1 -1 2.0682 15.5789 761.2994 60.3929 836.4558 1.7704 0.6827 0.7199 -22.8266 5.1781 36.9820 1.5134 0.2713
Pedestrian -1 -1 1.5014 881.0098 801.0402 899.7325 850.5110 1.6232 0.6139 0.6088 -2.4569 7.7623 51.7863 1.4663 0.2299
Cyclist -1 -1 -1.5872 899.0812 747.0661 966.7542 923.1199 1.7524 0.7308 1.7917 -0.3295 3.2190 17.0472 -1.5970 0.4150
Cyclist -1 -1 1.7184 607.3749 763.0286 660.8043 867.2847 1.7657 0.7351 1.8388 -6.2758 4.5093 28.7619 1.5067 0.1847
Cyclist -1 -1 2.3343 0.0000 755.4439 52.0734 833.6122 1.7794 0.7582 1.1297 -23.1310 5.0444 36.7724 1.7705 0.1793
Car -1 -1 -1.1426 34.0512 719.0253 657.5485 1139.3689 1.5690 1.8236 3.9240 -3.0779 2.2265 8.4590 -1.5426 0.9931
Car -1 -1 -1.3590 503.5941 742.4451 775.6957 966.0344 1.6546 1.8858 4.0241 -3.0869 3.0080 15.2025 -1.5667 0.9737
Car -1 -1 -0.2091 0.0000 255.4422 74.8322 1216.0000 1.5172 1.6967 3.4538 -3.0276 1.4591 1.9707 -1.5809 0.1980
Car -1 -1 2.0330 10.2808 769.2819 239.8783 891.7468 1.5910 1.8261 4.5023 -14.9939 4.4319 27.1305 1.5211 0.1902
Car -1 -1 1.9740 205.0278 781.1060 334.3570 856.3115 1.5287 1.7124 4.2382 -19.0666 6.0798 41.4297 1.5452 0.1836
