Pedestrian -1 -1 1.5106 947.6009 790.5716 988.9975 891.7797 1.6441 0.6823 0.6494 0.1167 4.5335 25.7422 1.5277 0.4819
Pedestrian -1 -1 1.4075 922.1130 806.5472 950.1581 873.1944 1.6794 0.6633 0.6354 -0.6758 6.5903 40.0608 1.4033 0.3861
Pedestrian -1 -1 1.5581 988.3054 798.0192 1025.4678 897.9163 1.6253 0.6355 0.6995 0.7914 4.6694 25.9364 1.6025 0.3189
Cyclist -1 -1 -1.7572 729.0757 750.2891 859.6627 966.7403 1.7512 0.8952 1.9852 -1.6463 3.0519 14.4318 -1.8711 0.4100
Car -1 -1 -0.9013 0.0000 659.2079 541.5183 1216.0000 1.6601 1.8758 4.0346 -2.9217 1.8220 5.0351 -1.5683 0.9920
Car -1 -1 -1.1355 72.5683 735.2053 410.7440 937.5185 1.5834 1.7800 3.8928 -7.3892 2.8954 15.8183 -1.5955 0.2626
Car -1 -1 -2.4985 0.0000 801.2618 172.3593 980.7375 1.7051 1.8906 4.2959 -11.6905 3.8451 17.1529 -3.1191 0.2143
Car -1 -1 -1.4419 705.3822 792.6716 797.5367 873.4921 1.5710 1.8719 4.4590 -5.6215 6.3713 40.5572 -1.5704 0.2098
Car -1 -1 3.4746 237.0896 789.8273 518.3048 903.8312 1.7248 1.9736 4.2819 -10.3517 4.7966 26.7847 3.1031 0.1768
Car -1 -1 -1.1327 224.5324 745.9835 706.0975 1056.8984 1.4518 1.7856 3.8085 -3.2028 2.4656 10.5274 -1.4584 0.1428
Car -1 -1 1.9022 368.7966 779.8272 474.9989 845.6918 1.4535 1.7127 4.1993 -16.1629 6.3359 45.0205 1.5624 0.1412
