Pedestrian -1 -1 1.4780 1023.3407 777.9566 1071.9805 897.4791 1.6502 0.6593 0.7018 1.2607 3.9303 21.9203 1.5508 0.6744
Pedestrian -1 -1 1.5185 968.5563 782.3270 1017.9637 904.5302 1.6901 0.6973 0.6521 0.4625 4.0275 21.8709 1.5529 0.6720
Pedestrian -1 -1 1.5474 936.8235 796.7942 963.8894 865.5410 1.5979 0.6557 0.5967 -0.2697 5.8381 36.5848 1.5527 0.4667
Pedestrian -1 -1 1.8787 57.9207 744.1947 135.3779 874.6944 1.7137 0.6823 1.0442 -12.2975 3.4593 21.2963 1.3397 0.3115
Cyclist -1 -1 -1.8464 630.4131 731.8192 791.9734 961.0470 1.7426 0.9126 1.9910 -2.2926 2.7850 13.4846 -2.0223 0.3827
Cyclist -1 -1 2.1709 0.0000 743.7608 98.9568 880.5695 1.7039 0.7340 1.6464 -12.9157 3.4320 20.9082 1.6008 0.1755
Cyclist -1 -1 1.8571 76.5072 744.9025 152.0714 877.2173 1.7388 0.6980 0.9699 -12.0008 3.4857 21.2139 1.3272 0.1260
Car -1 -1 -0.2701 0.0000 0.0000 308.1981 1216.0000 1.6629 1.8680 4.1193 -2.8105 1.4921 2.1844 -1.5567 0.8701
Car -1 -1 -1.6278 1013.1113 794.7034 1070.6715 856.8719 1.6083 1.8159 4.0239 2.7509 7.7139 51.7503 -1.5604 0.1739
Car -1 -1 1.3189 1284.3907 780.6735 1370.4890 843.5299 1.6037 1.8970 4.3729 12.4749 7.1659 51.2064 1.5758 0.1692
