Pedestrian -1 -1 1.4662 1033.0094 762.5501 1108.6775 944.2137 1.6623 0.6768 0.7118 1.0602 3.0386 14.5914 1.5565 0.6949
Pedestrian -1 -1 1.4711 1000.5821 796.1564 1033.6278 882.0268 1.6270 0.6118 0.5804 1.1116 5.0809 29.8549 1.5224 0.5726
Pedestrian -1 -1 1.4754 1162.9756 761.4719 1234.7556 943.7669 1.6813 0.6522 0.5952 2.3125 3.0447 14.6043 1.6583 0.5594
Pedestrian -1 -1 -0.9090 376.0316 778.8171 463.7904 931.3263 1.6821 0.6823 0.7302 -6.4555 3.5659 17.8529 -1.2681 0.3484
Pedestrian -1 -1 -2.1446 180.2808 728.2448 414.6267 994.2352 1.8041 0.7199 1.8531 -5.1360 2.6560 11.5405 -2.5997 0.1197
Pedestrian -1 -1 3.4804 164.6033 753.2775 345.4601 928.1009 1.7989 0.8166 1.6456 -7.8248 3.2702 16.6337 3.0206 0.1033
Cyclist -1 -1 -2.2427 172.6387 732.7927 440.4052 999.8311 1.7692 0.7056 2.0155 -4.9458 2.6369 11.2721 -2.6935 0.4305
Cyclist -1 -1 3.4549 75.7223 736.3669 281.9642 913.1209 1.7793 0.8378 1.8378 -8.5280 3.0436 16.3768 2.9515 0.3831
Car -1 -1 2.0076 244.2047 766.9606 396.5997 851.3336 1.4817 1.6997 4.2236 -15.1541 5.0678 35.6095 1.6055 0.2110
Car -1 -1 -1.5716 896.7857 778.2790 953.3434 840.2804 1.5621 1.7991 3.9777 -1.1758 6.8514 49.5708 -1.5828 0.1974
