Pedestrian -1 -1 0.6060 1657.5553 605.8724 1936.0000 1216.0000 1.8074 0.7004 0.8648 2.4713 1.7624 4.0286 1.3605 0.4141
Pedestrian -1 -1 1.4665 1293.1469 785.2671 1349.4803 921.1657 1.6758 0.6728 0.6657 4.7415 3.8320 19.7242 1.7295 0.4085
Pedestrian -1 -1 1.4573 1258.3206 803.9947 1280.0864 864.9822 1.7506 0.5940 0.5081 9.2394 7.1597 44.8814 1.6782 0.1470
Pedestrian -1 -1 2.8320 766.5178 797.0175 789.1196 849.7490 1.7131 0.6699 0.6071 -6.3581 7.7267 51.8188 2.7208 0.1362
Pedestrian -1 -1 -3.3537 1781.3986 816.4184 1839.9863 903.8001 1.8819 0.7819 1.0708 19.9457 6.4512 35.1346 -2.8109 0.1199
Cyclist -1 -1 -1.2712 985.8533 781.9946 1096.7682 958.5341 1.6612 0.7230 1.7712 0.9212 3.5192 16.7304 -1.2003 0.1820
Car -1 -1 1.0438 1612.5752 852.6386 1774.5184 948.8340 1.5432 1.7583 3.9900 17.3598 7.2852 35.6682 1.5212 0.1523
Car -1 -1 -1.5785 1094.0981 795.6245 1163.0431 876.3289 1.6366 1.8057 4.0557 4.6491 6.6077 41.4228 -1.4507 0.1238
Car -1 -1 -0.9801 0.0000 787.8898 222.1704 961.7050 1.5852 1.7452 4.6772 -12.2078 4.0728 20.4537 -1.5330 0.1222
Car -1 -1 -3.6803 1878.6375 867.7692 1936.0000 955.7546 1.5524 1.7753 4.1268 23.1285 7.1539 33.4131 -3.0474 0.1149
