Pedestrian -1 -1 -0.1392 762.4073 665.4517 1034.5811 1216.0000 1.6192 0.6710 0.7321 -0.2152 1.7542 4.5763 -0.2066 0.4267
Cyclist -1 -1 -0.2987 1831.1484 773.5464 1936.0000 922.0588 1.6668 0.7862 1.8525 12.0617 3.5985 18.7715 0.3168 0.1502
Cyclist -1 -1 3.1578 330.8618 578.9633 936.3549 1216.0000 1.7013 0.7427 1.4511 -0.8683 1.5958 4.0079 2.8351 0.1262
Car -1 -1 0.4624 13.6473 812.5275 203.2972 883.1218 1.5988 1.8402 4.0492 -22.9411 6.7892 40.3434 -0.0525 0.1515
Car -1 -1 1.2114 1534.0062 809.0317 1673.4440 899.5117 1.5104 1.7628 4.3745 15.5040 6.2601 36.3327 1.6388 0.1469
Car -1 -1 0.5224 0.0000 819.8596 170.1114 892.3621 1.5404 1.8237 4.0895 -22.5122 6.5874 37.7721 -0.0141 0.1336
Car -1 -1 2.3297 0.0000 718.0021 399.7500 1136.6250 1.6065 1.7485 4.3408 -5.3554 2.3112 9.0365 1.7316 0.1235
Car -1 -1 0.2684 482.0543 769.2279 674.1588 848.8082 1.9706 2.1029 4.8597 -10.7443 6.1492 42.1821 0.0254 0.1191
Car -1 -1 1.9224 215.0871 783.2767 358.7519 870.6717 1.5379 1.8058 4.3691 -16.4327 5.6600 36.6806 1.5023 0.1156
Car -1 -1 -2.5511 0.0000 827.0819 106.4764 919.4548 1.8258 1.9048 4.2364 -22.5822 6.6717 34.8571 -3.1261 0.1031
