Pedestrian -1 -1 -2.4929 688.0418 819.7802 734.6523 882.6578 1.2916 0.7184 0.7784 -5.7337 5.8294 34.3212 -2.6509 0.1138
Pedestrian -1 -1 -0.4539 696.9900 807.7492 737.1215 870.2462 1.3321 0.6880 0.7039 -5.7472 5.6935 35.1866 -0.6082 0.1070
Pedestrian -1 -1 1.6923 480.8212 766.9475 503.9362 822.1274 1.6817 0.6357 0.5666 -14.9328 6.2382 47.6342 1.3944 0.1010
Cyclist -1 -1 1.6032 767.6760 764.7400 813.5443 880.6803 1.8007 0.7348 1.9696 -3.0281 4.3890 26.6701 1.4971 0.4053
Cyclist -1 -1 1.9902 0.0000 771.4192 52.9471 882.9418 1.7010 0.7117 1.9278 -16.8869 4.3927 26.4649 1.4134 0.2742
Cyclist -1 -1 2.3068 0.0000 548.9954 265.0641 1216.0000 1.8092 0.6710 1.8300 -2.4222 1.6696 3.6852 1.5008 0.2427
Cyclist -1 -1 -1.2455 414.2782 765.9062 457.7431 832.7568 1.9302 0.7567 1.8484 -16.8512 6.5450 48.0153 -1.5773 0.1011
Car -1 -1 -1.2632 423.8489 782.8624 520.4116 845.4065 1.6028 1.8912 4.4336 -16.8516 7.3023 51.7398 -1.5709 0.1737
Car -1 -1 -2.7944 335.2292 784.0809 573.0648 881.7990 1.5952 1.8766 3.8993 -9.6237 4.7428 28.5893 -3.1196 0.1623
Car -1 -1 -2.7889 327.1459 788.7817 534.1699 870.1047 1.6112 1.8468 4.1059 -12.1555 5.4892 34.4326 -3.1261 0.1467
Car -1 -1 -1.6384 992.7946 791.9921 1077.8865 882.2770 1.4967 1.7366 4.1124 1.6494 5.5797 34.4808 -1.5762 0.1220
