Cyclist -1 -1 1.5973 772.7003 770.9000 811.8645 870.1989 1.7679 0.7272 1.9081 -3.4320 4.8398 30.4846 1.4932 0.4044
Cyclist -1 -1 2.0120 72.8612 670.6935 452.1578 1201.9994 1.7651 0.7589 1.9786 -2.7484 1.9847 6.1573 1.4985 0.3982
Cyclist -1 -1 2.0032 69.5303 761.8187 145.5487 861.2467 1.7859 0.7687 1.4819 -16.9711 4.5816 29.7624 1.4795 0.1105
Car -1 -1 -1.6681 991.3862 783.2228 1102.5225 891.8599 1.5081 1.8206 4.4430 1.6117 4.8748 29.5538 -1.5989 0.5551
Car -1 -1 1.9848 205.3698 791.6974 325.2821 858.3666 1.4951 1.8085 4.1865 -21.4100 6.8818 46.1879 1.5550 0.2130
Car -1 -1 2.1414 0.0000 756.4775 103.2680 873.2872 1.6312 1.8863 4.3006 -18.1735 4.2785 27.9229 1.5562 0.1360
Car -1 -1 0.7318 0.0000 801.2355 1.4258 993.9599 1.5446 1.7151 4.0274 -11.8573 3.3573 14.4885 0.0134 0.1260
Car -1 -1 1.9456 230.6180 758.9077 541.7662 950.3829 1.5662 1.9155 4.5276 -6.5632 3.3538 17.6783 1.5765 0.1190
Car -1 -1 1.9253 158.8598 786.7440 287.6185 861.8311 1.4884 1.8232 4.2099 -20.2629 6.1891 41.2491 1.4710 0.1092
Car -1 -1 0.1834 577.4091 793.2955 741.6276 863.2845 1.7568 1.9423 4.3654 -8.6753 6.7393 43.2622 -0.0062 0.1067
