Cyclist -1 -1 1.7180 742.8114 765.5535 812.3002 905.2925 1.7539 0.7213 1.8674 -2.6339 3.8757 21.6148 1.6012 0.4741
Cyclist -1 -1 -0.9567 109.6592 767.6782 193.4879 856.8308 1.7666 0.6676 1.9544 -18.3156 5.0974 33.8760 -1.4545 0.2168
Cyclist -1 -1 -1.0711 65.4216 774.7408 147.3406 862.8152 1.7257 0.7401 1.9975 -19.2564 5.2067 33.7337 -1.5922 0.1353
Car -1 -1 1.8416 109.9188 777.4337 228.9245 860.8763 1.6865 1.8050 4.0787 -21.3021 6.0295 40.3947 1.3577 0.1971
Car -1 -1 1.6172 776.5642 785.3438 846.9102 857.4149 1.5478 1.7748 3.7136 -4.1986 6.3035 42.4340 1.5289 0.1676
Car -1 -1 -2.2924 108.3883 770.5015 326.2014 867.5272 1.5731 1.7697 4.0066 -15.1849 4.6989 30.5333 -2.7575 0.1562
Car -1 -1 0.9080 0.0000 763.5578 111.2856 869.7518 1.4761 1.7165 4.2643 -17.2266 4.0347 26.1179 0.3147 0.1301
Car -1 -1 0.3043 494.7541 793.1222 662.8849 860.0764 1.6049 1.8189 4.2316 -10.7233 6.4576 42.1010 0.0617 0.1287
Car -1 -1 1.9826 56.3328 789.0480 214.8915 877.5232 1.5385 1.8111 4.2884 -20.0066 5.7828 36.4497 1.4803 0.1256
Car -1 -1 -2.5817 129.7956 814.0836 288.3222 875.8466 1.5682 1.7947 3.9910 -22.9705 7.4927 45.7407 -3.0425 0.1212
Car -1 -1 1.2494 20.7862 758.0267 234.1442 886.9979 1.5284 1.6982 4.2103 -13.4121 3.8422 23.9571 0.7280 0.1038
