Cyclist -1 -1 1.7521 727.2366 763.4315 808.8059 915.2142 1.7663 0.7485 1.9257 -2.5821 3.7268 20.1798 1.6282 0.4680
Cyclist -1 -1 -2.4621 35.9302 779.8275 144.0478 866.0663 1.7560 0.7134 2.0528 -19.0861 5.2035 32.7717 -2.9924 0.1518
Car -1 -1 2.0144 298.0290 821.1220 421.9898 893.4897 1.4743 1.8049 3.9582 -17.4279 7.4550 43.5440 1.6392 0.3026
Car -1 -1 -2.8478 474.0421 795.5548 646.7031 867.1906 1.6800 1.8445 4.1985 -10.9052 6.4575 40.8603 -3.1023 0.2872
Car -1 -1 -2.6983 178.5087 808.5835 424.2563 905.9273 1.6837 1.8350 4.2106 -13.4030 5.5542 30.5339 -3.1127 0.2156
Car -1 -1 1.8775 103.9754 784.9420 231.8419 867.1485 1.6228 1.8764 4.0939 -21.2295 6.1576 40.1926 1.3930 0.1979
Car -1 -1 -2.8056 350.3055 796.7659 566.4334 885.1572 1.6348 1.8254 4.0436 -10.7891 5.4523 32.2727 -3.1262 0.1779
Car -1 -1 1.1718 1510.6780 810.4332 1651.9407 898.9768 1.5211 1.7723 4.2202 15.1218 6.3396 36.7143 1.5862 0.1633
Car -1 -1 1.1631 1619.7500 823.0059 1792.6229 930.6796 1.4457 1.7223 3.8919 14.5672 5.6168 29.4778 1.6505 0.1612
Car -1 -1 -2.8260 506.4066 797.4276 658.0529 859.4847 1.5459 1.7518 3.9705 -11.1063 6.7359 43.9635 -3.0662 0.1433
Car -1 -1 0.6059 0.0000 763.6702 202.0772 891.9793 1.6378 1.8891 4.3542 -13.9694 3.8010 22.2970 0.0322 0.1203
Car -1 -1 -1.1395 100.2526 782.2897 263.7749 873.2810 1.5837 1.8023 4.4382 -18.6883 5.6210 36.1015 -1.6174 0.1057
