Cyclist -1 -1 1.8055 612.2547 742.9976 744.8076 967.5465 1.6937 0.7358 1.9539 -2.4746 2.8234 13.3140 1.6126 0.4309
Cyclist -1 -1 -0.9934 256.4417 759.6266 339.7153 852.1949 1.8915 0.7881 2.0269 -15.3694 5.1149 34.7162 -1.4104 0.2157
Car -1 -1 0.4897 5.4656 784.0107 308.9542 893.7469 1.6827 1.8774 4.3966 -14.2349 4.6204 26.6556 -0.0073 0.6805
Car -1 -1 -2.6414 89.8841 790.3657 349.6987 894.4526 1.7243 1.8895 4.1198 -14.3286 5.0519 29.0504 -3.1031 0.3062
Car -1 -1 -1.4783 791.5660 780.2951 877.5655 860.9901 1.5512 1.8035 4.0583 -3.2190 5.7827 38.6754 -1.5510 0.2329
Car -1 -1 0.4742 95.2979 826.3907 254.2707 887.5898 1.5385 1.7439 3.7884 -23.2386 7.6228 44.2760 -0.0047 0.1825
Car -1 -1 -2.8230 384.1728 795.9520 586.7876 878.2352 1.6170 1.8067 4.0525 -10.8244 5.6367 34.2079 -3.1263 0.1565
Car -1 -1 1.8556 424.2020 768.4191 514.9880 831.0942 1.6508 1.8494 3.9912 -16.5919 6.7057 50.6518 1.5455 0.1491
Car -1 -1 0.4627 68.6641 814.6120 233.0898 876.4855 1.4743 1.7300 3.6958 -22.8156 6.9441 42.1962 -0.0300 0.1383
Car -1 -1 2.0026 73.8158 777.0967 240.8629 868.8718 1.5503 1.7731 4.3255 -18.5903 5.3184 34.8114 1.5107 0.1363
Car -1 -1 0.2130 596.1099 789.2153 755.3247 850.0977 1.6876 1.9239 4.7239 -9.1420 7.0897 48.1225 0.0343 0.1336
Car -1 -1 3.8209 0.0000 775.1759 56.7847 989.1140 1.6700 1.8732 4.2856 -11.2305 3.1845 14.0736 3.1127 0.1232
Car -1 -1 2.9301 1172.8397 812.0237 1316.9633 878.0701 1.7554 1.8149 4.0716 8.6624 7.6144 45.9004 3.1340 0.1141
