Cyclist -1 -1 1.8147 594.5869 737.2388 734.3174 972.8273 1.7081 0.7363 1.9440 -2.4897 2.7414 12.7691 1.6108 0.4404
Cyclist -1 -1 -0.9888 277.7703 764.2222 360.0542 855.4203 1.8759 0.7728 2.0551 -15.0680 5.2504 35.1401 -1.3935 0.2328
Cyclist -1 -1 -1.1824 267.0305 766.3576 328.2424 849.6525 1.7963 0.7272 1.8008 -16.0688 5.3116 36.2523 -1.5991 0.1008
Car -1 -1 -2.6379 7.1789 783.8766 301.1566 893.2509 1.6651 1.8175 4.2020 -14.1353 4.5645 26.3548 -3.1371 0.4445
Car -1 -1 -2.6532 60.9436 796.9146 320.4562 893.6592 1.5984 1.7971 4.0930 -14.8160 5.0287 28.9014 -3.1309 0.4295
Car -1 -1 -1.4845 792.0298 780.9376 878.5059 860.7601 1.5234 1.8299 3.9709 -3.1744 5.7336 38.3514 -1.5568 0.1609
Car -1 -1 -1.5738 1153.9033 783.3397 1214.0532 856.2158 1.7805 1.8540 4.3164 7.2839 7.1847 48.7282 -1.4091 0.1454
Car -1 -1 -2.8283 385.8179 794.0527 591.8357 877.0427 1.6299 1.8291 4.1191 -10.7238 5.5977 34.1389 -3.1295 0.1379
Car -1 -1 3.5614 174.9642 804.8650 333.2160 860.9193 1.5140 1.7384 4.1582 -22.2215 7.2899 47.0925 3.1253 0.1213
Car -1 -1 1.9318 318.0064 776.2860 451.1319 855.8434 1.5148 1.8123 4.2584 -14.8357 5.6500 38.7169 1.5686 0.1116
Car -1 -1 -0.3185 1282.7911 799.6417 1513.7065 896.7574 1.6699 1.8734 4.0989 8.7382 5.3050 30.1451 -0.0130 0.1080
Car -1 -1 1.8617 99.8504 770.7142 218.9623 848.3625 1.6692 1.8574 4.2660 -22.9456 6.0800 42.9620 1.3731 0.1005
