Cyclist -1 -1 1.8050 572.5805 730.3559 719.4932 982.7807 1.7342 0.7412 1.9882 -2.5041 2.6587 12.1095 1.5869 0.4411
Cyclist -1 -1 -0.9037 313.1062 763.3422 397.2017 850.3277 1.8100 0.7410 2.0629 -14.4418 5.2157 35.6937 -1.2873 0.2323
Car -1 -1 0.5056 0.0000 780.4626 279.6681 893.3275 1.6838 1.8610 4.0926 -14.2531 4.4711 25.8518 -0.0060 0.3000
Car -1 -1 0.4826 43.4632 797.4580 311.6830 897.1994 1.6159 1.8362 4.1206 -14.7709 4.9930 28.3440 -0.0023 0.2875
Car -1 -1 1.7013 194.5032 793.1493 277.6671 862.8657 1.5876 1.8144 4.4963 -23.2811 7.2769 48.1485 1.2557 0.2480
Car -1 -1 3.3115 590.8120 796.3280 750.4544 861.1546 1.7784 1.9755 4.6901 -9.1599 7.3297 47.4108 3.1298 0.2254
Car -1 -1 1.6898 784.9351 782.7835 877.8856 866.0869 1.5637 1.8372 4.0068 -3.2262 5.7759 37.8546 1.6150 0.1839
Car -1 -1 1.7497 220.6382 785.1943 318.8650 866.2526 1.5771 1.6507 4.4142 -18.7451 6.1912 40.7042 1.3207 0.1371
Car -1 -1 -0.3000 1278.1520 794.0026 1528.5426 898.7769 1.7747 1.9530 4.3741 8.6484 5.2274 29.5379 0.0085 0.1143
Car -1 -1 -2.7512 260.0329 795.5071 506.4058 896.7401 1.6087 1.8517 3.8903 -10.7496 4.9134 27.9981 -3.1195 0.1064
