Pedestrian -1 -1 -0.5812 168.4325 773.5395 206.5930 846.6866 1.6918 0.6426 0.5715 -18.9599 5.3747 36.6465 -1.0591 0.1669
Cyclist -1 -1 1.7876 658.0430 750.5185 770.1240 947.4432 1.7172 0.7300 1.9602 -2.4949 3.0872 15.3114 1.6224 0.3992
Cyclist -1 -1 -0.8205 258.7289 765.1088 346.5792 853.3397 1.8151 0.7403 1.9786 -15.4689 5.2124 35.1780 -1.2347 0.3124
Cyclist -1 -1 -1.4966 568.5053 769.4717 603.1888 848.7832 1.9040 0.7533 2.1710 -10.3208 5.9931 41.1641 -1.7360 0.1138
Car -1 -1 -0.3695 1350.4185 813.8447 1656.6339 933.9637 1.6772 1.8800 4.3986 8.8978 4.9310 24.8062 0.0030 0.1731
Car -1 -1 -1.3869 544.1584 770.2147 624.8757 841.4446 1.7951 1.7607 4.3710 -12.2886 6.7749 49.0166 -1.6248 0.1559
Car -1 -1 0.4544 93.0233 817.5985 257.9200 882.4236 1.6863 1.8045 4.0628 -23.8575 7.6722 45.5034 -0.0239 0.1482
Car -1 -1 -2.6512 123.1960 793.3045 381.4286 892.6874 1.5816 1.7719 4.0212 -13.2469 4.8546 28.0873 -3.0958 0.1466
Car -1 -1 1.4643 1034.5017 789.9980 1106.9987 860.3938 1.6404 1.9040 4.5929 3.4603 7.1977 48.0220 1.5510 0.1198
Car -1 -1 0.3982 123.9369 769.3875 351.4386 840.0152 1.4150 1.7229 4.4649 -16.8277 4.8845 34.9321 -0.0520 0.1181
