Cyclist -1 -1 1.7878 692.6400 758.6069 792.3641 932.5090 1.7614 0.7557 1.9881 -2.5622 3.4382 17.7340 1.6449 0.4244
Cyclist -1 -1 -1.1436 210.9255 766.1614 283.0973 855.4845 1.8321 0.7394 2.0514 -16.6777 5.2330 34.9707 -1.5892 0.1920
Cyclist -1 -1 -1.3029 571.5386 770.4672 618.6163 846.3747 1.8817 0.7290 2.1949 -10.3743 6.1205 42.4364 -1.5360 0.1343
Cyclist -1 -1 -1.1155 141.7673 767.3042 230.7269 857.9203 1.7717 0.7552 2.6298 -17.9549 5.2041 34.7213 -1.5941 0.1329
Car -1 -1 0.4686 179.1040 795.1602 429.1624 890.1066 1.7026 1.8002 4.4960 -13.7823 5.4069 31.5119 0.0556 0.2241
Car -1 -1 -2.6228 115.2931 811.3306 272.2293 873.9533 1.6688 1.8129 4.0039 -24.0000 7.6342 46.8455 -3.0915 0.1307
Car -1 -1 0.4190 64.0519 809.4480 225.7903 867.8514 1.4249 1.6502 3.7930 -23.7321 6.9213 43.5706 -0.0766 0.1286
Car -1 -1 -2.6546 59.1354 799.4502 332.1662 899.2816 1.6536 1.8411 4.3635 -14.7825 5.1531 29.0335 -3.1291 0.1189
Car -1 -1 1.0204 1691.5930 847.6886 1936.0000 982.7877 1.4764 1.7821 4.1788 14.2947 5.5636 25.3414 1.5662 0.1136
Car -1 -1 -2.7273 496.7702 783.2277 663.5600 843.2003 1.3855 1.6848 4.2220 -10.6834 5.9608 42.0244 -2.9700 0.1075
Car -1 -1 -2.6223 241.2369 792.7609 452.9881 871.0592 1.4827 1.7227 4.1891 -14.0394 5.4579 34.2855 -3.0102 0.1039
Car -1 -1 -0.3491 1341.7555 813.2462 1621.5951 924.8810 1.6357 1.8638 4.2350 8.9853 5.0399 26.0769 0.0096 0.1014
