Cyclist -1 -1 1.8368 488.9625 714.4135 666.1723 1013.5664 1.7104 0.7102 1.9449 -2.5359 2.3738 10.1085 1.5644 0.4009
Cyclist -1 -1 -1.0607 306.6728 762.7718 383.3269 853.7208 1.8718 0.7454 2.0714 -14.4411 5.2072 35.1043 -1.4504 0.2687
Cyclist -1 -1 -0.7300 107.3322 762.6799 189.4156 852.6841 1.7817 0.6098 1.5967 -17.9601 4.9076 33.0737 -1.2303 0.1396
Car -1 -1 -1.4442 783.0294 781.2769 879.3864 865.4294 1.5562 1.8587 3.8345 -3.1502 5.6213 36.9121 -1.5193 0.2452
Car -1 -1 1.9948 196.6360 786.3444 345.3416 871.8138 1.5742 1.7707 4.4004 -17.4653 5.9227 38.0753 1.5664 0.1993
Car -1 -1 0.5215 0.0000 783.3936 237.1761 895.2665 1.6108 1.8464 4.0010 -14.6400 4.3804 25.1802 -0.0142 0.1784
Car -1 -1 0.3769 340.5604 794.1819 581.9425 896.6068 1.6550 1.8746 3.9784 -9.5216 5.0197 28.6760 0.0565 0.1579
Car -1 -1 -2.6169 56.3408 794.8079 322.0762 898.5771 1.6228 1.8203 3.9909 -14.2066 4.8788 27.6588 -3.0964 0.1549
Car -1 -1 1.8224 324.6584 784.3378 421.0654 852.9416 1.5381 1.7476 4.1105 -17.8863 6.6320 45.6344 1.4537 0.1424
Car -1 -1 2.9141 1186.8236 808.6072 1331.7168 868.8751 1.6890 1.8681 4.3381 9.6727 7.7977 48.7610 3.1272 0.1215
Car -1 -1 -1.6315 1033.0266 792.2249 1094.6478 858.2477 1.5867 1.8082 4.1637 3.2961 7.2698 48.6907 -1.5493 0.1110
