Pedestrian -1 -1 -0.2939 243.9629 789.6067 273.6057 858.3768 1.7429 0.6912 0.5504 -19.0040 6.2471 40.4544 -0.7306 0.1014
Cyclist -1 -1 1.8218 528.8524 726.7578 689.6181 1002.0928 1.7166 0.7178 1.9555 -2.5434 2.5344 11.0273 1.5749 0.4081
Cyclist -1 -1 -0.9504 303.2395 760.3644 386.8817 850.8407 1.8621 0.7351 2.0994 -14.4761 5.1505 35.1954 -1.3401 0.2797
Car -1 -1 0.5175 0.0000 779.0648 271.6541 892.8145 1.6712 1.8289 4.1741 -14.2106 4.3818 25.3759 -0.0015 0.4719
Car -1 -1 1.6991 782.2570 782.6897 878.8843 867.4548 1.5797 1.8749 3.8975 -3.1983 5.7255 37.2953 1.6237 0.3495
Car -1 -1 3.5482 148.1640 804.8371 310.9971 864.3107 1.5582 1.8143 4.1381 -22.5490 7.2366 46.1975 3.0986 0.1963
Car -1 -1 -1.6460 1037.4407 793.0613 1100.7871 858.2449 1.5528 1.8013 4.2263 3.4668 7.2676 48.6983 -1.5603 0.1848
Car -1 -1 -2.6105 54.7901 785.7484 326.6515 894.4326 1.7137 1.8891 4.0877 -14.2168 4.8103 27.7392 -3.0892 0.1840
Car -1 -1 -0.2928 1277.6118 797.6993 1533.2477 908.5129 1.8328 1.9744 4.3751 8.5117 5.2968 28.9536 0.0170 0.1537
Car -1 -1 1.7447 224.5712 776.4152 323.8872 861.2418 1.6877 1.6953 4.2931 -18.4042 5.9953 40.2256 1.3179 0.1303
Car -1 -1 1.8462 355.1862 783.9073 454.1250 852.1872 1.5045 1.7201 4.0136 -16.5457 6.4703 44.6371 1.4961 0.1188
