Pedestrian -1 -1 -0.6492 167.8091 772.1247 207.1877 846.2635 1.7177 0.6557 0.5782 -18.9599 5.3652 36.6468 -1.1272 0.1515
Pedestrian -1 -1 -0.5037 150.2981 772.2413 187.7814 846.4946 1.7325 0.6598 0.5713 -19.5881 5.4171 36.9772 -0.9913 0.1151
Pedestrian -1 -1 -0.4629 183.1770 775.1217 218.1968 847.3935 1.6997 0.6438 0.5487 -18.9677 5.4875 37.2950 -0.9334 0.1048
Cyclist -1 -1 1.7809 669.1609 755.9997 774.4601 944.3190 1.7284 0.7309 1.9363 -2.5420 3.2248 16.0834 1.6219 0.3565
Cyclist -1 -1 -0.9654 247.2697 762.5001 330.5124 853.0188 1.8620 0.7399 2.0640 -15.7702 5.1943 35.1337 -1.3874 0.2516
Cyclist -1 -1 -1.4546 567.8885 771.4684 604.9969 848.7773 1.8727 0.7494 2.0455 -10.3407 6.0254 41.3090 -1.6936 0.1339
Car -1 -1 0.5095 41.4414 790.1004 325.1710 891.9904 1.6351 1.7758 4.4080 -14.4971 4.8350 28.0185 0.0271 0.2363
Car -1 -1 -0.3588 1339.1464 814.7481 1635.8850 930.0508 1.6449 1.8929 4.3813 8.8541 4.9945 25.4306 0.0036 0.1846
Car -1 -1 -2.6063 40.9225 819.5190 210.2317 881.7917 1.6334 1.7921 4.2493 -25.7690 7.7708 46.1974 -3.1106 0.1294
Car -1 -1 0.4224 126.0129 770.4802 351.1728 840.6848 1.4274 1.7303 4.4496 -16.9262 4.9414 35.1703 -0.0273 0.1221
Car -1 -1 -1.3705 542.1265 771.7917 625.6085 842.8403 1.7787 1.7690 4.4364 -12.3017 6.8123 48.9942 -1.6088 0.1202
Car -1 -1 1.4660 1033.8828 798.0922 1105.6566 868.6391 1.6357 1.9078 4.6650 3.4676 7.5319 48.5616 1.5521 0.1066
Car -1 -1 3.6796 0.0000 798.0683 176.0428 913.4442 1.6560 1.8204 4.0721 -15.8232 4.7025 25.3406 3.1127 0.1030
