Cyclist -1 -1 1.9556 320.6812 696.9123 589.9868 1079.7277 1.7484 0.7649 2.0175 -2.6937 2.1936 8.2284 1.5905 0.3838
Cyclist -1 -1 -1.0365 298.6021 761.4730 379.6619 852.7579 1.8501 0.7574 2.1306 -14.4221 5.1233 34.7324 -1.4298 0.2712
Car -1 -1 -2.5682 0.0000 785.9772 207.2438 905.1631 1.6185 1.8589 4.1275 -14.5616 4.2920 23.8614 -3.1269 0.5649
Car -1 -1 -2.6137 0.0000 791.1115 264.3106 897.9014 1.5838 1.8087 3.9938 -14.5287 4.5749 25.9859 -3.1310 0.3004
Car -1 -1 2.0186 143.1755 781.6605 305.3354 870.9190 1.5672 1.7827 4.4053 -17.7338 5.5963 36.2264 1.5636 0.2977
Car -1 -1 0.4607 134.4904 791.6642 307.5060 851.8210 1.5360 1.8280 4.2147 -21.8465 6.5725 44.2388 0.0052 0.2846
Car -1 -1 1.7198 764.6614 779.3307 868.2172 868.2862 1.5903 1.8607 4.0423 -3.4209 5.5247 36.0221 1.6347 0.2687
Car -1 -1 2.9047 1197.6677 806.8843 1347.8107 869.4731 1.7473 1.9036 4.4551 10.0477 7.7650 48.4643 3.1265 0.2547
Car -1 -1 -2.6488 31.7241 795.0805 294.7921 893.2446 1.6011 1.8346 4.0329 -15.1228 4.9478 28.4911 -3.1415 0.1486
Car -1 -1 -2.8569 442.2953 797.1419 626.1949 872.4551 1.6345 1.8191 4.1055 -10.7038 6.0817 37.6751 -3.1286 0.1409
Car -1 -1 -1.1628 112.9435 787.9492 264.1779 873.7671 1.5904 1.8338 4.5146 -19.9379 6.0744 38.8131 -1.6360 0.1323
