Cyclist -1 -1 2.2144 0.0000 626.6366 376.1472 1216.0000 1.7854 0.7985 1.9757 -2.7590 1.7924 5.0358 1.5743 0.4630
Cyclist -1 -1 -1.2493 316.1259 769.2328 378.9124 859.0434 1.7440 0.6615 2.1457 -13.7850 5.0967 33.6443 -1.6381 0.1356
Cyclist -1 -1 -1.0842 284.4074 761.7285 361.9133 849.0074 1.8392 0.7679 2.2406 -15.4455 5.2623 36.2636 -1.4862 0.1228
Cyclist -1 -1 0.2833 120.1247 762.5394 243.5972 852.5904 1.8468 0.7865 2.2995 -17.2543 4.9547 33.1546 -0.1989 0.1138
Car -1 -1 1.6649 755.0890 774.3195 856.0312 868.3391 1.6292 1.8911 3.9763 -3.4968 5.2479 34.2275 1.5722 0.7727
Car -1 -1 -1.1379 232.3774 782.6765 380.3750 863.7350 1.4941 1.8043 4.3357 -16.6559 5.7635 38.2766 -1.5465 0.1915
Car -1 -1 -2.7232 200.0591 800.8863 474.9603 909.7587 1.5935 1.7958 4.0056 -10.7137 4.7493 25.8742 -3.1197 0.1878
Car -1 -1 0.4526 96.5673 813.0358 260.6562 875.3062 1.6116 1.8224 4.0292 -23.7407 7.4519 45.4632 -0.0243 0.1554
Car -1 -1 2.9011 1202.0046 806.5153 1358.4432 872.0231 1.7469 1.8853 4.4232 9.8153 7.4813 46.2451 3.1280 0.1335
Car -1 -1 -1.7059 1051.8760 785.2948 1137.2458 865.2261 1.5953 1.8138 4.4273 3.5996 6.2425 41.0859 -1.6032 0.1271
Car -1 -1 1.7885 239.6972 785.2261 343.0318 862.7101 1.5530 1.7113 4.4622 -18.7688 6.3170 42.0801 1.3721 0.1267
Car -1 -1 0.5023 54.7988 802.1062 233.3725 867.8607 1.6218 1.8848 4.1052 -23.4333 6.8286 42.9851 0.0060 0.1186
Car -1 -1 -2.7880 300.9550 802.0616 540.9514 899.6614 1.6676 1.8469 4.1309 -10.7370 5.3236 29.9179 -3.1321 0.1159
Car -1 -1 1.9958 95.5438 779.9695 261.4736 874.6805 1.6777 1.8412 4.6300 -19.0184 5.7162 36.5848 1.5165 0.1033
