Pedestrian -1 -1 -3.7346 1630.8983 756.9617 1936.0000 1216.0000 1.1607 0.7395 0.9150 2.3814 1.5522 3.9987 -2.9896 0.1111
Cyclist -1 -1 -0.9856 361.0167 761.3456 442.2892 853.1967 1.8518 0.7449 2.0456 -12.8637 5.0930 34.4419 -1.3420 0.2220
Cyclist -1 -1 -1.0820 449.5113 759.2847 508.5870 841.5186 2.0194 0.7284 1.8987 -13.2004 5.7928 40.9903 -1.3891 0.1151
Cyclist -1 -1 -1.2443 259.8073 756.1210 323.6457 844.9016 1.8969 0.8205 1.9375 -16.0607 5.1369 35.9204 -1.6647 0.1088
Car -1 -1 0.5751 24.5597 798.5858 343.3053 922.4496 1.7339 1.8686 4.4754 -13.0483 4.7985 25.2514 0.0915 0.3614
Car -1 -1 -1.4540 736.9083 775.0551 845.3911 876.2852 1.6418 1.8317 4.1033 -3.6168 5.1067 32.4434 -1.5566 0.2758
Car -1 -1 3.6016 8.3872 799.3196 185.0708 865.0239 1.5174 1.8500 3.7744 -23.6957 6.4317 41.0944 3.0802 0.2097
Car -1 -1 1.2514 1360.6592 772.0514 1474.5930 848.4347 1.5839 1.8512 4.1393 12.4554 5.8297 41.0741 1.5666 0.1730
Car -1 -1 -2.8265 397.6740 796.8691 594.5588 876.5607 1.5609 1.7745 3.9412 -10.5813 5.5998 34.1987 -3.1233 0.1529
Car -1 -1 -0.4602 1484.1365 788.8464 1936.0000 958.9290 1.7430 1.8965 4.5889 9.0352 3.8683 18.3523 0.0376 0.1287
Car -1 -1 1.9133 312.9785 784.7654 436.2762 859.7452 1.5045 1.8281 4.2713 -16.1399 6.1579 41.3705 1.5450 0.1197
Car -1 -1 0.4212 162.8727 802.4474 421.3651 895.1444 1.5710 1.7936 4.3284 -13.2047 5.2018 29.6836 0.0007 0.1042
Car -1 -1 -1.5281 820.8994 767.8705 883.9838 838.5312 1.7467 1.7937 4.5320 -3.4801 6.6000 48.4824 -1.5885 0.1033
