Cyclist -1 -1 2.1201 0.0000 642.9304 430.7770 1216.0000 1.7868 0.7851 2.0096 -2.7420 1.8672 5.6528 1.5567 0.4626
Cyclist -1 -1 -0.8411 294.2926 763.9859 385.4149 856.2262 1.8258 0.7430 2.0336 -14.0813 5.0840 33.9485 -1.2343 0.2193
Car -1 -1 -2.6376 49.7960 792.0874 338.2348 902.7001 1.7038 1.9222 4.2564 -13.8344 4.8513 27.1345 -3.1143 0.4423
Car -1 -1 1.6926 754.1886 774.7467 860.0812 868.3309 1.6105 1.9013 4.1183 -3.4847 5.2773 34.5066 1.6011 0.4363
Car -1 -1 -2.5794 0.0000 791.6060 281.7056 919.8021 1.7294 1.8774 4.4134 -13.4714 4.5034 23.8604 -3.1028 0.2184
Car -1 -1 2.8782 1193.4153 803.2951 1346.1846 866.9401 1.7190 1.8631 4.3971 9.6883 7.4681 47.1674 3.0983 0.1893
Car -1 -1 2.0396 182.4469 782.3141 340.7320 868.7082 1.5083 1.7341 4.1885 -16.7181 5.5176 35.9660 1.6049 0.1820
Car -1 -1 -1.1370 81.8237 788.5969 242.7182 878.0429 1.6073 1.8381 4.4789 -19.9256 5.9651 37.5243 -1.6245 0.1735
Car -1 -1 1.4055 1033.5469 788.8491 1118.2990 866.6666 1.6494 1.8130 4.4476 3.2828 6.6815 43.6138 1.4956 0.1605
Car -1 -1 1.3339 1220.0371 773.5037 1378.5653 899.6629 1.6977 1.9200 4.7124 6.2132 4.7186 28.0410 1.5738 0.1537
Car -1 -1 3.6020 107.0270 789.8428 291.3302 854.6910 1.6164 1.8418 4.3551 -21.8421 6.4596 42.9743 3.1345 0.1376
