Cyclist -1 -1 2.2630 0.0000 590.6017 322.2086 1216.0000 1.7972 0.7776 1.9384 -2.7063 1.7166 4.4894 1.5521 0.4428
Cyclist -1 -1 -1.0182 361.0414 763.3563 435.6037 852.9316 1.8399 0.6727 2.0190 -13.1658 5.1815 35.0359 -1.3764 0.1781
Car -1 -1 1.6760 751.4551 774.4583 854.3455 867.9964 1.5840 1.8587 3.9820 -3.5032 5.1567 33.7230 1.5813 0.5562
Car -1 -1 -2.7109 186.2520 802.1432 469.5375 915.7747 1.6251 1.7952 4.0353 -10.6438 4.7391 25.3189 -3.1134 0.2805
Car -1 -1 0.6088 0.0000 798.8145 230.7932 978.4979 1.6638 1.8595 4.1218 -10.6608 3.7158 16.6797 0.0171 0.2405
Car -1 -1 0.5925 0.0000 798.8928 268.9799 937.9835 1.7776 1.9219 4.4020 -13.2476 4.5706 22.9184 0.0580 0.2245
Car -1 -1 0.4646 186.8045 805.7543 456.3618 912.5281 1.6774 1.8122 4.2874 -11.9192 5.1920 28.0281 0.0603 0.2095
Car -1 -1 1.9614 238.4564 782.6658 382.4912 864.1926 1.4922 1.8293 4.3369 -16.4326 5.7316 38.0020 1.5550 0.1870
Car -1 -1 1.3936 1233.3975 779.5706 1376.0924 903.7760 1.5889 1.8395 4.5505 6.1519 4.6505 27.2696 1.6377 0.1520
Car -1 -1 -1.5409 830.3560 768.2939 890.7786 842.5270 1.9129 1.8173 4.6308 -3.3133 6.9222 49.9038 -1.5957 0.1092
