Cyclist -1 -1 2.2912 0.0000 563.8497 237.6778 1216.0000 1.7907 0.7521 1.9654 -2.6745 1.6720 3.9172 1.4842 0.2754
Cyclist -1 -1 -0.9779 352.8730 761.7618 434.1978 853.5449 1.8588 0.6999 2.1147 -13.1496 5.1366 34.7051 -1.3390 0.2472
Cyclist -1 -1 -1.2552 272.8869 761.3486 334.2656 848.6152 1.9041 0.8432 1.8400 -16.0675 5.3290 36.5788 -1.6685 0.1116
Car -1 -1 -1.4629 746.8641 777.6964 850.6486 871.8416 1.5534 1.8295 3.9707 -3.5334 5.1439 33.1453 -1.5604 0.2940
Car -1 -1 -2.5131 0.0000 801.7715 209.0675 992.7013 1.6817 1.8618 4.1231 -10.5435 3.6812 15.9370 -3.1229 0.1960
Car -1 -1 0.6236 0.0000 794.3571 239.5359 935.8652 1.7265 1.8861 4.2585 -13.1663 4.3377 21.9521 0.0710 0.1717
Car -1 -1 -1.7018 1061.4150 785.3900 1149.1790 867.8601 1.6145 1.8400 4.2721 3.7726 6.1190 39.8177 -1.5918 0.1266
Car -1 -1 1.9680 226.4420 782.0092 375.5345 865.0815 1.5022 1.8782 4.3130 -16.4141 5.6616 37.4210 1.5561 0.1240
Car -1 -1 -2.7260 231.5564 801.9496 488.6461 904.0526 1.5966 1.8017 4.0360 -11.0676 4.9919 27.7097 -3.1082 0.1169
Car -1 -1 1.9254 310.8035 776.0293 415.4287 839.0366 1.4994 1.7185 4.3065 -19.1892 6.5863 48.1653 1.5513 0.1132
Car -1 -1 -1.2493 395.8584 786.9272 509.3494 860.7751 1.5508 1.8017 4.2735 -14.5182 6.4329 42.9214 -1.5702 0.1093
