Cyclist -1 -1 -0.9767 348.3282 765.7896 430.0337 857.2231 1.8332 0.7213 2.0669 -13.1448 5.1793 34.4271 -1.3405 0.2697
Cyclist -1 -1 2.4591 0.0000 539.7476 217.8664 1216.0000 1.7894 0.7754 1.9343 -2.7094 1.6361 3.6679 1.5939 0.1799
Cyclist -1 -1 -1.1184 454.4745 764.5870 507.7727 841.6774 1.9010 0.6798 1.7840 -13.2092 5.8354 41.1876 -1.4242 0.1036
Car -1 -1 -2.5984 34.3818 794.1235 339.7914 913.2313 1.7099 1.8603 4.2846 -13.1404 4.7199 25.5400 -3.0803 0.3243
Car -1 -1 1.8780 321.1780 790.3443 440.1728 868.0208 1.5492 1.8164 4.4508 -16.1322 6.4236 41.7854 1.5137 0.2058
Car -1 -1 -1.4437 743.2626 778.3184 851.6810 873.3150 1.5484 1.8415 3.9709 -3.5307 5.1282 32.8825 -1.5420 0.2045
Car -1 -1 1.9694 77.1630 778.5486 229.5902 862.5495 1.4762 1.7596 4.2417 -19.6090 5.4524 36.5046 1.4758 0.1521
Car -1 -1 3.5904 51.6383 784.8824 246.2935 855.3950 1.6923 1.9078 4.3786 -22.5941 6.2684 41.7222 3.0959 0.1450
Car -1 -1 -2.7134 141.2366 802.4554 443.8143 927.0808 1.6766 1.7948 3.9735 -10.4661 4.5869 23.6056 -3.1374 0.1353
Car -1 -1 -1.1866 218.9788 777.5419 367.5740 861.0209 1.5004 1.8828 4.2468 -16.3779 5.4872 36.9052 -1.6033 0.1164
Car -1 -1 -2.6623 108.1359 797.4604 379.8800 904.0171 1.6820 1.8236 4.1733 -13.2267 4.9952 27.7377 -3.1112 0.1095
Car -1 -1 1.3360 1055.1461 776.0682 1182.5920 880.1699 1.7274 1.9287 4.6889 3.5248 5.4459 34.3441 1.4545 0.1020
