Cyclist -1 -1 -1.0832 359.9235 752.0264 438.2999 846.1751 1.8989 0.7917 2.0810 -12.8188 4.8957 34.1692 -1.4415 0.1644
Car -1 -1 -2.5938 0.0000 796.5713 308.3620 921.1296 1.6923 1.8941 4.3386 -13.1515 4.5908 24.2123 -3.0999 0.3791
Car -1 -1 -1.5658 755.1334 794.4552 840.3651 889.3584 1.5484 1.8178 4.1005 -3.6975 5.6584 34.1234 -1.6645 0.3482
Car -1 -1 3.6240 0.0000 798.8156 167.4959 864.8135 1.4999 1.7674 3.7222 -23.6113 6.2753 40.0892 3.0928 0.3111
Car -1 -1 3.5749 139.1150 799.7892 397.8115 896.2121 1.5768 1.8178 4.1179 -13.2050 5.0368 28.6738 3.1403 0.2136
Car -1 -1 1.2217 1426.4303 808.3041 1540.4543 885.5331 1.5629 1.7787 4.2578 14.7708 7.0414 42.5360 1.5769 0.1978
Car -1 -1 1.2855 1376.2178 772.2161 1492.0774 849.8834 1.5100 1.8482 4.3964 12.4927 5.6490 39.7817 1.6111 0.1761
Car -1 -1 1.9372 416.9401 778.4870 540.7233 852.1492 1.4975 1.8234 4.4580 -13.5217 6.0651 42.1927 1.6321 0.1413
Car -1 -1 -1.3990 442.0934 778.4055 524.3378 846.5131 1.6028 1.7629 4.0454 -14.9246 6.6316 46.8699 -1.7011 0.1342
Car -1 -1 -1.5382 823.2418 773.7158 885.0774 844.1229 1.6657 1.7556 4.6032 -3.3562 6.6268 47.5295 -1.5974 0.1318
Car -1 -1 -0.4989 1518.9191 786.3578 1936.0000 969.1766 1.7428 1.9219 4.6428 9.0581 3.7025 17.1169 0.0317 0.1244
Car -1 -1 -1.7111 1051.7455 789.9331 1141.3580 874.0880 1.6515 1.8662 4.3471 3.5730 6.3321 40.2066 -1.6070 0.1063
