Cyclist -1 -1 -1.0447 387.4478 762.0399 465.5961 853.2471 1.8136 0.7258 2.0873 -12.1736 5.0423 34.1144 -1.3862 0.3643
Car -1 -1 -1.4521 734.2364 779.1820 848.8016 880.8812 1.5063 1.8046 4.0008 -3.3608 4.8378 30.2774 -1.5547 0.4683
Car -1 -1 3.6639 1.4148 800.9442 189.2463 871.4214 1.5635 1.8321 3.7966 -22.3375 6.2245 38.6761 3.1409 0.2026
Car -1 -1 -0.1893 1114.0607 802.4788 1254.7793 864.6870 1.6974 1.8984 4.1578 7.0501 7.4605 47.5300 -0.0257 0.1748
Car -1 -1 0.5975 0.0000 785.2480 169.4751 919.2524 1.7016 1.8792 4.2901 -14.4184 4.1897 22.2447 0.0092 0.1621
Car -1 -1 1.8300 529.7866 787.8840 627.8221 855.7172 1.4987 1.8120 4.4360 -11.6945 6.7565 46.0082 1.5884 0.1614
Car -1 -1 1.7812 481.8491 777.6310 567.5211 843.2325 1.5710 1.7654 4.2886 -14.0213 6.7226 48.2434 1.5052 0.1468
Car -1 -1 -1.6539 821.2795 765.4601 889.7878 839.0881 1.7254 1.7962 4.5037 -3.3290 6.3084 46.4023 -1.7145 0.1445
Car -1 -1 1.2198 1438.9199 810.9353 1558.9667 890.4939 1.5361 1.7984 4.3726 14.7800 6.9542 41.3542 1.5844 0.1291
Car -1 -1 1.2907 1389.7982 770.0162 1511.1633 851.8450 1.5274 1.8586 4.5570 12.4978 5.4886 38.4934 1.6266 0.1271
Car -1 -1 1.9450 0.0000 747.3033 43.9682 846.3708 1.7630 1.8683 4.3565 -23.1517 4.7936 34.6965 1.3528 0.1007
