Pedestrian -1 -1 -2.1940 43.0388 764.9877 100.9288 846.3752 1.6655 0.7138 0.8765 -19.5193 4.7878 32.8295 -2.7343 0.1018
Cyclist -1 -1 -1.0381 355.8977 755.6984 435.0594 848.3096 1.8515 0.7519 2.0335 -12.8294 4.9164 33.9754 -1.3986 0.2112
Cyclist -1 -1 -1.1804 258.9093 757.5936 327.5649 848.1679 1.8977 0.7755 2.0033 -15.7510 5.1209 35.3124 -1.6001 0.1077
Car -1 -1 3.6314 0.0000 797.9640 172.6402 864.6741 1.5305 1.8339 3.8424 -23.7384 6.3267 40.4510 3.1020 0.4925
Car -1 -1 -1.5244 750.9279 794.9490 840.3577 887.7659 1.5404 1.8190 4.0417 -3.7544 5.6935 34.4566 -1.6237 0.2212
Car -1 -1 0.4361 144.7321 801.5350 406.5204 897.7220 1.5950 1.7962 4.2633 -13.2427 5.1341 29.0529 0.0059 0.1756
Car -1 -1 -2.5837 0.0000 788.8054 318.0644 908.3877 1.6517 1.8531 4.2907 -13.1177 4.4627 24.5943 -3.0821 0.1751
Car -1 -1 -1.7327 1043.7976 787.3408 1136.0854 872.1556 1.6716 1.8520 4.3924 3.4051 6.2980 40.3411 -1.6332 0.1505
Car -1 -1 -1.3900 440.6512 781.7980 525.1334 851.1608 1.6165 1.7719 4.1975 -14.9577 6.7726 46.9529 -1.6921 0.1212
Car -1 -1 -0.5083 1517.7771 789.6632 1936.0000 971.1409 1.7321 1.9161 4.6586 9.0520 3.7289 17.1146 0.0220 0.1203
Car -1 -1 -2.8303 394.1822 792.2527 594.7968 874.2690 1.6091 1.8312 3.9994 -10.5932 5.5340 34.1293 -3.1281 0.1184
Car -1 -1 -1.2588 404.3120 778.0920 524.2170 851.6014 1.4999 1.8952 4.4792 -13.9012 6.0420 42.0982 -1.5730 0.1133
