Pedestrian -1 -1 -0.5954 1643.9614 741.7758 1936.0000 1216.0000 1.1689 0.7838 0.9339 2.4581 1.5212 4.0483 0.1568 0.1044
Cyclist -1 -1 -1.1231 380.6649 760.4777 455.2701 848.6739 1.7720 0.7896 2.0777 -12.4797 4.9898 34.4191 -1.4698 0.2593
Car -1 -1 -2.5591 0.0000 794.1995 294.1694 920.6803 1.6661 1.8582 4.2279 -13.0654 4.4632 23.6365 -3.0736 0.3232
Car -1 -1 -1.7120 1046.5092 788.7879 1135.9421 872.5294 1.6421 1.8553 4.2768 3.4141 6.2654 40.0112 -1.6115 0.2061
Car -1 -1 1.5830 765.5687 792.7150 852.5873 888.4054 1.5471 1.8334 4.0956 -3.3806 5.5665 33.7044 1.4924 0.1573
Car -1 -1 -1.3555 492.5541 789.2780 580.7933 857.9493 1.6244 1.8097 4.4545 -13.7099 7.2078 48.5232 -1.6234 0.1552
Car -1 -1 3.6213 0.0000 802.1834 141.6829 872.9147 1.5561 1.8302 3.7149 -23.8053 6.3177 39.1292 3.0755 0.1514
Car -1 -1 -1.5761 825.1393 778.4200 883.6359 849.8880 1.6622 1.7435 4.4797 -3.3382 6.7143 46.9199 -1.6359 0.1411
Car -1 -1 -1.1938 420.0049 777.7279 545.2817 850.7246 1.5002 1.8738 4.4187 -13.5206 6.0783 42.5241 -1.4965 0.1388
Car -1 -1 -0.5035 1525.8582 783.8123 1936.0000 965.6630 1.7428 1.8908 4.6180 9.1260 3.6699 17.1205 0.0303 0.1261
Car -1 -1 1.2519 1434.3873 810.0117 1549.4922 889.4993 1.5513 1.8107 4.4616 14.8193 7.0318 42.0079 1.6121 0.1177
Car -1 -1 2.9795 1089.8032 794.8233 1226.1732 855.8340 1.7881 1.9056 4.3166 6.5771 7.6179 50.3183 3.1253 0.1150
