Cyclist -1 -1 -0.9963 388.0906 763.1298 467.6525 853.0600 1.7407 0.6667 2.0368 -11.8520 4.9172 33.2969 -1.3374 0.2664
Cyclist -1 -1 2.2266 209.8447 760.1375 279.1593 830.9128 1.7514 0.7831 1.8398 -19.9869 5.6150 41.7402 1.7817 0.1804
Car -1 -1 1.8503 522.9511 784.2253 625.4211 853.0076 1.5118 1.8383 4.4103 -11.6933 6.5937 45.4632 1.6056 0.3655
Car -1 -1 -1.5907 818.6838 760.8188 879.7302 837.2258 1.7593 1.7346 4.4252 -3.3780 6.0396 44.8155 -1.6551 0.2070
Car -1 -1 -2.7070 167.8280 795.7452 446.6088 902.9443 1.6711 1.8491 4.2964 -11.8912 4.9095 27.3759 -3.1202 0.2027
Car -1 -1 0.6194 0.0000 828.0800 26.3551 931.9712 1.8883 1.9459 4.2911 -22.7414 6.3646 31.9709 -0.0010 0.1836
Car -1 -1 1.7094 715.3677 774.1432 841.3931 884.8935 1.5741 1.8311 3.9799 -3.4269 4.6391 28.6975 1.5978 0.1711
Car -1 -1 -0.1910 1101.3364 807.4886 1236.9705 866.4977 1.5785 1.8230 3.9725 6.5074 7.4479 47.0863 -0.0375 0.1703
Car -1 -1 0.5545 0.0000 799.7639 161.8695 873.0904 1.5630 1.8132 4.0021 -22.3991 6.0286 37.2570 0.0130 0.1678
Car -1 -1 -2.5348 0.0000 778.6987 149.7343 918.7661 1.7085 1.9011 4.2371 -14.1958 3.9984 21.3064 -3.1377 0.1450
