Cyclist -1 -1 -1.0297 405.8266 775.9013 487.9217 871.8549 1.8001 0.7123 2.0959 -11.1926 5.2044 32.6150 -1.3589 0.3594
Cyclist -1 -1 2.2364 0.0000 765.6422 76.3201 848.1800 1.7358 0.7926 1.6715 -21.8430 5.1408 35.3052 1.6798 0.1850
Cyclist -1 -1 -1.4561 592.4186 769.1580 625.1344 842.5934 2.0055 0.7546 1.7882 -10.6967 6.4771 45.4241 -1.6799 0.1152
Cyclist -1 -1 2.1923 39.9784 757.7632 117.6935 840.3743 1.7620 0.7539 1.6848 -20.9699 5.0000 35.5732 1.6573 0.1040
Car -1 -1 1.7363 669.3848 778.4470 816.7389 900.5465 1.4916 1.8093 3.9226 -3.5897 4.2887 25.2543 1.6003 0.6174
Car -1 -1 1.7804 595.9120 786.0934 687.7896 851.7720 1.5319 1.9678 4.4302 -10.1893 6.9479 48.0218 1.5799 0.2123
Car -1 -1 -2.7072 175.3117 798.9086 452.4854 912.7622 1.6326 1.7822 3.9066 -10.8499 4.6791 25.2447 -3.1181 0.1629
Car -1 -1 2.8138 1244.3551 821.2441 1449.0033 909.7493 1.5732 1.7784 3.8837 8.1926 5.9049 31.9963 3.0860 0.1513
Car -1 -1 -2.4797 0.0000 795.6602 136.8389 989.6163 1.5756 1.7439 3.9975 -10.5196 3.3421 14.5868 -3.1359 0.1192
Car -1 -1 2.0336 0.0000 758.3798 35.0235 857.9767 1.7210 1.8643 4.7084 -23.7359 5.0551 34.8942 1.4330 0.1117
