Pedestrian -1 -1 -0.0200 6.4774 775.0049 43.2019 851.7104 1.7536 0.6524 0.7466 -22.8788 5.4689 36.5358 -0.5810 0.1228
Cyclist -1 -1 -1.0546 414.2673 774.8032 492.0123 870.8031 1.8416 0.6973 2.0701 -11.2397 5.2733 33.1518 -1.3797 0.2889
Cyclist -1 -1 2.0247 85.3423 771.6605 153.2603 847.8173 1.6726 0.7649 1.8013 -20.9901 5.4255 37.3187 1.5116 0.2548
Car -1 -1 0.6195 0.0000 800.9435 177.4147 985.5334 1.6401 1.7789 4.0085 -10.8013 3.6165 15.8930 -0.0034 0.2821
Car -1 -1 -1.6489 1169.6622 791.3057 1250.4407 876.6542 1.5372 1.7399 4.0853 6.1523 5.9268 37.3273 -1.4678 0.2419
Car -1 -1 1.7097 683.1774 780.6495 818.3766 896.3030 1.4948 1.8222 3.8819 -3.6461 4.4602 26.5245 1.5789 0.1934
Car -1 -1 -1.6379 803.5210 770.5187 871.9805 850.3997 1.7285 1.7109 4.3530 -3.5922 6.1300 42.9268 -1.7108 0.1718
Car -1 -1 2.8647 1214.5243 820.0357 1411.2495 909.2393 1.6998 1.8372 3.9814 7.8723 6.2272 33.7236 3.1144 0.1554
Car -1 -1 -1.3611 569.9523 784.1258 659.8521 850.7840 1.5469 1.8768 4.2379 -10.8205 6.7771 46.9939 -1.5795 0.1259
Car -1 -1 1.9420 0.0000 780.6970 55.7942 875.7434 1.6451 1.8438 4.3288 -23.5012 5.6121 35.7675 1.3589 0.1016
