Pedestrian -1 -1 -0.5033 919.1442 781.3688 953.0425 847.7760 1.5989 0.6714 0.6320 -0.6508 5.6803 38.5605 -0.5079 0.1334
Cyclist -1 -1 -1.0825 452.6706 765.2163 541.6296 867.6676 1.7548 0.8172 2.0502 -9.1792 4.6400 29.6659 -1.3821 0.3973
Car -1 -1 -1.3245 483.5691 754.5969 726.3416 940.5352 1.5290 1.7890 3.7716 -3.8612 3.1544 16.8436 -1.5567 0.8234
Car -1 -1 1.9721 259.1493 785.9008 424.4373 884.5691 1.5052 1.7285 4.2437 -13.0978 5.1691 31.9007 1.5820 0.5378
Car -1 -1 -1.4867 766.9428 792.7510 836.3530 859.0336 1.5243 1.7726 3.9357 -4.9048 6.9522 46.3816 -1.5814 0.1745
Car -1 -1 1.9585 6.4124 781.6743 198.8884 894.7355 1.6246 1.8334 4.4536 -17.2338 5.0429 30.2773 1.4368 0.1413
Car -1 -1 -1.4446 742.3768 794.0809 814.0681 855.6575 1.5591 1.8977 4.3305 -6.3167 7.6917 52.0268 -1.5545 0.1220
Car -1 -1 -1.2617 454.8971 762.8288 546.9849 821.9990 1.5253 1.7647 4.1247 -15.4254 6.3579 50.3167 -1.5528 0.1200
Car -1 -1 1.4398 1213.3521 776.6144 1340.2523 900.3804 1.6270 1.7960 4.2310 5.6507 4.6111 27.2225 1.6661 0.1142
Car -1 -1 3.6780 0.0000 793.2473 155.4380 877.2213 1.8182 1.9801 4.3396 -22.8962 6.1508 37.4704 3.1295 0.1140
Car -1 -1 2.1155 37.9252 764.9304 291.5483 886.2662 1.5810 1.9788 4.6289 -14.3544 4.3597 27.3093 1.6250 0.1105
