Pedestrian -1 -1 -0.7418 172.2425 774.7979 218.3397 865.9430 1.8437 0.6953 0.5483 -16.3219 5.0762 31.8704 -1.2177 0.1257
Pedestrian -1 -1 -0.5883 134.6119 778.7674 180.9522 868.8958 1.7908 0.7021 0.5657 -16.9460 5.0789 31.5426 -1.0843 0.1184
Cyclist -1 -1 -0.8806 481.3498 757.0648 573.4592 858.0938 1.8318 0.7370 1.9767 -8.9484 4.6580 30.9243 -1.1607 0.3151
Cyclist -1 -1 -1.4639 750.8470 767.5841 780.0915 829.7093 1.8811 0.7660 1.8803 -6.6118 6.7963 50.5689 -1.5838 0.1257
Car -1 -1 -1.3503 525.6752 756.4014 736.1979 924.5560 1.5086 1.7193 3.7514 -3.8972 3.2779 18.2391 -1.5650 0.4398
Car -1 -1 1.9620 208.9220 782.2878 385.0615 885.7923 1.5304 1.7822 4.4850 -13.7523 5.0586 31.2601 1.5460 0.2704
Car -1 -1 -2.4707 0.0000 761.7183 84.1622 836.4698 1.4710 1.6891 3.8806 -22.4149 4.6850 34.1225 -3.0560 0.2093
Car -1 -1 0.6676 0.0000 791.2388 30.3834 878.9030 1.5730 1.7889 3.8773 -22.1445 5.1981 31.5974 0.0517 0.1900
Car -1 -1 1.7375 738.2598 785.7034 816.2713 846.5256 1.5477 1.9536 4.3667 -6.3558 7.3910 52.1059 1.6268 0.1504
Car -1 -1 -1.1037 117.5938 766.6693 267.9442 849.9855 1.6238 1.7780 4.0031 -19.4165 5.4145 37.9798 -1.5762 0.1335
