Pedestrian -1 -1 3.4096 497.5764 798.7021 581.8644 902.0713 1.3298 0.8499 0.9566 -5.9397 3.8337 21.1141 3.1311 0.1056
Cyclist -1 -1 -1.0748 549.2373 768.2897 634.6130 875.9089 1.7717 0.7362 1.9382 -6.9895 4.5935 28.3977 -1.3139 0.2298
Cyclist -1 -1 2.6378 1545.2880 786.3192 1660.6666 892.4182 1.7109 0.7341 1.6816 11.0715 4.5448 25.8295 3.0728 0.1205
Cyclist -1 -1 1.7038 354.2737 767.5793 403.7271 859.6106 1.7513 0.7489 2.0344 -12.7816 4.9905 32.8732 1.3330 0.1204
Car -1 -1 -1.1666 60.9040 724.0985 589.7054 1078.9872 1.5619 1.7942 3.8490 -3.7398 2.3270 9.5986 -1.5827 0.9926
Car -1 -1 1.9020 430.5045 767.7108 532.7382 831.9115 1.4492 1.7000 3.9083 -14.2158 5.8903 44.5280 1.5980 0.2088
Car -1 -1 2.0390 4.0070 783.2939 211.1231 901.1784 1.7274 1.7889 4.6036 -17.2811 5.2122 30.5563 1.5207 0.1891
Car -1 -1 -0.4826 1546.5796 796.0723 1874.3159 924.7415 1.8749 1.9697 4.5943 12.6543 4.9069 25.4804 0.0099 0.1819
Car -1 -1 1.7551 595.7018 785.5065 695.1074 867.7531 1.5602 1.7444 4.2491 -8.1357 5.9627 38.8548 1.5556 0.1326
Car -1 -1 2.0653 187.3322 771.6121 327.6493 847.0816 1.5861 1.7533 4.2406 -19.6816 5.9220 42.0274 1.6296 0.1120
