Pedestrian -1 -1 1.3781 566.6227 778.8561 677.9130 1027.4203 1.6363 0.6484 0.7509 -2.4814 2.8090 10.9131 1.1356 0.1194
Pedestrian -1 -1 0.3790 130.4092 744.7749 227.1290 889.8633 1.7033 0.6608 0.8879 -9.7037 3.2224 18.5687 -0.1211 0.1130
Cyclist -1 -1 -1.1779 583.6689 756.2101 666.9973 865.8575 1.7204 0.7698 1.9613 -6.0337 4.1794 26.9710 -1.3960 0.3089
Cyclist -1 -1 -0.0637 90.3893 746.0706 242.8731 904.7052 1.7707 0.7106 1.6178 -9.8511 3.3336 18.5523 -0.5703 0.1042
Car -1 -1 -0.6699 0.0000 652.8710 305.5181 1216.0000 1.5864 1.7769 3.8736 -3.6704 1.7042 4.3468 -1.5534 0.9431
Car -1 -1 2.2881 293.0388 771.9760 462.5660 855.8263 1.5625 1.7801 4.0093 -14.6317 5.4886 37.7314 1.9203 0.2590
Car -1 -1 -1.7160 0.0000 682.4245 165.1080 936.5323 1.4896 1.6633 3.4294 -7.5217 1.9970 11.3873 -2.3506 0.2458
Car -1 -1 -1.3720 663.5857 783.4976 766.8838 860.6822 1.4696 1.8480 4.4158 -6.4995 5.9458 39.9592 -1.5250 0.1644
Car -1 -1 0.2020 540.2459 798.6953 675.7714 857.2292 1.6039 1.8538 3.9041 -11.2213 7.2586 47.6887 -0.0208 0.1594
Car -1 -1 0.0941 672.0366 797.3990 814.1703 860.0374 1.7451 1.9427 4.3854 -7.0316 7.4665 48.5433 -0.0395 0.1176
