Cyclist -1 -1 -1.1643 545.5507 768.8048 624.4952 877.0862 1.7538 0.7323 1.8969 -6.9867 4.5307 27.8617 -1.4083 0.3860
Car -1 -1 -1.1125 0.0000 716.7584 554.4208 1111.4601 1.5477 1.7877 3.7840 -3.7485 2.1954 8.6464 -1.5783 0.9949
Car -1 -1 1.9013 516.6409 781.3154 654.3611 871.7997 1.5565 1.8228 4.5738 -9.0076 5.5950 36.2496 1.6630 0.3023
Car -1 -1 -0.5074 1578.4768 804.9274 1893.6962 913.1010 1.4685 1.8142 4.1686 12.4620 4.4959 24.2379 0.0010 0.2274
Car -1 -1 1.9278 285.5165 750.9221 420.9415 832.5851 1.5628 1.7517 4.2498 -15.1064 4.8949 37.3930 1.5447 0.2087
Car -1 -1 0.5662 0.0000 821.8627 40.1509 910.2128 1.6738 1.8823 4.2568 -23.6442 6.2838 33.9686 -0.0434 0.1990
Car -1 -1 1.9520 0.0000 804.2244 132.3295 888.8812 1.5840 1.8683 4.4460 -24.1798 6.6910 40.2469 1.4127 0.1485
Car -1 -1 1.0096 1704.1105 777.2201 1900.5077 872.2272 1.4369 1.7292 4.1274 17.5127 4.8451 31.3783 1.5481 0.1362
Car -1 -1 -1.2620 381.4344 790.4944 488.2479 863.5712 1.6369 1.7920 4.4972 -16.1275 6.9867 46.0446 -1.5929 0.1330
Car -1 -1 -1.5160 752.2813 776.5873 851.3184 869.9818 1.5214 1.9242 4.1103 -3.4765 5.1063 33.2505 -1.6114 0.1258
Car -1 -1 3.6598 0.0000 802.5183 98.0218 884.2722 1.6915 1.8412 4.2240 -23.7352 6.1526 36.5163 3.0829 0.1175
