Pedestrian -1 -1 -1.5510 548.6993 810.0746 580.9424 895.8668 1.7337 0.6603 0.7385 -8.6212 5.8167 32.5379 -1.8056 0.1220
Cyclist -1 -1 -0.9765 859.2792 776.0958 969.9393 903.4014 1.7124 0.7460 1.9911 -0.7136 4.2056 23.6208 -0.9962 0.3753
Cyclist -1 -1 -1.4666 981.0826 785.4846 1011.1650 849.1746 1.8431 0.7705 1.9398 1.1606 7.2577 49.4082 -1.4295 0.1015
Car -1 -1 -0.7643 155.2375 793.4189 384.7070 901.2523 1.4629 1.7119 4.0049 -13.4106 5.0064 29.2682 -1.1968 0.4033
Car -1 -1 1.7607 747.3414 797.4601 826.3428 861.6440 1.5075 1.7558 4.3806 -5.7204 7.4822 49.5205 1.6565 0.3603
Car -1 -1 -1.5580 974.7112 791.8798 1032.4492 854.9571 1.5789 1.8739 4.4272 1.5036 7.6015 51.6743 -1.5152 0.2769
Car -1 -1 1.3360 1254.5314 773.0705 1351.0560 842.4861 1.5795 1.9539 4.6600 10.5068 6.4022 46.3376 1.5772 0.2174
Car -1 -1 2.0252 640.8685 798.6704 760.1551 870.2169 1.4983 1.7885 4.2992 -7.7545 6.9830 44.8841 1.8634 0.1971
Car -1 -1 -0.8254 355.5224 784.3600 537.1748 875.0771 1.5887 1.7405 4.3080 -12.5297 5.7469 36.6740 -1.1513 0.1231
Car -1 -1 1.2432 1365.4006 819.4761 1463.7261 889.2486 1.5608 1.7804 4.2371 14.3218 8.0157 47.4778 1.5553 0.1037
