Pedestrian -1 -1 2.6970 326.2388 854.7563 382.4158 950.1755 1.6613 0.7308 0.7755 -11.8245 6.2216 29.1365 2.3122 0.1388
Cyclist -1 -1 -1.4705 963.5421 773.4112 1031.8544 903.3093 1.8032 0.8787 2.0959 0.6159 4.3325 24.3706 -1.4317 0.1983
Cyclist -1 -1 3.1911 0.0000 735.5310 232.2601 1038.3683 1.7233 0.7233 1.9588 -5.9604 2.5181 9.9251 2.5956 0.1198
Cyclist -1 -1 -1.5441 1047.6110 779.5223 1072.4706 841.1376 1.8741 0.7747 1.8465 3.3928 7.2734 51.2603 -1.4636 0.1026
Car -1 -1 2.0148 753.5587 802.2947 860.1246 868.0831 1.4827 1.7422 4.2171 -4.9258 7.4801 48.2784 1.9242 0.5870
Car -1 -1 -0.7717 151.1226 794.3090 386.0466 906.8443 1.4709 1.6979 3.9480 -12.9214 4.9039 28.1578 -1.2055 0.3745
Car -1 -1 1.8710 670.6254 796.7800 774.0943 870.2338 1.5181 1.7524 4.3308 -6.9314 6.8161 43.8215 1.7235 0.2211
Car -1 -1 2.0567 550.4260 793.9706 694.3014 877.6103 1.5192 1.7914 4.3949 -8.7597 6.2008 39.0512 1.8429 0.1458
Car -1 -1 -1.4025 0.0000 784.3825 116.3795 901.7664 1.4266 1.7046 3.5594 -15.6291 4.3561 25.4990 -1.9617 0.1146
Car -1 -1 1.5038 957.2397 809.4653 1048.4843 911.6320 1.5003 1.7061 4.1807 0.8188 5.6743 31.7073 1.5435 0.1121
Car -1 -1 -1.6005 1028.0095 787.9121 1082.4017 850.9858 1.6255 1.8132 4.3153 3.2371 7.5442 52.0988 -1.5240 0.1046
