Pedestrian -1 -1 1.6935 733.2245 807.8044 756.6018 869.5516 1.7880 0.6314 0.5645 -6.5489 7.3612 45.2811 1.5599 0.1165
Cyclist -1 -1 -1.2255 1048.4670 772.0235 1136.4023 897.8107 1.7226 0.7637 1.9403 2.1215 4.1812 23.9512 -1.1203 0.2421
Cyclist -1 -1 2.9542 0.0000 733.7406 316.6973 1083.3368 1.6937 0.8476 2.1958 -5.1517 2.4250 8.9791 2.3715 0.1830
Car -1 -1 2.0755 777.3771 802.7468 892.7999 869.3609 1.4576 1.7672 4.2494 -3.9310 7.3564 47.3006 2.0040 0.9265
Car -1 -1 2.3865 163.7632 794.2396 413.9596 912.7311 1.4858 1.7686 4.0512 -12.1372 4.8250 27.2785 1.9640 0.7941
Car -1 -1 -1.6313 746.1950 731.5560 930.8670 938.9714 1.9907 2.0985 4.7178 -1.7266 3.5511 19.3938 -1.7147 0.2890
Car -1 -1 -0.8376 375.6046 787.3618 567.8771 888.1624 1.6707 1.7833 4.3338 -11.2478 5.6924 34.6772 -1.1481 0.2116
Car -1 -1 2.0042 567.5890 794.4556 710.0989 880.6719 1.5223 1.8377 4.3774 -8.0910 6.0907 37.9516 1.8010 0.1737
Car -1 -1 1.5184 1066.4370 787.5124 1125.5042 850.1609 1.5986 1.8843 4.4425 4.6564 7.5206 52.1942 1.6223 0.1718
Car -1 -1 2.4962 1769.3252 822.0567 1936.0000 970.3206 1.7269 1.8877 4.2779 14.0003 4.6273 21.0161 3.1232 0.1476
Car -1 -1 2.5466 1699.1763 820.3940 1936.0000 956.9731 1.7475 1.8979 4.3240 13.9303 4.8694 22.9047 3.1290 0.1095
