Pedestrian -1 -1 3.0213 346.6216 818.3204 425.1611 920.4738 1.2482 0.8102 0.9352 -8.1001 4.0449 21.0437 2.6456 0.1143
Cyclist -1 -1 -1.6556 1588.5875 788.4434 1650.9683 926.1545 1.8598 0.8033 2.0407 10.4998 4.5931 23.8970 -1.2100 0.1924
Cyclist -1 -1 -3.3486 1580.7909 675.7186 1936.0000 1216.0000 1.6512 0.8217 1.6367 2.6129 1.8142 4.0074 -2.5627 0.1082
Car -1 -1 2.2369 486.8846 791.7691 735.9839 925.1359 1.4900 1.7766 4.1954 -5.6472 4.4979 24.6797 2.0133 0.5385
Car -1 -1 1.9325 931.3167 803.0594 1070.0515 899.6085 1.5094 1.7413 4.1381 0.9660 5.8166 33.9090 1.9749 0.4346
Car -1 -1 1.9605 1050.2700 812.9062 1183.3419 902.3731 1.5313 1.7524 4.3664 3.9900 6.5684 37.7335 2.0820 0.3850
Car -1 -1 1.2667 1674.3285 817.4558 1791.8766 897.0956 1.5779 1.9148 3.8885 21.5118 7.2347 41.8397 1.7649 0.2640
Car -1 -1 1.8702 1161.1765 813.6420 1268.1818 893.7435 1.5595 1.7279 4.2784 7.2083 7.1785 42.2254 2.0566 0.2076
Car -1 -1 1.2293 1561.7423 812.5491 1687.3606 899.1889 1.6103 1.7704 4.3954 17.6078 6.9041 39.9148 1.6678 0.1511
Car -1 -1 -3.5000 1610.6904 840.3154 1754.8212 897.7151 1.4358 1.7093 3.6659 22.3206 8.2672 46.3708 -3.0299 0.1399
Car -1 -1 -2.0232 1515.6287 801.7813 1720.3315 922.4567 1.5012 1.7868 4.2260 11.6947 4.9413 26.9589 -1.5847 0.1130
