Pedestrian -1 -1 -1.4913 1574.4530 624.8818 1828.3273 1216.0000 1.7813 0.6253 0.6189 2.4394 1.7813 4.9220 -0.8835 0.1901
Pedestrian -1 -1 0.2516 1027.8744 806.1351 1068.0643 866.7392 1.3513 0.8103 0.8057 2.1439 5.8880 36.9216 0.3243 0.1202
Pedestrian -1 -1 1.3863 133.1055 734.3511 180.8810 836.3708 1.7963 0.6619 0.7001 -14.9754 3.8694 27.8433 0.8853 0.1168
Cyclist -1 -1 -0.9811 1504.7540 792.9589 1624.6448 923.0015 1.8036 0.7800 1.9513 9.6105 4.5739 23.7983 -0.5667 0.1864
Car -1 -1 2.1485 419.8771 793.8025 659.2975 924.6484 1.4686 1.8287 4.2215 -6.9055 4.5487 24.9820 1.8785 0.6010
Car -1 -1 1.9905 875.5641 803.4200 1018.5172 895.5730 1.4664 1.7562 4.0754 -0.2580 5.8630 34.6113 1.9957 0.4944
Car -1 -1 2.0309 977.7438 807.6921 1116.4548 894.6532 1.5371 1.7586 4.3799 2.2804 6.5370 38.5723 2.1047 0.4646
Car -1 -1 1.9188 1096.4098 812.3936 1208.3257 890.7972 1.5541 1.7821 4.2578 5.5396 7.2240 42.9261 2.0635 0.2659
Car -1 -1 0.7010 0.0000 774.2803 262.7948 906.1904 1.4908 1.7333 3.7317 -11.9005 3.6727 20.6845 0.1635 0.2308
Car -1 -1 1.4874 229.9421 788.4976 374.9928 926.0799 1.4149 1.6236 3.6614 -9.8011 4.0525 22.1159 1.0610 0.2296
Car -1 -1 1.1454 1813.7152 841.1452 1936.0000 944.5511 1.4929 1.7941 4.3696 20.9488 6.6712 33.5107 1.7315 0.1472
Car -1 -1 -3.4951 1589.1139 831.7034 1802.8523 921.0189 1.8649 1.8382 4.5155 18.5582 7.2778 37.9480 -3.0163 0.1296
Car -1 -1 -0.9744 656.6304 805.7712 837.8318 913.8959 1.5658 1.7136 4.1200 -4.3956 5.6241 31.3282 -1.1059 0.1002
