Pedestrian -1 -1 3.0591 577.7884 859.1829 620.3701 957.0732 1.5071 0.7909 0.6530 -6.2494 5.6218 25.7871 2.8246 0.1428
Pedestrian -1 -1 1.4084 116.0897 730.8953 162.4169 829.0231 1.7726 0.6766 0.6239 -15.6393 3.8214 28.4511 0.8983 0.1365
Pedestrian -1 -1 -0.0048 986.9648 818.3927 1020.4104 877.3043 1.3342 0.8441 0.8217 1.0581 6.2011 37.1775 0.0375 0.1230
Cyclist -1 -1 -1.8227 1416.7224 787.3206 1498.0088 916.9936 1.7674 0.8032 2.0684 7.9741 4.5037 24.1254 -1.4756 0.2777
Car -1 -1 1.9490 1042.3846 815.5471 1153.9266 890.5598 1.4998 1.7739 4.1673 4.0466 7.3495 43.6283 2.0570 0.9330
Car -1 -1 1.9340 823.4093 799.7244 965.7231 895.6358 1.5293 1.8195 4.4266 -1.4733 5.8938 34.9444 1.9035 0.4919
Car -1 -1 2.0902 374.7228 795.5713 606.5163 928.4642 1.4976 1.7797 4.3411 -7.7510 4.6263 25.1024 1.7893 0.4006
Car -1 -1 2.0186 927.2775 804.5457 1058.3046 887.4654 1.5119 1.7341 4.2728 0.8977 6.5330 39.5034 2.0550 0.3764
Car -1 -1 0.9146 1801.4098 794.1140 1936.0000 983.9042 1.6795 1.8623 4.7128 13.4348 4.1930 19.8396 1.5519 0.1017
Car -1 -1 1.1992 1517.1458 815.0417 1642.4031 896.8090 1.4509 1.6569 4.1096 15.7662 6.5902 38.3323 1.6126 0.1013
