Pedestrian -1 -1 2.9536 1143.3068 783.5385 1243.1863 947.1205 1.3039 0.6757 0.7539 1.9933 2.7109 12.9222 3.1338 0.1624
Pedestrian -1 -1 0.0372 1016.2326 808.3752 1051.7604 867.1349 1.3248 0.8039 0.8355 1.7995 5.9083 36.9166 0.1003 0.1399
Pedestrian -1 -1 1.3198 149.9541 730.7234 197.5241 827.7451 1.7514 0.6586 0.6433 -14.9867 3.7978 28.4582 0.8280 0.1364
Cyclist -1 -1 -1.7732 1477.3463 790.1685 1546.8889 915.9810 1.7380 0.7421 1.8988 8.9228 4.5327 24.2873 -1.3920 0.2354
Car -1 -1 1.9007 1083.6134 816.4948 1191.1147 893.2359 1.5174 1.7581 4.2037 5.1394 7.3425 43.1930 2.0352 0.7474
Car -1 -1 2.0973 408.1309 795.0438 639.6979 925.2161 1.4631 1.8231 4.2504 -7.1870 4.5743 25.0613 1.8173 0.5201
Car -1 -1 1.9697 971.4351 805.8047 1101.5288 891.1700 1.5170 1.7660 4.3660 2.0225 6.5031 38.8702 2.0363 0.3656
Car -1 -1 3.2350 0.0000 773.4221 266.7810 910.7042 1.4549 1.7317 3.6551 -11.6586 3.6713 20.7626 2.7084 0.2995
Car -1 -1 1.2947 1569.9424 814.8034 1688.8844 903.5720 1.5523 1.7485 4.1909 16.8106 6.6362 37.8231 1.7366 0.2620
Car -1 -1 2.0182 863.1722 799.5540 1012.4882 895.3438 1.5501 1.7717 4.2576 -0.4703 5.8949 34.8993 2.0173 0.2402
