Pedestrian -1 -1 3.1293 354.6889 826.8652 416.8429 929.9901 1.2819 0.7687 0.8024 -8.1184 4.1980 21.0847 2.7539 0.1293
Pedestrian -1 -1 1.5289 250.1558 735.1819 286.8437 839.9898 1.8799 0.5965 0.6410 -13.0349 3.9858 28.1342 1.0894 0.1155
Pedestrian -1 -1 0.2101 1106.1929 805.0048 1147.5769 871.2353 1.4367 0.8703 0.8141 3.9852 5.8323 35.9518 0.3369 0.1150
Cyclist -1 -1 -1.4999 1639.4159 801.4838 1709.1305 935.2156 1.7937 0.8028 2.0267 11.4427 4.7507 23.9683 -1.0220 0.2025
Car -1 -1 1.9260 952.4769 803.3331 1090.3092 899.7927 1.5000 1.7246 4.1498 1.4311 5.8028 33.8143 1.9827 0.3962
Car -1 -1 2.2567 485.8679 791.0417 740.1225 926.4689 1.5025 1.7531 4.2409 -5.5769 4.4783 24.4960 2.0341 0.3835
Car -1 -1 1.8584 1069.8408 807.3000 1188.7920 897.4858 1.5603 1.7586 4.2993 4.2875 6.4279 37.5860 1.9884 0.2613
Car -1 -1 1.2085 1680.7662 815.8398 1805.2634 896.8969 1.6189 1.8830 3.8662 21.6375 7.1860 41.5554 1.7120 0.2395
Car -1 -1 1.4583 309.2806 797.3013 458.5549 935.1406 1.4044 1.6365 3.5958 -8.6074 4.1841 22.1398 1.0805 0.2021
Car -1 -1 -2.3073 1843.5298 776.0606 1936.0000 1156.1416 1.6349 1.7383 4.0858 8.0252 2.8655 10.1201 -1.5581 0.1697
Car -1 -1 1.8726 1164.2394 804.3016 1277.5619 885.8997 1.5888 1.8153 4.5344 7.3888 6.9446 42.2175 2.0634 0.1443
Car -1 -1 1.2931 1690.7451 803.3853 1825.6844 904.8022 1.7231 1.8259 4.3522 19.0449 6.2900 35.9351 1.8063 0.1333
Car -1 -1 -2.0340 1539.3369 792.9379 1759.5127 919.9888 1.5289 1.8038 4.3098 11.7471 4.6789 25.8722 -1.5772 0.1308
Car -1 -1 1.2130 1636.7128 815.9705 1747.0092 887.9066 1.6262 1.8581 4.3053 23.3594 8.0441 47.9848 1.6874 0.1029
