Pedestrian -1 -1 -0.0687 1186.6213 814.7789 1225.3562 880.4339 1.4010 0.9162 0.8575 5.7737 5.9499 35.3231 0.1114 0.1613
Pedestrian -1 -1 1.2455 1748.8673 674.8972 1936.0000 1199.5361 1.7794 0.6386 0.6253 3.3286 1.9786 5.5530 1.9239 0.1043
Cyclist -1 -1 -1.7178 1704.9926 801.8189 1770.6937 929.5707 1.7387 0.7182 2.1511 12.7621 4.7860 24.6243 -1.2067 0.2426
Car -1 -1 1.8969 1239.0909 816.1241 1354.1675 896.3073 1.5074 1.7718 4.1585 9.2391 7.0328 40.9807 2.1374 0.6519
Car -1 -1 2.2345 568.8104 793.1655 819.8333 931.4506 1.5235 1.7774 4.2120 -4.2156 4.5125 24.2886 2.0663 0.6043
Car -1 -1 1.8630 1020.0369 805.2766 1151.5306 904.3905 1.5169 1.7480 4.0630 2.8276 5.7818 33.1475 1.9640 0.5918
Car -1 -1 1.8808 1136.6051 808.2047 1262.7860 898.4066 1.5137 1.7590 4.3782 5.9596 6.3339 36.9778 2.0584 0.2776
Car -1 -1 1.9628 281.4180 758.9316 409.3545 832.1241 1.5018 1.7464 4.0649 -16.4619 5.2859 40.1826 1.5759 0.2248
Car -1 -1 0.8817 0.0000 758.5324 200.7085 877.4001 1.4664 1.7458 4.1599 -14.1729 3.6790 23.2745 0.3217 0.2047
Car -1 -1 -1.7150 1147.4194 788.8317 1233.2830 876.6503 1.8947 1.8795 4.7138 6.5984 6.9263 43.5213 -1.5477 0.1673
Car -1 -1 -3.6778 1774.6229 843.2872 1936.0000 959.9585 2.3013 2.0810 4.8453 22.0440 7.5850 35.0174 -3.0901 0.1488
Car -1 -1 1.2354 1634.1782 797.3421 1769.6713 886.6844 1.6159 1.8368 4.4477 18.9089 6.3122 38.3930 1.7176 0.1128
