Pedestrian -1 -1 1.0259 133.0657 799.0645 187.1419 866.9287 1.6809 0.8419 1.1371 -21.9862 6.5368 41.0421 0.5363 0.2336
Pedestrian -1 -1 2.8473 11.8770 800.0624 107.4903 958.7129 1.5369 0.5907 0.7269 -9.6367 3.4645 15.9888 2.2801 0.2198
Pedestrian -1 -1 2.9048 602.2639 895.4597 675.3796 1074.9963 1.6751 0.6062 0.6186 -3.3649 4.5695 15.5901 2.6889 0.1298
Cyclist -1 -1 -0.8831 1677.9702 795.8568 1923.9653 1018.6541 1.7701 0.7692 2.0526 7.6441 3.4056 13.6204 -0.3177 0.1537
Cyclist -1 -1 -1.9505 1860.2745 803.7360 1936.0000 1033.5452 1.7812 0.7331 2.0027 9.3411 3.6187 14.3041 -1.3178 0.1537
Cyclist -1 -1 1.7528 150.7357 803.6975 192.5744 871.7628 1.7092 0.8428 1.0906 -21.9517 6.7592 41.5918 1.2699 0.1509
Cyclist -1 -1 -3.3899 1441.3257 813.6694 1689.9624 1032.6429 1.7957 0.8324 2.0090 5.5537 3.6197 13.8629 -2.9639 0.1192
Car -1 -1 -0.5638 1103.7638 881.3170 1420.4387 1040.5339 1.5275 1.8728 3.9256 4.1716 5.3677 20.8547 -0.3427 0.7006
Car -1 -1 2.1862 1918.8502 824.4460 1936.0000 909.7777 1.4519 1.7290 4.0719 23.8728 6.1332 33.6396 2.8321 0.2326
Car -1 -1 -0.8566 1303.3495 812.7399 1810.0698 1044.5012 1.4124 1.7739 4.3458 5.4333 3.3362 13.6032 -0.4305 0.2283
Car -1 -1 -0.9695 1749.0457 857.6581 1936.0000 961.1263 1.4533 1.6863 4.0048 17.7433 6.2965 29.5611 -0.3997 0.2178
Car -1 -1 2.2248 1619.1823 858.5261 1870.3741 986.4264 1.6397 1.8147 4.0832 14.0341 6.0810 26.7917 2.7372 0.1925
Car -1 -1 1.5301 990.3885 779.6758 1048.4834 843.3446 1.5381 1.7442 3.9386 1.8178 6.6826 47.7273 1.5820 0.1091
