Pedestrian -1 -1 1.3216 106.7384 809.8458 150.8901 881.2592 1.7567 0.8117 1.1075 -22.8235 6.9113 40.9979 0.8161 0.2765
Pedestrian -1 -1 2.4811 0.0000 923.7681 66.8545 1107.5526 1.7157 0.6479 0.6864 -9.9901 4.9562 15.7853 1.8973 0.1390
Pedestrian -1 -1 2.7362 550.6561 895.2396 629.0171 1075.7367 1.7011 0.6435 0.5985 -3.9366 4.6440 15.8419 2.4877 0.1129
Cyclist -1 -1 2.5663 1359.4940 822.8253 1580.1680 1008.1310 1.7580 0.7924 2.1488 5.4665 3.9713 16.1100 2.9300 0.2337
Cyclist -1 -1 1.7226 118.6761 813.2621 158.6668 881.2175 1.6599 0.7872 1.2045 -22.6051 6.9266 41.1126 1.2225 0.1741
Cyclist -1 -1 -0.9135 1379.9720 758.9386 1623.4844 1003.4624 1.7400 0.7758 2.0158 4.4925 2.9259 12.3943 -0.5181 0.1650
Car -1 -1 2.2564 1564.2509 828.6457 1801.1443 944.3903 1.5568 1.8293 3.8450 13.1869 5.5010 27.3488 2.7352 0.4095
Car -1 -1 -0.5386 1047.4138 873.6184 1370.8561 1037.4373 1.5999 1.9149 4.0870 3.4742 5.3739 21.0859 -0.3534 0.2971
Car -1 -1 -0.8989 1848.9551 822.6304 1936.0000 907.8842 1.5304 1.7339 4.0689 22.9938 6.3154 34.7814 -0.2871 0.2515
Car -1 -1 1.8266 130.9579 790.0847 230.4751 857.1042 1.6060 1.8725 4.2836 -25.7286 7.3205 49.4398 1.3513 0.1620
Car -1 -1 0.1715 531.1749 807.4139 704.6813 884.0101 1.7827 1.8793 4.3447 -9.3030 6.8865 40.7819 -0.0451 0.1176
Car -1 -1 2.4701 1049.6570 792.7379 1591.2646 1040.8590 1.4153 1.7658 4.0840 2.9534 2.9774 12.3114 2.7425 0.1141
Car -1 -1 -0.8737 1300.6910 801.4221 1531.9369 917.4589 1.4747 1.8343 3.7689 7.9753 4.7712 26.1578 -0.5521 0.1126
