Pedestrian -1 -1 1.4632 57.2414 803.1222 95.7744 872.6605 1.7038 0.7907 1.1416 -24.1956 6.6598 40.8916 0.9308 0.2276
Pedestrian -1 -1 -0.9071 912.8603 928.2697 987.7780 1084.8444 1.7252 0.6766 0.6584 -0.1362 5.6259 18.7599 -0.9012 0.1312
Pedestrian -1 -1 -1.2791 390.9794 819.9600 448.5633 941.3456 1.7830 0.6761 0.7205 -8.5256 4.9062 23.5653 -1.6296 0.1263
Pedestrian -1 -1 1.7621 870.4603 933.6799 924.3555 1072.0676 1.6216 0.5932 0.5679 -0.8206 5.6770 19.3131 1.7309 0.1200
Pedestrian -1 -1 -0.7721 882.3511 887.1633 976.9471 1055.5544 1.6224 0.6562 0.8210 -0.3483 4.6176 16.5568 -0.7819 0.1129
Pedestrian -1 -1 2.7101 492.7668 903.4682 577.7596 1079.8427 1.6779 0.6763 0.6604 -4.6128 4.7814 16.1888 2.4261 0.1103
Cyclist -1 -1 1.4861 69.1143 803.7597 106.0189 873.6176 1.6937 0.7655 1.3053 -23.8841 6.6726 40.8742 0.9592 0.1633
Cyclist -1 -1 0.0260 381.4914 711.7094 721.9022 1043.6190 1.7410 0.7655 1.8485 -2.3814 2.2871 8.7879 -0.2752 0.1206
Car -1 -1 -1.0794 1664.1826 812.2354 1850.7994 912.4583 1.5017 1.7454 3.7370 16.3184 5.5545 30.6195 -0.5610 0.5522
Car -1 -1 2.0021 1807.1760 806.9424 1936.0000 894.0607 1.4355 1.6767 4.0740 21.1361 5.7771 33.8814 2.5881 0.3625
Car -1 -1 2.4107 1025.4324 843.7770 1305.2130 997.9508 1.5249 1.7622 3.7495 2.9649 4.9347 21.5393 2.5678 0.2896
Car -1 -1 2.3729 1515.9906 835.2536 1751.6182 945.6348 1.5457 1.8015 3.7881 12.5313 5.6755 27.9110 2.8231 0.2811
Car -1 -1 2.1802 355.2831 767.6877 940.5740 1139.5955 1.5033 1.7764 4.0906 -1.7962 2.6697 9.9868 1.9856 0.1707
Car -1 -1 1.5729 907.9796 779.4308 965.9385 843.3855 1.5627 1.7974 4.0692 -0.7558 6.7756 48.4118 1.5699 0.1199
Car -1 -1 -3.5118 1749.7255 818.6604 1936.0000 891.5669 1.6104 1.7774 4.0363 24.0404 7.0712 40.9007 -2.9560 0.1173
Car -1 -1 3.4984 262.8932 797.8152 420.1310 856.5551 1.5897 1.8141 4.2098 -19.4885 7.1535 47.1484 3.1118 0.1146
