Pedestrian -1 -1 1.4370 92.4964 804.9703 132.8243 876.7568 1.7651 0.8189 1.1399 -23.2645 6.7857 40.9930 0.9230 0.2164
Pedestrian -1 -1 -1.1472 407.4072 836.6871 466.1744 954.5601 1.7117 0.6639 0.6303 -8.1612 5.0579 23.2862 -1.4871 0.1741
Cyclist -1 -1 2.6585 1270.4713 871.3239 1469.5928 1044.1844 1.6664 0.7736 1.9930 4.5212 4.4929 16.5889 2.9560 0.2239
Cyclist -1 -1 1.5786 109.3970 817.0966 143.4007 886.6011 1.6591 0.7998 1.4313 -22.9075 7.0402 41.0498 1.0723 0.1703
Cyclist -1 -1 0.1696 483.5281 737.7241 822.1830 1054.2886 1.7100 0.7027 1.8606 -1.7624 2.4017 8.7662 -0.0546 0.1364
Car -1 -1 -1.2522 1715.1503 818.3364 1882.6455 921.3674 1.4540 1.7252 3.9193 17.0041 5.6229 30.2959 -0.7115 0.5444
Car -1 -1 2.4219 1037.3131 857.5433 1334.9960 1024.4701 1.6224 1.8208 3.9690 3.2429 5.2326 21.3951 2.5933 0.3160
Car -1 -1 3.4580 292.6420 803.2368 448.7394 866.4756 1.7288 1.8436 4.2702 -18.7993 7.5451 47.7399 3.0890 0.3130
Car -1 -1 -1.0982 1850.9131 824.6793 1936.0000 911.3747 1.4573 1.6446 3.8541 22.3870 6.2593 34.3103 -0.4923 0.3061
Car -1 -1 -0.7220 981.3581 760.2567 1519.7524 1010.5637 1.4150 1.7346 4.0910 2.3713 2.6641 12.0648 -0.4948 0.2585
Car -1 -1 2.2233 1549.7318 838.5684 1787.7615 959.8935 1.6052 1.8797 3.9626 13.0079 5.7772 27.4946 2.6941 0.2340
Car -1 -1 2.3944 1795.2887 841.8896 1936.0000 918.8127 1.6528 1.7977 4.2027 25.0227 7.6869 40.3485 2.9738 0.1590
