Pedestrian -1 -1 1.1177 162.0562 793.5421 212.8869 863.0526 1.7244 0.8268 1.1343 -21.2273 6.4264 41.0241 0.6424 0.1467
Pedestrian -1 -1 2.1226 172.8159 796.9894 208.7818 861.7908 1.7831 0.7054 0.6178 -22.2889 6.8009 43.2688 1.6501 0.1076
Cyclist -1 -1 3.4808 0.0000 790.4293 172.6149 949.8909 1.5280 0.7521 1.6354 -9.4443 3.3599 16.0050 2.9228 0.3420
Cyclist -1 -1 0.4690 0.0000 788.7318 3.8251 972.8624 1.6612 0.7524 1.8459 -10.7811 3.3626 14.9909 -0.1846 0.1433
Cyclist -1 -1 1.7747 172.6240 789.9964 217.7320 860.2939 1.7402 0.8413 1.4277 -21.2855 6.4183 41.5743 1.3039 0.1239
Car -1 -1 -0.5902 1139.0627 877.0269 1462.6084 1039.0908 1.5325 1.8722 3.9304 4.6269 5.2458 20.4824 -0.3428 0.6857
Car -1 -1 -1.0914 1842.6345 822.8477 1936.0000 913.2047 1.3616 1.6306 4.0283 20.5738 5.7442 31.4521 -0.4825 0.2404
Car -1 -1 -2.5370 40.9915 799.5447 214.6422 862.8868 1.4574 1.7596 3.8856 -23.0104 6.4121 41.3587 -3.0428 0.1656
Car -1 -1 -0.7984 1466.0492 802.2356 1936.0000 1019.7905 1.4628 1.7454 4.1440 6.9672 3.2613 13.7582 -0.2779 0.1506
Car -1 -1 -1.6167 688.9829 752.3519 803.7438 876.7047 1.7100 1.9319 4.6226 -4.1093 4.3083 28.0365 -1.7567 0.1064
