Pedestrian -1 -1 -0.4819 643.2325 814.9617 741.3980 955.4868 1.5305 0.5879 1.0279 -3.2913 3.9279 18.3158 -0.6602 0.2672
Pedestrian -1 -1 1.8965 266.5975 791.6806 301.5814 854.5369 1.6944 0.7245 0.6947 -19.3363 6.5003 42.7116 1.4748 0.2572
Pedestrian -1 -1 -0.5148 413.6884 846.9952 459.3496 936.6075 1.6334 0.6267 0.6362 -10.4961 6.1422 29.9137 -0.8502 0.1843
Pedestrian -1 -1 -0.5519 712.9880 927.7621 796.2220 1121.3274 1.6751 0.6139 0.5724 -2.0290 4.7311 14.6709 -0.6875 0.1126
Cyclist -1 -1 -0.3280 644.0103 811.0432 763.5438 950.0245 1.5014 0.6049 1.3160 -3.1473 3.8503 18.2900 -0.4985 0.1752
Cyclist -1 -1 -0.1179 474.2412 819.1602 656.4321 985.2394 1.6578 0.7115 1.9588 -4.5654 3.9893 17.2522 -0.3830 0.1380
Car -1 -1 -0.5522 1272.0624 892.4216 1607.0677 1051.3889 1.4718 1.7777 3.7494 6.1466 5.1661 19.3827 -0.2149 0.5281
Car -1 -1 2.3040 1932.4626 819.7217 1936.0000 914.2922 1.4411 1.7190 4.3526 21.4350 5.3770 28.9989 2.9727 0.1741
Car -1 -1 -0.3751 816.3768 843.7021 1165.9137 1019.9926 1.5036 1.7675 3.7970 0.3344 4.3341 17.8752 -0.3428 0.1562
Car -1 -1 -2.6891 179.5470 788.7932 348.9791 845.5025 1.3286 1.7204 3.8597 -19.1201 5.9339 41.1230 -3.1221 0.1265
