Pedestrian -1 -1 0.3624 456.2393 788.6569 481.5887 847.7870 1.8601 0.7097 0.5792 -16.2804 7.3164 49.4581 0.0513 0.1479
Pedestrian -1 -1 -0.5685 772.6083 773.2453 887.0803 928.4235 1.7092 0.6397 1.2476 -1.6048 3.5887 18.3136 -0.6508 0.1460
Pedestrian -1 -1 2.2359 1597.2734 915.5270 1674.3092 1066.9746 1.6572 0.6097 0.6123 8.2653 5.2992 18.3332 2.6959 0.1123
Cyclist -1 -1 -0.1413 738.1307 772.4802 863.7385 927.9178 1.7360 0.7054 1.4364 -1.9582 3.5829 18.1986 -0.2449 0.2491
Cyclist -1 -1 -0.5118 1008.0306 723.8784 1458.5358 1156.3408 1.8101 0.7360 2.0150 1.2974 2.3282 7.1892 -0.2866 0.1475
Cyclist -1 -1 3.2952 7.5578 676.1477 612.8873 1216.0000 1.7832 0.8277 1.9551 -2.3610 2.0014 5.6459 2.7981 0.1420
Cyclist -1 -1 0.7089 312.0426 813.8064 403.5857 893.2814 1.6242 0.7335 1.9421 -13.8630 6.0476 34.3574 0.3273 0.1142
Car -1 -1 2.5062 1305.4839 837.7290 1643.8469 1003.0555 1.5278 1.8569 3.5954 6.3924 4.3934 18.7546 2.8675 0.3109
Car -1 -1 -0.3370 523.9562 745.7791 1508.1218 1182.8591 1.4510 1.7921 4.4669 0.2006 2.1639 7.3098 -0.2968 0.1563
Car -1 -1 3.4024 435.1065 804.4811 596.5034 869.4387 1.5476 1.8099 3.9884 -12.4054 6.6831 41.8174 3.1201 0.1341
Car -1 -1 -0.6783 0.0000 726.2441 140.6624 1020.7826 1.5404 1.7768 4.1046 -8.6063 2.4691 11.5159 -1.3691 0.1248
Car -1 -1 -1.5507 839.1784 759.9443 950.8888 878.2148 1.5571 1.8273 4.1588 -1.1076 4.1436 26.5516 -1.5824 0.1156
Car -1 -1 -0.6584 1925.4989 812.7490 1936.0000 917.2726 1.6704 1.8148 4.2622 20.8970 5.3286 28.1889 0.0124 0.1090
Car -1 -1 2.1064 0.0000 822.6485 141.8866 904.9877 1.5993 1.8618 3.9408 -24.1916 7.2133 40.4841 1.5703 0.1032
