Pedestrian -1 -1 -0.8174 804.0165 816.3143 891.0567 969.8681 1.6840 0.6195 0.8885 -1.3865 4.0939 18.2871 -0.8863 0.1930
Pedestrian -1 -1 2.0497 1651.4033 923.2470 1726.7227 1078.4188 1.6814 0.6004 0.6164 8.8793 5.4063 18.2490 2.5400 0.1215
Cyclist -1 -1 -0.3491 791.4478 813.2078 903.1700 973.1263 1.7530 0.6760 1.2022 -1.3931 4.1206 18.2488 -0.4185 0.1638
Cyclist -1 -1 -0.4687 1156.3345 749.4814 1560.6266 1110.4244 1.7346 0.8001 1.9646 2.1228 2.4564 8.1149 -0.1573 0.1623
Cyclist -1 -1 0.0544 130.2961 685.8259 698.4540 1216.0000 1.7972 0.8287 1.8481 -1.9819 2.0534 5.5621 -0.3798 0.1388
Cyclist -1 -1 2.9368 667.1736 704.8315 1153.3353 1171.1110 1.7707 0.8409 1.9969 -0.2502 2.1558 6.5542 2.8946 0.1137
Car -1 -1 2.5560 1326.4583 856.1833 1679.5850 1025.8209 1.5512 1.8801 3.6701 6.6423 4.6150 18.5122 2.9341 0.4052
Car -1 -1 -0.2825 248.8166 719.0742 1309.0676 1210.7599 1.4609 1.7757 4.4101 -0.7737 1.9969 6.8039 -0.4181 0.2050
Car -1 -1 2.5099 0.0000 724.3833 118.7884 1047.1479 1.6574 1.8425 4.3410 -8.9035 2.5726 11.4339 1.7991 0.1919
Car -1 -1 -0.0417 904.0982 803.3781 1245.8799 962.8851 1.4799 1.7418 3.6739 1.2582 3.6218 16.9858 0.0496 0.1838
Car -1 -1 0.4397 244.5149 783.8986 431.3852 844.5915 1.3965 1.8443 4.3355 -16.9605 5.8451 40.8138 0.0486 0.1591
Car -1 -1 0.1980 557.6158 806.5534 702.5350 863.9151 1.5586 1.7610 4.1976 -10.4205 7.4077 47.2496 -0.0104 0.1417
Car -1 -1 -1.5669 844.9631 760.5793 956.4377 884.7317 1.6252 1.8233 4.4198 -1.0459 4.2490 26.6871 -1.5958 0.1063
