Pedestrian -1 -1 0.6172 447.2924 791.5802 474.4741 852.7908 1.9189 0.6743 0.5657 -16.5601 7.4812 49.4981 0.3013 0.1908
Pedestrian -1 -1 1.9952 1586.5212 931.1306 1659.5863 1076.3188 1.5784 0.6015 0.6533 8.2103 5.4680 18.5545 2.4474 0.1550
Pedestrian -1 -1 -2.3480 52.8386 794.5499 100.2434 866.1771 1.8289 0.7848 0.7953 -24.2209 6.5289 40.9483 -2.8805 0.1251
Pedestrian -1 -1 -3.3124 1644.5869 888.1020 1709.1674 1049.8076 1.6785 0.6906 0.5886 8.2730 4.7986 17.3079 -2.8270 0.1147
Pedestrian -1 -1 2.2496 1648.7844 902.0956 1732.8202 1055.2292 1.6677 0.6730 0.6337 8.9168 5.1382 18.2893 2.7411 0.1063
Pedestrian -1 -1 1.6868 370.9334 798.2404 400.5568 864.6521 1.6913 0.6644 0.8376 -15.8190 6.5138 41.1172 1.3237 0.1044
Cyclist -1 -1 -0.2320 732.5238 774.3325 874.5707 931.8366 1.7364 0.7060 1.6022 -1.9243 3.6158 18.2126 -0.3334 0.3608
Cyclist -1 -1 0.2024 0.0000 662.6446 588.0657 1209.3916 1.7720 0.8016 1.9034 -2.4045 1.9304 5.6089 -0.3071 0.1555
Cyclist -1 -1 -3.2061 823.5880 694.5042 1264.3475 1084.4771 1.7357 0.7974 2.0056 0.3780 2.0900 7.2057 -3.1353 0.1019
Car -1 -1 2.5769 1325.9285 851.0748 1665.4523 1016.1102 1.5647 1.8225 3.5928 6.6568 4.5956 18.8035 2.9503 0.4348
Car -1 -1 2.1695 0.0000 830.7216 135.4985 913.3781 1.5748 1.8850 3.9374 -24.5131 7.4368 40.5716 1.6288 0.2437
Car -1 -1 -0.3270 165.9223 708.2234 1212.9025 1216.0000 1.5146 1.9035 4.4285 -1.1689 2.0116 6.9854 -0.5259 0.2306
Car -1 -1 0.4855 198.3991 786.6720 360.7723 845.8281 1.6391 1.8879 4.4170 -22.0355 6.9959 48.4365 0.0634 0.1168
