Pedestrian -1 -1 0.9995 360.9414 776.7910 409.0112 846.7960 1.7163 0.7608 1.0344 -15.3904 5.8350 39.9374 0.6347 0.1542
Pedestrian -1 -1 -1.3659 580.2531 830.6653 635.3771 960.3243 1.6777 0.6292 0.6192 -4.8816 4.5668 20.6786 -1.5985 0.1194
Cyclist -1 -1 0.0865 134.1689 685.6629 699.2787 1216.0000 1.7999 0.8186 1.7838 -1.9115 2.0477 5.4084 -0.3483 0.1327
Cyclist -1 -1 -3.6221 1427.0236 736.4927 1831.6560 1089.0569 1.7708 0.7972 1.8571 3.5990 2.4118 8.1805 -3.1294 0.1288
Car -1 -1 -0.7168 1045.3326 761.2602 1868.7944 1126.2711 1.4645 1.7673 4.4040 2.8672 2.4035 8.7335 -0.3384 0.2376
Car -1 -1 2.4849 0.0000 732.4264 149.2743 1066.9513 1.6267 1.8309 4.2830 -8.3685 2.5842 11.0294 1.7846 0.1912
Car -1 -1 -0.1216 0.0000 722.9371 1154.6345 1216.0000 1.4447 1.8475 4.3337 -1.5145 1.9826 6.5062 -0.4022 0.1750
Car -1 -1 -2.9326 887.4063 810.5901 1259.6112 991.5516 1.5125 1.8056 3.8869 1.3034 3.7905 16.9027 -2.8379 0.1231
Car -1 -1 0.3783 271.9607 779.4986 458.3773 839.5237 1.4049 1.7860 4.3410 -16.1028 5.6886 40.5364 0.0030 0.1114
Car -1 -1 2.2032 1878.0295 809.0256 1936.0000 941.0783 1.5516 1.7891 4.6911 16.8783 4.5947 23.2238 2.8696 0.1083
