Pedestrian -1 -1 1.4537 340.0747 753.6815 373.1343 825.1372 1.8635 0.7639 0.7912 -16.7582 5.4780 41.4420 1.0720 0.1565
Pedestrian -1 -1 -1.9725 637.4143 763.3074 704.2040 891.5239 1.7683 0.7211 0.8057 -4.3375 3.8834 22.3167 -2.1636 0.1535
Pedestrian -1 -1 1.5920 342.9449 759.7941 367.0512 819.2205 1.7804 0.6918 0.9290 -19.4088 6.1501 47.8860 1.2113 0.1038
Cyclist -1 -1 -0.6652 978.7100 785.3516 1195.6311 952.6299 1.7670 0.7850 2.8429 1.6284 3.9199 18.9762 -0.5618 0.3554
Cyclist -1 -1 -0.1054 711.7432 697.9843 1147.7914 1165.7686 1.7479 0.7542 1.7169 -0.1566 2.0760 6.2271 -0.1324 0.1481
Cyclist -1 -1 -0.6873 1546.8182 745.0242 1936.0000 1091.9287 1.7096 0.7236 1.8060 4.2349 2.4033 8.1655 -0.1232 0.1206
Car -1 -1 -0.7093 1351.1390 856.8613 1731.4213 1033.4315 1.4765 1.8886 3.9299 6.9095 4.4870 17.9167 -0.3056 0.5547
Car -1 -1 -0.7840 1186.4983 759.0569 1936.0000 1128.9445 1.4487 1.8426 4.3758 3.6765 2.3475 8.4920 -0.3003 0.1844
Car -1 -1 0.4797 281.5583 775.3286 473.1912 837.4893 1.4067 1.8154 4.5171 -15.8005 5.6042 40.5748 0.1112 0.1509
Car -1 -1 2.0548 255.9253 776.4507 383.1442 843.2290 1.5241 1.7508 4.5321 -20.0966 6.5285 47.0485 1.6555 0.1138
Car -1 -1 2.1922 1881.7052 800.1526 1936.0000 931.0215 1.5540 1.7577 4.6030 16.8743 4.4501 23.2259 2.8586 0.1038
