Pedestrian -1 -1 -1.3293 1443.9390 799.2645 1520.8235 961.8361 1.6525 0.6790 0.5412 5.7543 3.6263 16.5118 -0.9571 0.1985
Pedestrian -1 -1 1.9295 167.0996 721.2543 232.2721 842.7593 1.6381 0.6318 0.6688 -10.7490 3.0231 21.1229 1.4436 0.1949
Pedestrian -1 -1 0.0767 1388.0013 791.4189 1478.0509 946.4485 1.4756 0.7832 0.8293 5.0187 3.3038 15.8915 0.4189 0.1598
Pedestrian -1 -1 2.1204 221.8748 746.0214 278.6814 853.7343 1.7899 0.6700 0.6129 -12.3319 3.9190 25.9490 1.6693 0.1476
Cyclist -1 -1 -1.2422 1220.0372 756.5909 1320.7949 906.4571 1.7325 0.7398 1.7863 4.1362 3.5704 19.9171 -1.0122 0.3428
Cyclist -1 -1 1.6499 35.2555 735.2752 80.8678 821.1324 1.7865 0.7716 1.7563 -20.8452 4.4064 34.5381 1.1029 0.1388
Car -1 -1 2.3331 1150.4753 755.4301 1528.8639 940.5761 1.4999 1.7914 3.8476 4.1526 3.0760 16.3142 2.6140 0.6000
Car -1 -1 -1.8112 1807.0363 782.7559 1936.0000 934.1515 1.6039 1.7794 3.9329 14.0818 4.2049 22.4870 -1.2138 0.2654
Car -1 -1 -1.0769 1880.2894 820.4767 1936.0000 927.1398 1.3559 1.6876 3.7704 18.2086 5.0002 26.3033 -0.4372 0.2269
Car -1 -1 1.8195 539.6492 766.8994 634.1079 832.5174 1.5187 1.8123 4.0905 -11.3426 6.0403 45.5632 1.5823 0.1827
