Cyclist -1 -1 -0.9157 1081.9230 848.0359 1179.5275 979.6740 1.6115 0.5645 1.5328 2.4540 4.9389 21.5595 -0.7834 0.2641
Cyclist -1 -1 2.4100 1562.5160 812.6902 1684.9325 936.5684 1.7746 0.7954 1.6694 10.5828 4.8537 23.9042 2.8582 0.1764
Cyclist -1 -1 2.3424 1633.9508 808.6302 1746.9948 920.2565 1.7033 0.7465 1.6838 12.4110 4.9070 25.4603 2.8274 0.1485
Cyclist -1 -1 -1.0998 1022.1334 805.0146 1120.0514 944.6146 1.7089 0.6539 1.7789 1.6071 4.4253 21.6260 -1.0091 0.1311
Car -1 -1 1.1908 1586.8821 815.6498 1749.9110 914.8369 1.4482 1.7993 4.5069 15.5180 5.9646 33.0860 1.6555 0.4246
Car -1 -1 2.1828 608.4637 801.0835 1029.8369 1062.9828 1.5339 1.7883 4.2906 -1.1495 3.4729 14.1569 2.1053 0.3345
Car -1 -1 1.6928 1431.0789 812.5771 1571.6007 940.1407 1.4823 1.7053 4.1920 9.5445 5.0579 26.2426 2.0691 0.2661
Car -1 -1 -1.6165 1030.6460 791.8838 1168.8207 954.2502 1.5545 1.7128 4.0232 1.8432 4.0866 20.6157 -1.5097 0.2303
Car -1 -1 2.1134 0.0000 751.8842 147.9572 849.9717 1.5013 1.7566 4.1785 -18.5422 4.2629 30.4228 1.5598 0.1589
Car -1 -1 1.3493 1201.6263 777.5718 1281.0740 840.4600 1.6244 1.8425 4.2656 9.5374 7.0737 51.2245 1.5503 0.1248
Car -1 -1 1.0186 1575.6926 812.8596 1837.9617 959.6448 1.5037 1.7476 4.1551 11.2383 4.6491 22.8976 1.5086 0.1198
