Pedestrian -1 -1 2.0292 96.5693 712.6985 173.6403 841.7589 1.6764 0.6352 0.8133 -11.2760 2.9010 20.4309 1.5073 0.3163
Pedestrian -1 -1 1.6096 1423.2653 799.4307 1496.3838 969.1664 1.7211 0.7194 0.5958 5.4803 3.6868 16.4289 1.9677 0.2752
Pedestrian -1 -1 1.9101 103.1515 743.9458 154.5801 846.1042 1.7463 0.6232 0.6684 -14.9343 3.9137 26.8423 1.3939 0.2123
Pedestrian -1 -1 -0.1767 1352.1832 794.7516 1452.1193 949.9037 1.4919 0.8155 0.9108 4.6647 3.3484 15.8757 0.1439 0.1815
Cyclist -1 -1 -1.1137 1165.7614 751.0112 1278.7686 900.1111 1.7344 0.7108 1.8473 3.5015 3.4970 19.9513 -0.9167 0.2195
Cyclist -1 -1 -1.6145 1282.4393 764.2096 1338.0869 910.0603 1.7105 0.7055 1.8678 4.7449 3.7039 20.4114 -1.3599 0.1740
Car -1 -1 2.3573 1129.6284 773.8029 1517.6937 966.2324 1.5081 1.8340 3.8728 3.9412 3.2936 16.1813 2.6271 0.8395
Car -1 -1 -1.0532 1879.4639 810.7936 1936.0000 926.2007 1.4580 1.7593 4.2653 18.1642 4.8780 25.8617 -0.4061 0.2663
Car -1 -1 2.0068 1714.4821 795.5419 1936.0000 934.0760 1.5101 1.7414 4.1543 13.4619 4.3094 22.6881 2.5793 0.2313
Car -1 -1 1.9619 384.6352 805.0382 497.0749 875.3270 1.5117 1.7482 4.0720 -15.5687 7.1780 44.9515 1.6346 0.1482
