Pedestrian -1 -1 3.1925 0.0000 819.3962 168.5393 1089.0735 1.3205 1.1335 1.2842 -5.7142 2.6403 9.3272 2.5840 0.1556
Cyclist -1 -1 1.8086 1323.5380 812.1352 1402.3845 946.3230 1.6754 0.6795 1.8378 6.0143 4.5920 22.3298 2.0981 0.3235
Cyclist -1 -1 -0.9999 923.4182 800.3127 1028.8383 933.2769 1.6666 0.6586 1.8383 0.2407 4.3800 22.1865 -0.9761 0.3187
Car -1 -1 1.7855 1321.2452 814.5262 1458.2930 924.3972 1.5094 1.7454 4.2406 8.8519 5.6866 30.6682 2.0894 0.7213
Car -1 -1 2.1879 340.5746 784.9630 832.1709 1078.0376 1.4921 1.7945 4.3455 -2.8643 3.0851 12.5320 1.9494 0.7100
Car -1 -1 1.8079 1200.7230 815.1658 1363.6841 946.3148 1.5197 1.7580 4.2451 5.7171 5.1524 26.2626 2.0444 0.6623
Car -1 -1 -2.0995 1714.7662 809.3192 1891.3260 903.1206 1.5648 1.8060 4.3011 19.9051 6.2198 35.5890 -1.5631 0.2932
Car -1 -1 -1.4232 798.8021 785.9499 980.8050 964.6638 1.6515 1.7672 4.0789 -0.8282 4.0109 19.7813 -1.4558 0.2603
Car -1 -1 1.8510 1069.0492 810.0471 1265.1798 961.7810 1.4860 1.7365 4.2074 3.1927 4.5489 22.4662 2.0123 0.2368
Car -1 -1 1.6015 0.0000 772.7007 208.6464 1132.9583 1.4607 1.6352 3.6273 -5.9965 2.6076 9.6396 0.9880 0.2031
Car -1 -1 1.0781 1701.0581 798.2643 1887.4388 899.2946 1.5677 1.8508 4.2530 18.1280 5.6194 32.7876 1.6111 0.1905
