Cyclist -1 -1 -1.5735 1722.0669 824.0514 1753.4529 885.4771 1.6433 0.8489 1.7888 24.6203 8.0880 47.4054 -1.0727 0.3167
Cyclist -1 -1 1.9587 979.1353 793.6813 1094.1365 956.9180 1.6909 0.7365 1.9124 0.9653 3.9079 18.6223 2.0260 0.3105
Cyclist -1 -1 -1.1889 731.5122 802.7939 817.9162 935.6445 1.6262 0.6149 1.7971 -2.6957 4.3311 21.7910 -1.3068 0.2836
Cyclist -1 -1 1.4884 1660.6808 791.6451 1692.6324 853.4308 1.7721 0.8365 2.5508 24.6019 7.6592 51.4588 1.9554 0.1697
Car -1 -1 1.8860 1084.3755 814.6846 1236.5698 925.5356 1.4829 1.7337 4.2639 4.0934 5.6006 30.1529 2.0390 0.9392
Car -1 -1 -0.8114 0.0000 755.2113 552.1502 1103.1708 1.5278 1.8002 4.1432 -4.7940 2.6370 10.4873 -1.2827 0.8715
Car -1 -1 1.8479 803.6290 789.8956 1011.2445 957.2322 1.5985 1.7814 4.1288 -0.6293 4.1490 20.8931 1.8280 0.6306
Car -1 -1 1.9243 961.6583 810.3350 1151.4130 945.2468 1.4931 1.7603 4.2359 1.6997 4.8948 25.1416 2.0076 0.6263
Car -1 -1 -1.9510 1458.7051 795.9762 1587.7655 880.5562 1.6432 1.8172 4.3507 14.9492 6.4717 40.0319 -1.5715 0.2115
Car -1 -1 0.9890 1899.9807 815.6494 1936.0000 932.1102 1.7708 1.8329 4.2920 22.3328 6.1470 32.1158 1.6258 0.2039
Car -1 -1 2.7274 1407.9290 800.6716 1573.4661 866.0286 1.8780 1.9879 4.8412 17.7078 7.9053 50.1536 3.0864 0.2014
