Pedestrian -1 -1 1.3022 1615.6196 810.1508 1655.0366 886.5596 1.6691 0.6877 0.7334 15.8320 6.0742 35.1375 1.7506 0.3253
Cyclist -1 -1 2.1401 567.6034 788.3559 749.5135 1006.8316 1.6432 0.7567 1.8743 -2.7423 3.2587 13.7699 1.9352 0.3614
Cyclist -1 -1 1.4563 1446.2847 812.1818 1475.5994 873.6926 1.7418 0.7417 1.9365 16.5714 8.0854 49.6269 1.7979 0.3028
Cyclist -1 -1 -0.9926 577.7670 789.7219 672.5323 920.0942 1.6474 0.5940 1.5597 -4.8892 4.1466 21.8410 -1.2132 0.2880
Cyclist -1 -1 -1.8048 1493.9181 806.0793 1532.8931 870.5388 1.8632 0.8240 1.9664 18.4659 8.0521 50.0519 -1.4316 0.1721
Cyclist -1 -1 1.2741 1617.4888 808.1968 1659.8284 888.0736 1.7179 0.6815 0.9154 15.8385 6.0676 34.9826 1.7244 0.1112
Car -1 -1 1.7831 891.4649 807.9899 1033.8129 926.9222 1.5353 1.8036 4.2968 0.1160 5.3274 28.6756 1.8001 0.9535
Car -1 -1 -1.1395 586.0895 800.1817 850.2325 980.3041 1.5201 1.7502 4.1210 -2.9624 4.0271 19.1673 -1.2910 0.9090
Car -1 -1 2.0254 732.8958 793.6888 959.8739 943.1834 1.5770 1.7738 4.3434 -1.6725 4.4849 23.4181 1.9626 0.8709
Car -1 -1 1.0209 1793.1841 787.5167 1936.0000 920.5123 1.5019 1.7303 4.1221 15.3527 4.3555 24.1374 1.6237 0.2015
Car -1 -1 2.5674 0.0000 731.0592 159.4771 1216.0000 1.5902 1.8521 4.6215 -6.5722 2.3056 7.6280 1.7710 0.1739
