Pedestrian -1 -1 1.3426 1490.2759 816.9242 1525.6788 892.4111 1.5929 0.6337 0.6418 12.3416 5.9761 33.7712 1.7168 0.3834
Pedestrian -1 -1 0.5215 967.1583 808.4845 1006.7924 861.4854 1.4388 0.9397 0.8454 0.7848 7.1042 45.5268 0.5523 0.1700
Cyclist -1 -1 2.3592 0.0000 748.6830 312.8081 1108.2687 1.6669 0.7648 1.9372 -4.7225 2.4699 8.6711 1.7979 0.3413
Cyclist -1 -1 1.3440 1335.2693 808.4138 1371.2657 873.3296 1.7358 0.7064 1.8732 12.1312 7.5374 46.3245 1.6188 0.2819
Cyclist -1 -1 -1.7246 1358.9557 809.6619 1388.9045 870.1999 1.8130 0.7488 1.9216 14.3128 8.3498 51.9058 -1.4374 0.2531
Car -1 -1 -1.2128 574.6724 787.4207 799.3447 944.3383 1.5221 1.7753 4.1509 -3.7604 4.0735 21.2733 -1.3861 0.9472
Car -1 -1 1.8236 736.6983 791.5155 895.1658 913.1404 1.4944 1.7767 4.1891 -2.4888 4.7107 26.6534 1.7387 0.9108
Car -1 -1 2.1088 355.0650 787.8824 692.7114 991.2462 1.4820 1.7182 4.1871 -4.6905 3.5503 16.7354 1.8263 0.8309
Car -1 -1 0.9449 1704.3394 791.7789 1936.0000 944.9193 1.5118 1.7369 4.3016 12.8319 4.1832 21.7429 1.5161 0.2685
Car -1 -1 -1.7406 1204.3806 795.1313 1281.6661 862.5723 1.6049 1.8395 4.3009 9.1316 7.4043 48.7673 -1.5384 0.1887
Car -1 -1 -2.0232 1481.7762 813.8817 1612.4104 892.9904 1.5429 1.8174 4.0521 16.0382 7.0069 41.1613 -1.6297 0.1880
