Pedestrian -1 -1 1.4274 1384.7413 798.2137 1429.1901 894.2330 1.6442 0.7080 0.6379 8.1407 4.8554 27.3338 1.7417 0.4259
Cyclist -1 -1 1.3139 1183.3280 795.5235 1231.1858 879.2792 1.7188 0.6964 1.8894 5.8416 5.8915 35.6035 1.4946 0.3752
Cyclist -1 -1 1.5692 902.4216 801.0490 926.1308 865.0974 1.6960 0.6976 1.7116 -1.4139 7.1229 45.2089 1.5504 0.1554
Cyclist -1 -1 0.4687 513.8763 772.4674 599.3013 853.4590 1.7306 0.7462 1.7546 -9.3287 5.1882 34.4925 0.2084 0.1054
Car -1 -1 -1.1289 167.1963 757.6346 511.2655 967.7448 1.4756 1.7111 3.8689 -6.0011 2.9773 14.9528 -1.5320 0.7655
Car -1 -1 1.8885 421.9179 765.1943 652.2914 923.1239 1.5275 1.7907 4.2208 -5.6345 3.6454 20.4274 1.6144 0.7454
Car -1 -1 -1.7746 1367.2015 790.1436 1475.9469 880.1381 1.6227 1.8423 4.3987 11.5097 6.0376 37.6643 -1.4566 0.4676
Car -1 -1 2.3182 0.0000 770.9876 315.9659 1125.9799 1.4563 1.8006 4.1046 -6.3300 2.6494 10.0599 1.7027 0.3182
Car -1 -1 1.8766 400.0411 762.7043 494.1923 821.9863 1.5394 1.8109 4.2572 -17.4498 6.4322 50.9507 1.5526 0.1394
Car -1 -1 1.6066 1283.8990 793.0052 1362.5139 877.9883 1.7096 1.9046 4.5145 10.2527 6.7225 42.1581 1.8642 0.1210
