Pedestrian -1 -1 1.2674 1429.1917 775.0903 1492.9521 907.5944 1.7032 0.6752 0.6369 6.7830 3.7774 20.3172 1.6211 0.3546
Pedestrian -1 -1 1.3691 1504.7791 767.6223 1564.7089 907.6836 1.7612 0.6499 0.6300 7.6380 3.6996 19.9375 1.7691 0.1556
Pedestrian -1 -1 0.8738 0.0000 769.4216 77.1027 1012.8683 1.5020 0.7756 0.8561 -6.7438 2.5409 10.2721 0.2387 0.1486
Cyclist -1 -1 1.4758 1177.0286 778.0384 1233.4377 901.7564 1.7654 0.7798 1.9502 4.0320 4.4112 24.8325 1.6571 0.3185
Cyclist -1 -1 1.8118 796.6012 788.5872 838.3345 867.5065 1.7185 0.6501 1.5859 -3.5340 5.8441 36.8570 1.7261 0.2070
Cyclist -1 -1 -1.1039 398.9515 772.9088 508.1511 909.3586 1.7185 0.7145 1.9939 -7.4749 4.0101 22.1180 -1.4354 0.1459
Cyclist -1 -1 -1.2711 1160.6351 807.7091 1196.4309 866.2401 1.7428 0.6700 1.8970 7.5290 8.1931 51.7663 -1.1106 0.1244
Car -1 -1 1.9891 69.3986 758.5366 450.3793 992.4310 1.5464 1.8535 3.9729 -6.4050 2.9957 14.2036 1.5397 0.9461
Car -1 -1 -1.5760 1085.6202 798.3967 1142.3284 866.9460 1.5874 1.7541 4.4803 4.9971 7.5097 48.7220 -1.4584 0.1716
Car -1 -1 2.5366 0.0000 737.8948 159.7237 1159.8750 1.4991 1.7121 3.8770 -6.7333 2.2989 8.5057 1.7928 0.1242
