Pedestrian -1 -1 1.2891 1404.2595 783.4338 1458.4006 895.7794 1.6430 0.6560 0.6619 7.2851 4.1390 23.1973 1.6215 0.5148
Cyclist -1 -1 1.3489 1180.8204 776.6255 1239.9609 880.3389 1.7643 0.7705 1.9149 4.8546 4.8310 29.2543 1.5326 0.4195
Cyclist -1 -1 1.6578 840.3849 801.6823 868.7596 870.7211 1.6974 0.6509 1.2178 -2.8873 6.5636 40.5468 1.5979 0.1765
Cyclist -1 -1 -1.0335 413.5450 746.5896 529.1308 883.7608 1.7478 0.6964 1.9960 -7.1619 3.6208 21.9669 -1.3548 0.1759
Car -1 -1 -1.1862 242.6234 778.7872 547.7573 968.9647 1.4343 1.7798 4.1659 -6.1396 3.3767 16.7763 -1.5516 0.8269
Car -1 -1 2.1984 0.0000 757.2195 347.8908 1071.5698 1.5450 1.7043 4.1064 -6.4055 2.7244 11.2256 1.6357 0.7859
Car -1 -1 1.4366 1281.0137 803.6783 1368.6636 886.3750 1.5223 1.7468 3.8801 9.2634 6.3498 38.3485 1.6933 0.3834
Car -1 -1 1.4447 1156.2612 799.0626 1227.9335 872.8928 1.7112 1.7706 4.3377 7.2426 7.4726 47.2658 1.6133 0.1933
Car -1 -1 -1.9588 1386.0653 797.5261 1530.6600 892.3366 1.5355 1.7858 3.9153 11.0390 5.6318 33.4885 -1.6172 0.1443
Car -1 -1 -1.7926 1325.0273 786.7989 1415.4362 864.0038 1.7728 1.8142 4.7035 12.7326 7.1026 46.8260 -1.5081 0.1204
