Pedestrian -1 -1 1.3692 1398.7698 797.1735 1446.4408 904.2632 1.6435 0.6384 0.6845 7.5673 4.5153 24.5500 1.6950 0.4780
Pedestrian -1 -1 1.6892 858.6920 801.4719 884.0034 866.2173 1.7314 0.6336 0.6616 -2.5388 6.7633 42.2646 1.6408 0.1240
Cyclist -1 -1 1.2420 1180.2549 781.9202 1241.0359 879.2805 1.7762 0.7327 1.8272 5.2064 5.1659 31.3261 1.4256 0.4693
Cyclist -1 -1 1.6452 864.8499 799.8794 893.6225 869.7534 1.7446 0.6739 1.6498 -2.3157 6.7985 42.3570 1.6024 0.1334
Cyclist -1 -1 -1.0021 400.1556 730.2842 525.0214 876.2698 1.8543 0.7355 2.0454 -7.1772 3.4552 21.6365 -1.3295 0.1093
Car -1 -1 -1.2174 317.8773 752.3097 588.8390 935.2822 1.6070 1.7888 4.1814 -5.9897 3.3365 18.1875 -1.5463 0.6815
Car -1 -1 -1.0424 0.0000 770.2762 406.8049 1034.5869 1.4809 1.7237 3.9383 -6.2993 2.8963 12.5662 -1.5411 0.5076
Car -1 -1 1.7031 1272.7552 797.2439 1367.9747 882.1154 1.5886 1.8314 4.3304 9.6310 6.4566 39.8895 1.9594 0.1767
Car -1 -1 3.7798 0.0000 734.6553 96.1593 947.8805 2.0731 2.0969 5.0755 -12.9218 3.3962 16.8767 3.1006 0.1343
Car -1 -1 -0.7520 0.0000 735.5059 35.8947 1216.0000 1.5034 1.7421 4.0440 -6.4452 2.1742 7.0314 -1.5894 0.1175
Car -1 -1 -1.8879 1382.1318 797.1346 1515.1942 893.9067 1.6167 1.8016 3.9891 11.0412 5.7818 34.1524 -1.5524 0.1144
