Pedestrian -1 -1 1.1490 1505.3185 769.4656 1591.4202 933.6785 1.6849 0.6725 0.6648 6.3777 3.2901 16.2696 1.5628 0.5212
Pedestrian -1 -1 1.3125 1557.9574 769.7213 1638.1902 936.7525 1.7521 0.7055 0.6290 7.1053 3.4066 16.7097 1.7555 0.3098
Cyclist -1 -1 1.4183 1192.2751 764.1253 1273.5414 926.8254 1.7841 0.7744 1.9541 3.4418 3.6547 19.0972 1.6206 0.4840
Cyclist -1 -1 -1.0717 336.6852 764.8887 458.1078 910.2663 1.7441 0.7344 2.0050 -7.8761 3.8066 20.9902 -1.4392 0.3820
Cyclist -1 -1 1.6919 731.3887 786.7769 773.5625 878.5311 1.7157 0.6779 1.6688 -4.4220 5.2439 31.7566 1.5611 0.3143
Cyclist -1 -1 -1.6973 1108.8496 785.9085 1137.8953 846.9210 1.8946 0.8131 1.7586 5.6243 7.5845 51.9665 -1.5741 0.1350
Car -1 -1 2.1275 0.0000 727.9270 304.0461 1053.1136 1.6152 1.8788 4.1185 -6.5506 2.5065 10.8448 1.5352 0.9307
Car -1 -1 1.8234 1244.1052 785.0568 1377.2319 885.8528 1.5970 1.7957 4.2674 7.8463 5.4109 33.3102 2.0755 0.1919
Car -1 -1 -1.6798 1198.1650 808.4382 1270.0760 879.3752 1.5569 1.7976 4.0598 8.3046 7.4352 45.7941 -1.4832 0.1780
Car -1 -1 2.0596 0.0000 762.1317 120.7913 855.4656 1.5740 1.8281 4.3579 -21.1468 4.9031 34.0395 1.5003 0.1288
