Pedestrian -1 -1 1.1404 1561.6895 757.4905 1669.1161 951.8902 1.7668 0.6926 0.8532 6.3802 3.1019 14.6223 1.5980 0.5227
Pedestrian -1 -1 1.2499 1624.1804 765.4962 1711.9464 945.7053 1.7208 0.6698 0.5900 7.1583 3.1794 15.1674 1.7375 0.3602
Cyclist -1 -1 1.3411 1206.1158 759.1025 1316.4268 947.6134 1.7796 0.8115 1.9642 3.2749 3.3492 16.5050 1.5642 0.4592
Cyclist -1 -1 -1.0562 324.7883 768.8302 443.7067 915.3250 1.7191 0.6920 1.8801 -7.8559 3.7816 20.4510 -1.4325 0.2639
Cyclist -1 -1 1.5163 1074.8136 791.1642 1097.3896 848.4087 1.7095 0.6977 2.0844 4.3203 7.5921 51.8534 1.6143 0.1600
Cyclist -1 -1 1.7352 704.4727 777.8762 751.5455 871.1572 1.6647 0.6796 1.5545 -4.6731 4.8175 30.0378 1.5870 0.1555
Cyclist -1 -1 -1.6633 1103.5288 787.8203 1129.7916 848.6182 1.8499 0.7551 1.9746 5.3779 7.6064 51.8415 -1.5447 0.1277
Car -1 -1 1.6851 1264.0637 785.2506 1382.1450 893.9391 1.6332 1.8630 4.4742 7.8217 5.3289 32.0434 1.9458 0.5118
Car -1 -1 -1.6847 1198.1340 808.9992 1272.2833 882.1670 1.5516 1.7756 4.0469 8.0674 7.2656 44.3243 -1.4873 0.1690
Car -1 -1 -1.6122 1050.8519 784.1473 1114.9254 862.0920 1.6728 1.7662 4.7560 3.5599 6.6602 44.4129 -1.5172 0.1280
