Pedestrian -1 -1 1.2267 1444.4976 775.2015 1515.3289 915.0286 1.7021 0.6794 0.7162 6.7041 3.6842 19.3558 1.5933 0.6489
Cyclist -1 -1 1.4501 1174.0001 780.2782 1235.6991 909.3431 1.7388 0.7689 1.8772 3.7948 4.2720 23.4199 1.6316 0.3266
Cyclist -1 -1 -1.0669 384.1117 766.3969 498.8939 906.2698 1.7436 0.7164 1.9858 -7.5348 3.9028 21.7808 -1.4065 0.2618
Cyclist -1 -1 1.6136 785.7239 795.0008 816.2111 875.8063 1.7199 0.6483 1.4840 -3.8279 5.8763 35.7825 1.5165 0.2234
Cyclist -1 -1 -1.8095 1133.5463 801.0377 1165.6489 858.6315 1.7723 0.7677 1.6260 6.5456 8.0019 52.0440 -1.6686 0.1208
Cyclist -1 -1 0.4645 279.9915 752.7830 396.0400 856.3726 1.7844 0.7500 1.8079 -11.3504 4.1530 27.2640 0.0654 0.1176
Car -1 -1 2.0854 0.0000 753.1091 429.3643 1007.5352 1.5646 1.8617 4.0924 -6.4688 2.8885 13.3654 1.6042 0.9487
Car -1 -1 -1.6571 1075.7572 790.5801 1138.7855 860.0784 1.6225 1.6945 4.5064 4.6410 7.1955 48.0282 -1.5456 0.2247
Car -1 -1 -0.7954 0.0000 710.1285 120.0074 1216.0000 1.5270 1.8006 3.9626 -5.0734 1.9666 5.6645 -1.6531 0.1746
Car -1 -1 -1.7395 1210.6278 806.3200 1287.2854 874.1649 1.5780 1.8143 4.1320 9.2000 7.6683 48.1039 -1.5334 0.1678
Car -1 -1 -1.6389 1136.3860 797.4361 1201.8528 873.5883 1.6497 1.7067 4.2250 6.1291 7.0284 44.4419 -1.4854 0.1144
Car -1 -1 1.9733 200.1160 767.8608 325.4178 837.3267 1.5330 1.8329 4.1319 -20.3280 5.9116 43.7089 1.5406 0.1134
