Pedestrian -1 -1 1.2239 1484.7697 767.0858 1565.1381 927.4317 1.7154 0.6697 0.7196 6.4137 3.3716 17.0428 1.6218 0.5685
Pedestrian -1 -1 -1.7706 1574.0359 775.2873 1642.6847 933.3735 1.6986 0.6413 0.5362 7.3704 3.4474 17.0516 -1.3220 0.3567
Pedestrian -1 -1 1.1619 1503.0374 768.5639 1586.8469 933.6373 1.7096 0.6679 0.6419 6.3801 3.3132 16.3700 1.5734 0.1201
Cyclist -1 -1 1.4755 1189.3202 766.3628 1258.6028 922.4880 1.7884 0.7704 1.9348 3.4805 3.7700 19.9463 1.6713 0.4226
Cyclist -1 -1 -1.0534 334.0515 771.5065 455.5511 915.8404 1.7126 0.7193 1.9565 -7.8564 3.8556 20.8388 -1.4226 0.3604
Cyclist -1 -1 1.6812 738.7129 802.0001 776.8217 889.5798 1.7228 0.6817 1.2147 -4.4161 5.6454 32.5093 1.5543 0.1685
Cyclist -1 -1 -1.6377 1110.8741 792.5641 1136.4606 851.4515 1.8204 0.7988 1.7320 5.6576 7.7690 52.1694 -1.5144 0.1497
Car -1 -1 2.1211 0.0000 733.1278 326.8007 1033.5887 1.5894 1.8954 3.9986 -6.5932 2.5591 11.3814 1.5514 0.9810
Car -1 -1 1.4486 1199.6157 811.1250 1272.7773 881.2960 1.5292 1.7904 4.2229 8.4581 7.5652 46.2976 1.6465 0.2708
Car -1 -1 -1.6772 1058.8376 788.5478 1128.0227 860.2288 1.6134 1.7208 4.4878 4.0284 6.9119 46.1708 -1.5751 0.1986
Car -1 -1 1.9297 180.7968 784.1046 312.4572 859.3275 1.5197 1.9106 4.3598 -19.9677 6.2298 41.9917 1.4884 0.1950
Car -1 -1 2.0218 7.9686 791.8781 180.8831 879.8937 1.4735 1.8715 4.3067 -20.5406 5.7023 35.6573 1.4983 0.1401
