Cyclist -1 -1 0.9747 1572.3936 645.4498 1936.0000 1216.0000 1.8418 0.7267 1.9657 3.1096 1.9349 5.7867 1.5947 0.4171
Cyclist -1 -1 1.9220 528.4430 783.2568 628.7111 934.3234 1.7634 0.7667 1.7389 -5.1549 4.0036 20.2524 1.6696 0.4087
Cyclist -1 -1 1.4791 1051.3870 793.1544 1080.8131 865.3345 1.6927 0.6489 1.9452 2.8357 6.3694 40.5908 1.5637 0.3440
Cyclist -1 -1 -1.0878 165.9187 766.3051 295.9546 927.3574 1.6780 0.6810 1.7806 -8.7751 3.4691 18.0471 -1.5578 0.3414
Cyclist -1 -1 -1.6728 1064.9216 796.9687 1092.4148 855.6899 1.7378 0.7646 2.0462 4.0176 7.7584 51.2984 -1.5798 0.2804
Cyclist -1 -1 -2.6318 1103.0284 847.8630 1251.8433 1010.6818 1.7792 0.7060 1.8107 2.8022 4.8098 19.4858 -2.4676 0.1493
Car -1 -1 1.4340 1310.8226 781.3863 1461.1404 924.8661 1.7289 1.9763 4.8320 7.2873 4.7272 26.1098 1.7310 0.4625
Car -1 -1 1.0915 1594.7659 843.2383 1724.3285 918.6985 1.5292 1.8546 4.1104 20.6399 8.3136 44.3923 1.5483 0.1542
Car -1 -1 2.7139 1508.2688 819.7314 1649.7345 875.9836 1.6335 1.8110 4.0627 20.9722 8.3837 50.8718 3.1250 0.1333
Car -1 -1 -3.5655 1676.3301 848.2385 1855.2003 918.6321 1.5524 1.7908 3.9138 21.9091 7.8125 40.8458 -3.0499 0.1307
Car -1 -1 -1.5329 1177.0494 798.1241 1256.3284 882.9249 1.5411 1.7763 4.1400 6.6152 6.2517 38.4498 -1.3447 0.1282
