Pedestrian -1 -1 2.8444 28.9881 758.9482 95.3492 911.0047 1.6815 0.5794 0.5133 -10.5798 3.2933 17.5974 2.2810 0.1090
Cyclist -1 -1 1.8370 497.6396 778.0218 595.3231 937.5497 1.7342 0.7448 1.8244 -5.2206 3.7662 18.9300 1.5619 0.4390
Cyclist -1 -1 1.0661 1706.5869 620.6595 1936.0000 1216.0000 1.8405 0.7512 1.8946 3.0222 1.8299 4.7566 1.8013 0.3827
Cyclist -1 -1 1.5492 1046.4916 795.7092 1074.9226 873.9644 1.7496 0.7167 1.9407 2.5694 6.2884 38.7469 1.6303 0.3229
Cyclist -1 -1 -1.0861 138.1085 768.7901 276.9406 938.1276 1.6845 0.6560 1.9109 -8.7541 3.4561 17.4564 -1.5699 0.2727
Cyclist -1 -1 -1.6765 1056.2454 791.3405 1085.7762 854.0121 1.8717 0.8255 2.0216 3.7389 7.6709 51.0869 -1.5887 0.2503
Car -1 -1 2.7193 1509.1357 828.4110 1658.0249 886.4883 1.6476 1.8351 4.2057 20.7280 8.5683 49.9190 3.1329 0.1502
Car -1 -1 1.1436 1545.6039 778.7657 1663.9117 848.1397 1.6160 1.8292 4.2955 19.9291 6.6228 46.5130 1.5702 0.1471
Car -1 -1 3.5108 191.0416 782.5202 461.7791 894.8362 2.0680 2.0351 4.8733 -13.3514 5.5222 31.6826 3.1119 0.1271
Car -1 -1 -3.5779 1698.4431 850.6211 1881.6654 921.4533 1.5041 1.7715 3.8532 21.8641 7.6366 39.5692 -3.0492 0.1032
