Pedestrian -1 -1 1.7429 470.9576 767.4031 512.5903 858.3423 1.7631 0.7159 0.5947 -9.5412 4.6931 30.4062 1.4396 0.1052
Pedestrian -1 -1 1.7539 479.3167 772.0993 519.1348 862.9138 1.7975 0.6917 0.5950 -9.5805 4.8842 31.0228 1.4557 0.1043
Cyclist -1 -1 1.8528 388.0605 770.3167 513.0369 965.9937 1.7600 0.7781 1.8913 -5.3743 3.3958 15.8551 1.5114 0.4143
Cyclist -1 -1 1.4680 1054.7018 795.4212 1091.5126 882.6086 1.7313 0.6790 1.9354 2.5659 5.7727 34.4700 1.5576 0.3600
Cyclist -1 -1 -1.1981 78.8572 743.4587 202.7031 916.5893 1.7368 0.6868 1.7433 -9.3804 3.1702 17.1661 -1.7202 0.2490
Cyclist -1 -1 1.3510 1021.3642 786.0291 1052.0123 845.9792 1.6952 0.6352 1.7887 2.4238 6.9927 48.2333 1.4154 0.2217
Cyclist -1 -1 -1.7884 1045.5621 788.0716 1080.2649 852.0199 1.8634 0.7663 2.0156 3.3864 7.4322 49.9864 -1.7061 0.2111
Car -1 -1 -3.7142 1833.1146 853.3941 1936.0000 978.3524 2.2624 2.0702 4.7955 21.9268 7.3948 32.4388 -3.0925 0.1480
Car -1 -1 -3.5802 1747.0225 857.7429 1936.0000 945.0969 1.6863 1.8531 4.1479 21.6418 7.5237 36.3148 -3.0175 0.1227
Car -1 -1 -3.5953 1632.1295 838.8265 1777.1166 897.5405 1.5003 1.6832 3.5843 22.6281 8.1527 45.6102 -3.1130 0.1165
