Pedestrian -1 -1 1.7584 448.2495 777.3893 489.6582 872.9020 1.7675 0.6663 0.5915 -9.5706 4.7678 29.0859 1.4405 0.1706
Pedestrian -1 -1 1.7300 440.0557 769.6112 483.9245 865.7042 1.7405 0.7085 0.5889 -9.5045 4.5305 28.4835 1.4070 0.1545
Pedestrian -1 -1 -1.3996 503.6610 783.4956 541.6127 873.6408 1.6765 0.6316 0.5043 -8.5332 4.7935 29.1050 -1.6837 0.1307
Cyclist -1 -1 1.8974 301.1353 747.2459 457.8833 979.4489 1.7488 0.7740 1.8370 -5.0849 2.9057 13.1982 1.5044 0.4832
Cyclist -1 -1 1.4610 1081.6002 798.9655 1124.1467 894.0925 1.6889 0.7044 1.8334 2.9055 5.3834 30.8235 1.5714 0.3879
Cyclist -1 -1 1.5313 1030.8259 775.0219 1056.7369 841.8558 1.7820 0.7339 1.9402 2.4886 6.4240 45.2599 1.6005 0.2394
Cyclist -1 -1 -1.0792 63.2537 716.8802 204.7538 897.2484 1.8174 0.6839 1.7338 -9.2756 2.9074 16.8429 -1.6064 0.1106
Cyclist -1 -1 0.4119 515.9303 778.4308 635.6212 872.6613 1.8484 0.8593 2.3271 -8.2255 5.1911 31.9459 0.1635 0.1091
Car -1 -1 -0.4223 1347.3020 857.2001 1620.1168 970.1906 1.4308 1.8109 3.7491 8.3620 5.3392 24.1422 -0.0611 0.1960
Car -1 -1 -3.7609 1908.3292 860.0566 1936.0000 995.5692 2.2432 2.0905 4.6968 21.9493 7.1221 29.8801 -3.0982 0.1311
Car -1 -1 1.3918 1195.9198 777.3845 1271.0170 840.9987 1.5201 1.7142 4.0820 8.6202 6.5878 47.6438 1.5879 0.1268
Car -1 -1 -1.6918 1075.4061 790.9094 1144.2317 856.4840 1.6199 1.8468 4.4109 4.9517 7.4560 50.3594 -1.5785 0.1001
