Pedestrian -1 -1 1.6777 461.6892 769.4987 502.6170 861.4053 1.7379 0.7172 0.5856 -9.5317 4.6508 29.7665 1.3681 0.1285
Pedestrian -1 -1 1.7213 469.9461 776.4555 508.6980 869.1932 1.7925 0.6692 0.5877 -9.5781 4.9044 30.3642 1.4167 0.1188
Cyclist -1 -1 1.7843 380.4943 761.5550 497.2755 964.2816 1.7301 0.7615 1.8260 -5.2055 3.1891 15.0090 1.4332 0.4268
Cyclist -1 -1 1.4684 1058.8770 792.9041 1097.8960 883.9543 1.7587 0.7042 1.9250 2.6043 5.6211 33.4148 1.5618 0.3466
Cyclist -1 -1 1.4497 1024.1989 782.8152 1053.1162 846.4865 1.7708 0.7153 1.9086 2.4432 6.8777 47.3887 1.5154 0.2528
Cyclist -1 -1 -1.1284 69.9590 752.2423 201.9737 925.6497 1.7164 0.6497 1.7684 -9.3657 3.2450 17.0434 -1.6529 0.2305
Cyclist -1 -1 -1.7959 1046.3345 786.4519 1082.4224 851.3112 1.8682 0.7820 2.0326 3.3962 7.3223 49.4250 -1.7127 0.1308
Car -1 -1 -3.7373 1865.7750 855.4898 1936.0000 987.1152 2.2881 2.0799 4.7894 21.8848 7.2694 31.1589 -3.0968 0.1610
Car -1 -1 1.7072 905.3975 785.0687 1013.9510 882.5599 1.6103 1.8715 4.3748 0.0365 5.5598 34.5716 1.7210 0.1387
Car -1 -1 -0.3552 1308.8490 861.3420 1561.4211 968.5859 1.4568 1.8512 3.7171 8.0296 5.6541 25.5747 -0.0253 0.1193
