Pedestrian -1 -1 2.0988 0.0000 737.9466 118.8823 1138.9894 1.6917 0.7302 1.1251 -4.7156 2.2861 7.2568 1.4359 0.1160
Pedestrian -1 -1 1.5568 708.9976 789.0932 727.4476 843.5589 1.7475 0.6098 0.5866 -8.1867 7.3148 50.3663 1.4055 0.1138
Pedestrian -1 -1 0.8282 1620.2253 856.5371 1702.2345 1005.4611 1.6879 0.6522 0.6600 8.7049 4.6334 18.6118 1.3034 0.1041
Cyclist -1 -1 1.4107 1149.7289 776.3972 1224.0956 922.8591 1.7852 0.7806 1.9281 3.1743 4.0307 21.1978 1.5804 0.4869
Cyclist -1 -1 1.4691 1095.1971 774.7816 1133.2596 862.3014 1.7608 0.7062 1.9768 3.5145 5.3167 34.4849 1.5869 0.3666
Cyclist -1 -1 -1.5667 1095.3149 795.7824 1121.3198 860.0492 1.7979 0.7994 2.0173 4.7733 7.4553 48.4607 -1.4532 0.1827
Cyclist -1 -1 2.0644 0.0000 731.5202 68.9749 1141.4270 1.7131 0.7386 1.2423 -4.9949 2.2810 7.2850 1.3758 0.1087
Car -1 -1 1.2840 1380.4988 795.5992 1471.3772 859.3534 1.4662 1.7418 4.0420 14.6693 7.1120 47.4115 1.6036 0.1512
Car -1 -1 2.1015 0.0000 726.5104 253.6969 907.9260 1.6424 1.7617 4.5683 -10.6443 3.0493 18.4087 1.5563 0.1040
Car -1 -1 0.5569 0.0000 761.5735 262.6866 890.2315 2.3150 2.1242 5.0728 -17.2857 5.2108 30.5265 0.0380 0.1021
