Pedestrian -1 -1 1.8120 647.6515 782.9223 674.1230 846.3377 1.6845 0.5946 0.5898 -8.3487 6.1106 41.5761 1.6214 0.4315
Pedestrian -1 -1 1.8660 670.5424 785.0699 696.4011 844.2278 1.6419 0.5981 0.5670 -8.0860 6.3393 43.5406 1.6907 0.3314
Cyclist -1 -1 1.1736 1300.9124 748.4784 1487.7723 1025.6177 1.7795 0.7478 1.9320 3.2657 2.8101 11.4787 1.4945 0.4756
Cyclist -1 -1 -1.6228 1107.3785 794.6281 1134.5048 860.2055 1.7827 0.7750 2.0205 5.0135 7.2396 47.0449 -1.5011 0.2759
Cyclist -1 -1 1.4934 1124.7372 772.4124 1178.8567 896.3599 1.7710 0.7738 2.0627 3.1576 4.3347 24.9344 1.6380 0.2509
Car -1 -1 -1.5640 954.4753 800.3832 1012.6815 863.4675 1.5121 1.8377 4.0738 0.7762 7.5546 49.4241 -1.5347 0.3694
Car -1 -1 -3.3535 1215.2518 835.5086 1377.1403 902.9854 1.4824 1.7925 3.9226 8.8424 7.2084 39.7110 -3.1156 0.2098
Car -1 -1 -1.4803 752.2424 786.9070 817.8860 851.6782 1.6552 1.8007 4.2233 -5.9592 7.4073 50.9708 -1.5859 0.1597
Car -1 -1 2.8887 1245.3435 811.5463 1393.8105 871.2493 1.5615 1.7780 4.0974 10.8729 7.3595 45.5648 3.1414 0.1392
Car -1 -1 -1.8270 1245.6675 795.6180 1424.5936 949.5743 1.6457 1.7124 4.0997 5.5283 4.4613 22.6060 -1.5619 0.1041
