Pedestrian -1 -1 1.7438 685.9292 781.8212 708.7271 837.7712 1.6489 0.5921 0.6058 -8.1322 6.5172 46.0886 1.5779 0.3623
Pedestrian -1 -1 1.9662 663.8629 792.9849 689.0725 853.8661 1.7024 0.5718 0.5093 -8.3472 6.6646 43.8381 1.7865 0.2061
Pedestrian -1 -1 -2.5577 1765.3737 878.8719 1864.7838 1059.0642 1.6506 0.6146 0.6450 8.7312 4.3208 15.3028 -1.9918 0.1675
Pedestrian -1 -1 3.0362 794.0739 794.4768 818.8976 843.3757 1.5518 0.8021 0.7729 -5.3002 7.4090 51.1825 2.9441 0.1194
Pedestrian -1 -1 1.7356 705.2357 786.4646 727.1511 840.2310 1.5789 0.5682 0.6197 -7.5545 6.5945 46.1112 1.5823 0.1103
Pedestrian -1 -1 -0.1379 757.4031 822.9838 786.7797 864.0882 1.1094 0.5971 0.7978 -5.6315 7.0557 44.5025 -0.2535 0.1063
Cyclist -1 -1 1.3584 1223.7887 767.0705 1335.6183 972.8214 1.7770 0.7706 1.9452 3.2114 3.3205 15.2543 1.5954 0.4628
Cyclist -1 -1 1.4425 1095.7521 780.2294 1147.7998 883.4813 1.7231 0.7857 1.9640 3.0849 4.8273 28.9018 1.5658 0.4128
Cyclist -1 -1 -1.4694 1091.0496 797.0787 1121.5863 859.5342 1.7172 0.7509 1.9332 4.6440 7.3376 47.7903 -1.3572 0.1673
Cyclist -1 -1 -1.4307 1113.3652 802.4750 1145.6942 866.3727 1.7874 0.7893 1.5300 5.3349 7.5107 47.3558 -1.3029 0.1013
Car -1 -1 -1.5819 954.0161 786.2988 1012.5543 851.0129 1.6577 1.9166 4.2360 0.7567 7.4016 51.0858 -1.5537 0.1473
