Pedestrian -1 -1 1.6763 608.7798 763.0123 637.9722 839.4933 1.8062 0.6394 0.5967 -8.3225 5.2401 36.8484 1.4597 0.4055
Pedestrian -1 -1 -0.4426 725.0169 813.2530 765.0256 861.3055 1.0964 0.5824 0.8486 -5.5423 5.9836 38.3265 -0.5776 0.1184
Pedestrian -1 -1 -1.4937 0.0000 775.6876 52.7070 957.1614 1.6538 0.6315 0.5616 -9.3059 3.1758 14.6941 -2.0884 0.1152
Pedestrian -1 -1 0.1777 709.6828 801.9271 741.7848 852.1615 1.2113 0.7193 0.7069 -6.1449 5.8765 39.0389 0.0299 0.1097
Pedestrian -1 -1 0.3149 14.7909 778.9011 65.6751 854.3059 1.8119 0.8099 0.9087 -23.6906 5.8262 38.4797 -0.2373 0.1078
Pedestrian -1 -1 -3.0933 1462.4857 805.0007 1495.5940 871.4868 1.7908 0.6929 0.8624 15.0313 7.0776 43.4101 -2.7392 0.1021
Cyclist -1 -1 1.4352 1190.8549 760.3878 1274.6349 935.9153 1.7683 0.7579 1.9296 3.1636 3.4506 17.5797 1.6383 0.5232
Cyclist -1 -1 0.9640 1689.5718 657.3586 1936.0000 1216.0000 1.7820 0.7132 2.0160 3.2876 1.9176 5.2058 1.6791 0.2878
Cyclist -1 -1 -1.7621 1107.8904 796.5743 1142.7897 865.3536 1.8354 0.7313 1.9792 5.0321 7.2288 45.9695 -1.6374 0.2840
Car -1 -1 -1.4546 725.2961 785.7480 797.1331 849.8405 1.4801 1.7260 4.0048 -6.1881 6.7102 46.6178 -1.5767 0.7249
Car -1 -1 -1.5756 952.3320 778.8172 1018.7217 847.7070 1.5767 1.9592 4.3768 0.7703 6.5723 46.3246 -1.5457 0.1457
Car -1 -1 0.6744 1626.5790 723.6261 1936.0000 1216.0000 1.5650 1.8541 4.1598 3.9416 2.0098 4.6466 1.5575 0.1085
