Pedestrian -1 -1 1.7097 621.6268 779.1362 649.8834 849.2956 1.7154 0.6272 0.5953 -8.3301 5.6968 38.2835 1.5019 0.1854
Pedestrian -1 -1 0.3612 27.1123 772.4398 76.8045 842.9557 1.7226 0.7342 0.9014 -23.6053 5.5977 38.8336 -0.1855 0.1006
Cyclist -1 -1 1.4410 1167.7675 760.2130 1244.0010 920.2679 1.7988 0.7726 1.9691 3.1654 3.6548 19.5082 1.6244 0.4196
Cyclist -1 -1 0.9250 1553.0005 682.8552 1936.0000 1195.1742 1.7450 0.7203 1.9498 3.2855 2.0280 6.3106 1.5184 0.3174
Cyclist -1 -1 -1.5818 1111.8344 792.5204 1136.9681 859.9735 1.8198 0.7555 1.8693 5.0377 7.1011 46.1456 -1.4574 0.2655
Cyclist -1 -1 -1.4749 950.9448 761.1577 985.4926 830.2504 1.9263 0.8723 1.9539 0.2277 6.2779 46.7382 -1.4571 0.1028
Car -1 -1 1.6910 731.0460 786.4292 801.6649 849.3147 1.4874 1.7223 3.9794 -6.1560 6.8430 47.5911 1.5725 0.6941
Car -1 -1 -1.6080 964.2512 776.2485 1031.5748 844.7016 1.6114 2.0085 4.3546 1.1028 6.5896 47.0103 -1.5711 0.1439
Car -1 -1 2.7305 1416.7845 828.5740 1606.0029 903.1575 1.5249 1.8356 3.9939 13.5518 6.6972 36.9846 3.1042 0.1416
Car -1 -1 -1.6415 1146.6720 791.2229 1211.9750 864.0071 1.7919 1.9079 4.5626 7.2313 7.6093 49.9480 -1.4815 0.1297
