Pedestrian -1 -1 1.6764 578.0765 777.0953 610.8118 858.0140 1.7449 0.6584 0.5940 -8.3003 5.2246 33.8533 1.4404 0.3815
Pedestrian -1 -1 1.7738 610.2579 761.7648 640.8075 834.6089 1.6722 0.6116 0.5414 -7.9975 4.9587 35.6355 1.5580 0.2965
Pedestrian -1 -1 1.7124 627.8293 764.4662 659.8011 835.6445 1.6329 0.6542 0.7594 -7.6958 5.0555 36.2732 1.5090 0.1312
Pedestrian -1 -1 0.4322 0.1787 786.2415 54.9590 864.0330 1.7878 0.7417 0.9091 -22.8179 5.7780 36.5588 -0.1268 0.1283
Cyclist -1 -1 1.2884 1279.6830 747.0190 1423.7203 991.7972 1.7508 0.7254 1.9328 3.2514 2.8615 12.6325 1.5784 0.4062
Cyclist -1 -1 -1.5245 1115.1797 785.7544 1144.3311 853.4218 1.7686 0.7519 1.9043 5.0623 6.7016 44.8582 -1.3963 0.2150
Cyclist -1 -1 -1.5662 962.7437 791.6988 988.6016 853.5016 1.8836 0.8611 1.9304 0.5073 7.7735 51.8288 -1.5429 0.2023
Cyclist -1 -1 1.5508 1157.9187 788.3290 1184.5298 857.2735 1.7574 0.7653 2.1352 6.2415 6.7407 44.4892 1.7066 0.1553
Car -1 -1 -1.4448 711.1797 786.9917 788.0893 854.2181 1.4608 1.7186 3.8627 -6.1433 6.4139 43.7612 -1.5748 0.7888
Car -1 -1 0.7377 0.0000 778.7483 163.0375 934.9738 1.5020 1.7517 4.1702 -11.9570 3.4391 17.7076 0.1211 0.4971
Car -1 -1 -1.5654 958.9717 780.3167 1026.3655 851.3442 1.5678 1.8858 3.9478 0.9580 6.3308 43.8191 -1.5301 0.3207
Car -1 -1 0.9696 1835.9713 726.8296 1936.0000 1216.0000 1.6740 1.8563 4.1696 6.1626 2.3339 7.4546 1.7687 0.2551
