Pedestrian -1 -1 1.7056 630.2012 773.9850 656.8745 840.9599 1.6958 0.6203 0.5184 -8.3664 5.6506 39.3896 1.5029 0.2784
Pedestrian -1 -1 -3.3242 1440.6429 813.1562 1473.7240 878.3540 1.8483 0.7329 0.8435 15.0159 7.6044 45.2962 -2.9841 0.1853
Pedestrian -1 -1 0.4572 58.1066 764.3106 110.5750 835.2842 1.8164 0.8135 0.9639 -23.7085 5.6279 40.4443 -0.0729 0.1272
Pedestrian -1 -1 -1.8178 28.4998 755.2266 118.6083 913.2484 1.6352 0.7045 0.7170 -9.9757 3.1436 16.8056 -2.3776 0.1088
Cyclist -1 -1 1.1689 1463.9948 704.6296 1737.3516 1112.9586 1.7641 0.7292 1.9239 3.2584 2.2342 7.8317 1.6430 0.4239
Cyclist -1 -1 1.3909 1143.8739 769.5503 1223.5037 915.4712 1.8014 0.8175 2.0483 3.1752 3.9837 21.5319 1.5581 0.3451
Cyclist -1 -1 -1.5658 1107.3435 792.7030 1135.6232 859.3815 1.7925 0.8329 1.9928 4.9889 7.1255 46.4856 -1.4433 0.3395
Cyclist -1 -1 0.5221 138.5625 728.0780 287.8518 848.0516 1.8514 0.8186 2.0312 -12.1494 3.5613 24.3240 0.0487 0.1115
Car -1 -1 1.7000 732.3487 785.1294 802.8069 849.2006 1.5673 1.7302 3.9414 -6.2316 6.9728 48.4691 1.5824 0.7392
Car -1 -1 1.1845 1454.0767 827.3090 1587.1261 914.8373 1.5522 1.8190 4.1631 14.2221 7.0152 38.2721 1.5624 0.1896
Car -1 -1 1.1317 1418.3136 841.8967 1527.4084 913.3566 1.5263 1.7394 3.9647 15.8265 8.5667 46.4658 1.4796 0.1588
Car -1 -1 -1.5899 962.8693 774.6223 1026.3101 841.0866 1.6036 1.9420 4.2708 1.0548 6.6171 47.9241 -1.5544 0.1151
