Pedestrian -1 -1 1.7334 592.7003 774.1222 625.2756 851.8466 1.7507 0.6557 0.6038 -8.2988 5.2997 35.2438 1.5072 0.3489
Pedestrian -1 -1 -2.5726 64.6273 778.0077 122.2570 852.7678 1.8174 0.7902 1.0169 -22.3216 5.7995 38.4776 -3.0983 0.1269
Pedestrian -1 -1 1.8038 638.4998 775.1768 669.6453 845.5515 1.6926 0.6337 0.6506 -7.7500 5.5193 37.7432 1.6078 0.1157
Pedestrian -1 -1 -0.7969 1481.8362 789.4516 1548.1902 907.5717 1.5736 0.6410 0.6251 7.9601 3.9863 21.5077 -0.4105 0.1061
Cyclist -1 -1 1.3851 1223.0367 759.5016 1327.6748 959.0491 1.7525 0.7634 1.9107 3.2042 3.2278 15.4186 1.6191 0.5837
Cyclist -1 -1 -1.7571 1112.4119 800.6472 1148.1827 868.3824 1.7645 0.7420 2.0504 5.1221 7.2257 45.4243 -1.6290 0.2829
Cyclist -1 -1 -1.6344 960.0753 793.9954 987.1899 852.2094 1.7581 0.8449 2.0136 0.4219 7.7690 52.1350 -1.6129 0.2063
Cyclist -1 -1 -1.4415 972.3558 765.9108 1007.4081 830.8628 1.7156 0.7961 1.8104 0.8632 6.0129 44.6154 -1.4089 0.1021
Car -1 -1 1.6990 714.7257 784.2300 791.9777 852.5784 1.5354 1.7618 4.0953 -6.2307 6.5689 45.1945 1.5717 0.5629
Car -1 -1 -1.5953 958.8396 774.8693 1025.9786 844.1741 1.5967 1.9333 3.9599 0.9147 6.3139 45.0491 -1.5616 0.2884
Car -1 -1 0.7225 0.0000 780.2790 211.7019 920.0291 1.4397 1.7058 3.9176 -11.8863 3.5352 19.0409 0.1453 0.1022
