Pedestrian -1 -1 1.8093 637.5349 777.3907 664.7339 843.2123 1.6957 0.5910 0.5908 -8.3460 5.8320 40.2564 1.6119 0.3146
Pedestrian -1 -1 0.2843 73.6387 766.4045 122.4685 835.5870 1.7822 0.7977 0.9770 -23.7068 5.7174 41.0847 -0.2385 0.1169
Pedestrian -1 -1 1.8487 657.3599 774.2961 685.7520 838.0874 1.7096 0.6341 0.6192 -8.1341 5.9394 42.0007 1.6650 0.1070
Pedestrian -1 -1 -3.2646 1436.4513 811.6406 1466.4052 877.3461 1.8891 0.7221 0.8040 15.0479 7.6786 45.9248 -2.9281 0.1019
Cyclist -1 -1 1.1763 1394.8923 720.4648 1629.7814 1070.3148 1.7579 0.7284 1.9321 3.2461 2.3961 9.0161 1.5853 0.3743
Cyclist -1 -1 -1.6199 1106.8890 789.1390 1134.9456 854.8077 1.7913 0.8079 1.9546 4.9888 7.0438 46.8204 -1.4982 0.3173
Cyclist -1 -1 1.3969 1132.0570 771.6393 1209.6774 913.4601 1.8330 0.8469 2.0859 3.1336 4.1488 22.5504 1.5549 0.2682
Car -1 -1 1.7039 736.6475 786.4176 805.6330 847.2225 1.4861 1.6971 3.8960 -6.1777 6.9841 48.9410 1.5886 0.5789
Car -1 -1 -1.5566 952.3793 780.8632 1014.9625 845.0458 1.5662 1.9180 4.0412 0.7688 6.8461 48.5657 -1.5274 0.2437
Car -1 -1 1.1862 1406.9974 840.9252 1509.3601 911.6255 1.5465 1.7498 3.9932 15.6099 8.6559 47.1803 1.5250 0.1365
Car -1 -1 1.1553 1444.4456 815.6609 1581.2836 901.8881 1.5830 1.8505 4.3672 14.4717 6.9051 39.5012 1.5284 0.1138
