Pedestrian -1 -1 1.7508 560.8286 769.9425 598.1383 854.3330 1.7432 0.6829 0.6029 -8.2486 4.9098 32.3256 1.5044 0.2857
Pedestrian -1 -1 1.7210 597.4771 765.3292 628.6322 841.3956 1.6628 0.6091 0.5965 -7.9584 4.9038 34.1929 1.4968 0.2475
Pedestrian -1 -1 2.5330 0.0000 780.2742 85.3166 969.2990 1.5393 0.5970 0.6925 -8.3293 2.9676 13.3164 1.9385 0.1617
Pedestrian -1 -1 1.8900 573.4094 759.7197 618.6994 855.8429 1.7543 0.6870 0.5932 -6.9620 4.3550 28.5241 1.6525 0.1468
Pedestrian -1 -1 -1.5608 250.2644 768.1953 276.5704 841.2650 1.8170 0.6183 0.6377 -18.3095 5.6175 39.2442 -1.9960 0.1360
Cyclist -1 -1 1.1606 1330.0225 742.4067 1530.3405 1037.2455 1.7277 0.7125 1.8906 3.2302 2.6286 10.4986 1.5087 0.4062
Cyclist -1 -1 -1.6597 1115.2308 782.7353 1146.8335 848.3724 1.7301 0.8084 1.8906 5.0979 6.5809 44.9988 -1.5312 0.2743
Cyclist -1 -1 -1.6653 970.2268 784.8205 998.3804 844.8147 1.8015 0.8066 2.0508 0.7846 7.4268 51.5524 -1.6367 0.1446
Car -1 -1 1.6920 700.5496 782.7362 782.0509 854.0745 1.5035 1.7802 4.1100 -6.2296 6.2322 42.7347 1.5564 0.8361
Car -1 -1 -1.8925 1251.6608 791.4326 1354.8715 866.3220 1.6356 1.8075 4.2533 10.1295 6.8468 44.6031 -1.6508 0.7283
Car -1 -1 -1.5661 958.8816 778.7728 1027.9904 851.5070 1.5751 1.8940 3.9742 0.9611 6.2051 42.9727 -1.5303 0.2854
Car -1 -1 0.7211 0.0000 763.4982 80.8255 945.6433 1.7943 1.9183 4.3893 -13.0158 3.5129 17.4606 0.0567 0.2018
Car -1 -1 -0.3072 1308.9847 810.6917 1455.8245 872.0728 1.7060 1.8912 4.2153 13.6005 7.8474 48.4555 -0.0149 0.1937
Car -1 -1 -0.3430 1342.7874 812.6055 1497.3595 876.1456 1.6798 1.8255 4.2053 14.1378 7.6037 46.2267 -0.0268 0.1271
