Pedestrian -1 -1 1.7681 602.5173 767.7947 634.7118 841.4536 1.6458 0.6249 0.5995 -7.9959 5.0110 34.9110 1.5478 0.3340
Pedestrian -1 -1 1.7430 568.7312 771.8600 604.1382 855.7927 1.7659 0.6585 0.6196 -8.2569 5.0373 32.9576 1.5013 0.2934
Pedestrian -1 -1 -1.0330 1637.2985 776.0016 1752.4829 938.6368 1.4280 0.6516 0.8352 7.1279 2.9464 14.5358 -0.5276 0.2247
Pedestrian -1 -1 -1.5086 247.6912 762.4359 275.8648 831.5337 1.7474 0.6414 0.6405 -18.6534 5.4542 39.8880 -1.9449 0.1343
Cyclist -1 -1 1.2213 1300.8090 747.3535 1476.6938 1017.6255 1.7462 0.7411 1.9655 3.2466 2.7740 11.5574 1.5383 0.4493
Cyclist -1 -1 -1.6295 963.2316 787.0480 989.6711 847.4854 1.8198 0.8209 2.0835 0.5162 7.5453 51.7490 -1.6061 0.2353
Cyclist -1 -1 -1.6108 1117.9175 783.2141 1148.0110 852.1730 1.8228 0.8564 1.9693 5.1824 6.7189 45.2289 -1.4809 0.2324
Car -1 -1 1.6798 705.6061 783.1897 783.4307 853.4376 1.5063 1.7615 4.0411 -6.2241 6.3066 43.3091 1.5463 0.8061
Car -1 -1 -1.9088 1245.5492 790.8080 1350.2496 865.3850 1.6454 1.8147 4.3285 10.1076 6.9117 45.2238 -1.6707 0.4276
Car -1 -1 0.6908 0.0000 786.5393 137.3367 948.2792 1.5211 1.7716 4.1694 -11.9544 3.4733 17.0616 0.0553 0.3955
Car -1 -1 -1.6119 962.3399 777.7231 1028.9232 847.8873 1.5732 1.8353 3.7616 0.9607 6.2250 43.6334 -1.5765 0.2071
Car -1 -1 -1.6353 1176.0759 781.3270 1245.7389 859.4745 1.7943 1.8918 4.3810 7.5874 6.8213 45.7724 -1.4541 0.1296
