Pedestrian -1 -1 1.6516 568.1396 779.2256 600.2317 860.6876 1.6407 0.6136 0.5778 -7.9956 4.9491 31.7234 1.4081 0.3783
Pedestrian -1 -1 1.8340 528.0687 774.2836 569.2616 864.8193 1.7368 0.6574 0.6216 -8.2813 4.7678 30.0306 1.5668 0.3342
Pedestrian -1 -1 -1.5742 198.9179 768.7623 228.4354 843.3727 1.7556 0.6532 0.6357 -18.6366 5.3835 37.2805 -2.0378 0.1769
Cyclist -1 -1 1.0197 1504.9692 688.7077 1861.3712 1144.3622 1.7395 0.6914 1.9440 3.2452 2.0782 6.9611 1.5525 0.3155
Cyclist -1 -1 -1.7139 1104.5132 781.0564 1138.4637 850.2737 1.8136 0.7700 1.8686 4.7439 6.5461 44.3782 -1.5918 0.2571
Cyclist -1 -1 -1.6807 945.3176 785.6810 973.1461 851.1526 1.9307 0.7428 2.0283 -0.0777 7.4492 50.2820 -1.6691 0.1802
Car -1 -1 1.7056 680.1125 776.8255 769.0949 853.4749 1.5534 1.8101 4.1911 -6.3887 5.9089 40.7649 1.5586 0.8151
Car -1 -1 0.7274 0.0000 771.8785 43.5915 973.7336 1.7614 1.9191 4.5824 -12.4064 3.3889 15.5435 0.0245 0.3280
Car -1 -1 2.8120 1343.2200 806.6022 1516.6281 876.4315 1.7754 1.9198 4.5058 13.7581 7.2495 44.0767 3.1345 0.1467
Car -1 -1 -1.6794 1632.4808 760.3255 1849.2566 984.7498 1.7747 1.9013 4.8066 8.9498 3.5960 17.5273 -1.1646 0.1313
