Pedestrian -1 -1 1.7742 583.0409 772.0084 616.5959 850.2100 1.6507 0.6106 0.5962 -7.9796 4.9300 33.0288 1.5411 0.3533
Pedestrian -1 -1 1.8026 546.8811 779.0784 585.4570 864.6705 1.7144 0.6619 0.5944 -8.2804 4.9786 31.3564 1.5474 0.3006
Pedestrian -1 -1 -1.6159 217.4766 769.1606 247.9928 842.2769 1.7629 0.6737 0.6475 -18.6404 5.4968 38.2604 -2.0687 0.2337
Pedestrian -1 -1 -3.0280 1761.6775 777.7097 1800.2976 864.1968 1.9727 0.7732 0.7257 20.0078 5.7562 36.4995 -2.5001 0.1531
Cyclist -1 -1 1.1048 1374.7726 732.3774 1623.2224 1076.4269 1.7388 0.7200 1.9272 3.2155 2.4679 9.1592 1.5037 0.3769
Cyclist -1 -1 -1.6624 1115.0171 778.2934 1147.2550 847.4637 1.8143 0.8096 1.9479 5.0549 6.4901 44.5965 -1.5337 0.3174
Car -1 -1 1.7079 689.8676 778.8263 774.5575 851.0917 1.5072 1.7687 3.9671 -6.3226 5.9984 41.6459 1.5660 0.7939
Car -1 -1 -1.5591 960.3987 778.8961 1035.2812 855.6234 1.5789 1.9943 4.4579 1.0861 6.1579 42.1896 -1.5198 0.4410
Car -1 -1 -1.7126 1284.3593 787.5325 1364.7499 864.9257 1.6692 1.7716 4.1072 10.4839 6.6213 43.3944 -1.4567 0.2573
Car -1 -1 2.7086 1447.5731 827.0172 1674.2740 916.9714 1.5915 1.8475 4.0832 12.7051 6.0287 31.8488 3.1133 0.1583
Car -1 -1 -0.3210 1314.1357 806.7658 1466.2743 869.4263 1.7054 1.8985 4.2735 13.5791 7.6039 47.5027 -0.0236 0.1496
Car -1 -1 3.0362 791.5986 803.1974 925.8597 865.1184 1.6120 1.8588 4.0857 -3.2742 7.4081 47.3662 2.9789 0.1321
Car -1 -1 1.1662 1751.0009 813.1993 1903.8680 907.4987 1.6097 1.8159 4.1137 20.9395 6.4588 36.3442 1.7150 0.1315
