Pedestrian -1 -1 1.7791 448.9290 761.4712 497.4666 866.2526 1.7569 0.7027 0.6031 -8.5764 4.1892 26.2950 1.4616 0.4995
Pedestrian -1 -1 1.6081 511.0680 767.6904 548.8685 863.3984 1.7164 0.6652 0.6215 -8.1686 4.4589 28.3398 1.3279 0.2396
Pedestrian -1 -1 0.2235 265.2127 785.2153 387.6689 934.5164 1.2483 0.5659 0.9379 -5.7897 2.7542 13.6747 -0.2040 0.1603
Pedestrian -1 -1 -3.5549 1885.5629 829.9379 1936.0000 932.0972 2.0741 0.8304 0.9642 21.0080 6.6461 32.8497 -2.9582 0.1246
Pedestrian -1 -1 3.2265 636.1600 784.5184 667.7128 859.0120 1.4980 0.7504 0.6007 -6.6611 4.9809 32.2232 3.0277 0.1230
Pedestrian -1 -1 2.4636 1101.7166 808.1808 1129.2103 863.1033 1.7496 0.7334 0.6172 5.2860 8.0927 51.2808 2.5817 0.1168
Cyclist -1 -1 -1.6316 1112.1917 779.2756 1140.8928 849.6278 1.7839 0.7381 1.8880 4.7566 6.3354 43.1246 -1.5059 0.2484
Cyclist -1 -1 -1.5733 942.7698 786.1856 978.2842 862.3421 1.8333 0.9497 1.8714 -0.0105 6.3486 40.9246 -1.5606 0.1179
Car -1 -1 -1.4238 644.5944 781.8873 740.5422 861.0848 1.4623 1.7767 4.0008 -6.6979 5.6254 37.6376 -1.5926 0.9345
Car -1 -1 -1.6278 911.4107 779.2900 992.7127 864.3878 1.6535 1.9414 4.3480 -0.2999 5.9443 39.3397 -1.6228 0.2246
Car -1 -1 1.1440 1789.6357 791.6271 1932.6523 875.5728 1.6604 1.8479 4.0697 24.1081 6.3851 40.2348 1.7091 0.2090
Car -1 -1 -1.6694 1176.2283 781.2575 1257.8766 866.5303 1.7029 1.8142 4.2315 6.7937 6.1211 40.0697 -1.4838 0.1335
