Pedestrian -1 -1 1.8338 536.9056 766.6730 577.9020 856.2991 1.7667 0.6780 0.6081 -8.2993 4.7105 30.7467 1.5724 0.3350
Pedestrian -1 -1 1.6991 579.5595 769.8654 613.2824 849.2036 1.6452 0.6410 0.5862 -7.9320 4.8299 32.5272 1.4636 0.2853
Pedestrian -1 -1 0.2786 675.8828 801.2924 714.2521 862.1179 1.2694 0.7094 0.6833 -6.0235 5.3094 33.8610 0.1091 0.1444
Pedestrian -1 -1 -1.5468 224.5312 770.0905 253.1081 842.4622 1.7344 0.6376 0.6384 -18.3326 5.4606 37.9566 -1.9963 0.1154
Cyclist -1 -1 1.0765 1428.4879 712.9467 1714.9164 1099.3556 1.7435 0.7054 1.9433 3.2484 2.2833 8.1825 1.5285 0.3156
Cyclist -1 -1 -1.6236 1116.9207 780.2753 1144.7916 847.4289 1.7588 0.7569 1.9014 5.0557 6.5009 44.6642 -1.4951 0.2495
Cyclist -1 -1 -1.6261 954.9526 787.6442 979.7356 851.4383 1.8990 0.7564 1.9714 0.1975 7.5160 50.6144 -1.6089 0.1536
Cyclist -1 -1 -2.2973 0.0000 874.4061 124.3271 1096.3717 1.7555 0.6555 1.8929 -8.6658 4.1192 13.6162 -2.8929 0.1318
Car -1 -1 1.7041 689.0651 778.1408 776.5419 854.1630 1.5539 1.7986 4.2744 -6.2555 6.0115 41.3565 1.5627 0.7572
Car -1 -1 0.7028 0.0000 771.5152 59.8097 967.7222 1.8062 1.9263 4.6375 -12.6852 3.4962 16.2438 0.0129 0.2147
Car -1 -1 -2.0271 1233.0316 794.4819 1355.1895 870.4912 1.5728 1.8187 4.2616 9.5801 6.7515 43.3890 -1.7915 0.2116
Car -1 -1 -1.6613 1176.6552 782.7487 1253.7338 863.5515 1.7639 1.9020 4.3545 7.3651 6.6168 43.7189 -1.4773 0.2076
Car -1 -1 -1.6449 1602.0330 759.2153 1805.7072 980.4569 1.8261 1.9513 4.9758 8.9273 3.7054 18.2542 -1.1495 0.1197
