Pedestrian -1 -1 1.8669 253.7995 738.4576 329.5969 888.0790 1.8454 0.7230 0.7457 -8.7204 3.3580 19.5003 1.4321 0.5920
Pedestrian -1 -1 1.5409 372.4372 754.5307 419.6639 878.6153 1.6769 0.6105 0.6738 -8.1426 3.5809 21.5356 1.1707 0.5430
Pedestrian -1 -1 0.5992 0.0000 698.5880 118.3405 950.8582 1.6544 0.6047 0.7269 -6.3337 2.1766 10.2910 -0.0077 0.1879
Pedestrian -1 -1 -2.0280 1107.8042 840.2916 1142.1779 892.8157 1.4423 0.7610 0.8429 5.0190 8.1249 45.8741 -1.9032 0.1750
Pedestrian -1 -1 3.2669 563.5663 764.7634 597.1198 849.4335 1.4328 0.6771 0.5037 -6.8446 3.9818 26.8868 3.0179 0.1542
Cyclist -1 -1 -1.6829 1090.3348 772.7994 1126.6797 848.4562 1.8954 0.8400 1.8804 4.1319 6.1506 42.0839 -1.5695 0.2827
Cyclist -1 -1 -1.5929 1007.4225 786.7615 1029.0457 851.0093 1.7738 0.6650 1.9121 1.7878 6.9783 47.1189 -1.5410 0.1296
Cyclist -1 -1 -1.5565 929.8486 763.6547 968.3972 847.3130 1.8479 0.9072 1.8987 -0.2898 5.3855 37.1680 -1.5520 0.1262
Car -1 -1 -1.3963 554.3043 767.0366 679.8109 866.8102 1.5799 1.8821 4.2865 -7.2935 4.8371 32.0851 -1.6157 0.4514
Car -1 -1 -1.5997 1361.9163 782.9487 1449.3595 887.6468 1.7055 1.7723 4.3226 9.9886 5.5120 33.6947 -1.2892 0.2574
Car -1 -1 -1.5285 901.9632 775.7621 990.6824 863.8669 1.5628 1.9098 4.3005 -0.2997 5.4386 36.2265 -1.5244 0.1753
Car -1 -1 1.3302 1228.7642 776.6446 1317.6056 846.5883 1.5976 1.7369 4.4458 9.5519 6.5037 46.1108 1.5523 0.1215
