Pedestrian -1 -1 1.8616 328.0118 738.3889 392.5193 866.8163 1.7844 0.7142 0.6715 -8.7541 3.4671 21.8023 1.4700 0.5411
Pedestrian -1 -1 1.6307 428.0148 761.4546 471.2123 872.4000 1.6700 0.6178 0.6468 -8.1639 3.8865 23.8780 1.2964 0.1951
Pedestrian -1 -1 0.5820 103.5339 723.9175 229.4982 929.4769 1.5671 0.5944 0.6856 -6.3759 2.3838 12.0194 0.0538 0.1790
Pedestrian -1 -1 1.5507 612.6288 787.0593 637.3061 849.2211 1.7010 0.6874 0.5708 -9.7039 6.4181 43.1437 1.3369 0.1742
Pedestrian -1 -1 0.7573 176.0385 742.9656 302.7625 933.7203 1.4890 0.6941 0.6724 -6.0836 2.5193 12.6245 0.2734 0.1325
Pedestrian -1 -1 0.3690 590.1979 769.3193 637.0170 849.1387 1.4229 0.7244 0.6516 -6.6276 4.2172 28.5294 0.1428 0.1248
Cyclist -1 -1 -1.5816 1092.7251 777.5413 1124.1233 853.1954 1.9090 0.8748 1.9467 4.2192 6.3848 42.8364 -1.4679 0.2512
Cyclist -1 -1 -1.6941 1011.0908 793.6949 1041.3809 855.9789 1.7321 0.7642 1.9211 2.0715 7.2504 47.9049 -1.6368 0.1392
Car -1 -1 -1.3920 596.0469 770.5488 710.1691 861.0943 1.5341 1.8176 4.0432 -6.9134 5.0368 33.9264 -1.5875 0.9218
Car -1 -1 -1.5014 904.6580 773.5295 993.0822 859.3907 1.5988 1.8646 4.0065 -0.2505 5.4889 37.0725 -1.4957 0.3078
Car -1 -1 -1.5660 1335.8192 776.9217 1421.5925 874.8304 1.7130 1.8662 4.4247 10.0938 5.6127 35.9727 -1.2711 0.2437
Car -1 -1 -0.2896 1252.0430 811.7969 1406.2441 878.8439 1.9277 1.9866 4.6433 12.2530 8.3102 50.0037 -0.0314 0.1380
Car -1 -1 -2.7976 647.8225 794.9354 785.8704 855.1213 1.4698 1.7493 3.6818 -7.2602 6.6743 44.5632 -2.9499 0.1208
