Pedestrian -1 -1 1.8904 345.6458 748.9385 408.4068 873.8508 1.7863 0.6975 0.7027 -8.7810 3.6831 22.4963 1.5101 0.4609
Pedestrian -1 -1 1.6288 439.6416 766.8537 482.1057 875.7163 1.6897 0.6293 0.6231 -8.2251 4.0611 24.5974 1.3024 0.2341
Pedestrian -1 -1 1.8599 384.6045 752.9781 440.8800 868.2722 1.6977 0.6477 0.7130 -8.5166 3.7203 23.2382 1.5020 0.1062
Pedestrian -1 -1 0.6567 226.2457 748.9100 339.1821 925.6281 1.4814 0.6783 0.6543 -6.1121 2.6333 13.4926 0.2016 0.1026
Cyclist -1 -1 -1.5955 1100.3629 776.3524 1131.9113 850.4490 1.8708 0.8787 1.9205 4.4260 6.3096 42.8311 -1.4769 0.2576
Cyclist -1 -1 0.1791 1154.4060 779.0760 1217.0104 846.3184 1.7449 0.7580 1.6367 6.3566 6.1758 42.3446 0.3450 0.1265
Cyclist -1 -1 -1.7566 989.9575 788.4819 1022.3669 851.6835 1.7630 0.6970 2.1244 1.4454 7.1904 48.5155 -1.7131 0.1083
Cyclist -1 -1 -1.6015 955.3170 786.0450 978.8676 849.5765 1.8347 0.7428 2.0593 0.1845 7.2769 49.4695 -1.5846 0.1022
Car -1 -1 1.7550 605.5917 769.7496 718.1363 860.7601 1.6016 1.8366 3.8556 -6.8151 5.1211 34.4029 1.5652 0.9118
Car -1 -1 -1.5495 1328.3022 779.3419 1414.2439 876.2189 1.7131 1.8291 4.4412 10.0521 5.7271 36.4725 -1.2595 0.3452
Car -1 -1 -1.5307 916.2382 779.9979 998.4991 862.8821 1.5316 1.8532 4.1826 -0.0425 5.6700 37.7659 -1.5191 0.1387
Car -1 -1 1.6856 685.7550 785.8722 765.7529 858.1901 1.6258 1.8821 4.3712 -7.1361 6.7820 45.6879 1.5400 0.1242
Car -1 -1 -0.3019 1259.2231 809.6242 1414.5490 877.6633 1.9551 2.0122 4.6608 12.5150 8.2687 50.0165 -0.0387 0.1216
Car -1 -1 -1.4105 663.5601 777.2197 755.1328 851.7677 1.4845 1.7609 4.1051 -6.7149 5.7919 40.2334 -1.5679 0.1039
