Pedestrian -1 -1 1.9052 166.6322 725.2993 257.0062 894.0176 1.8483 0.7115 0.8560 -8.7187 3.0503 17.4261 1.4209 0.4781
Pedestrian -1 -1 1.7927 281.5170 736.6227 345.9628 882.5514 1.7887 0.6498 0.6075 -8.3264 3.2537 19.2476 1.3700 0.4305
Pedestrian -1 -1 0.5100 521.1230 764.4108 570.7450 860.8577 1.4989 0.6710 0.5321 -6.8706 3.8445 24.7541 0.2374 0.1674
Pedestrian -1 -1 -1.4879 555.1412 777.4304 587.5909 853.0411 1.7245 0.7048 0.5746 -9.3382 5.4141 35.8306 -1.7383 0.1332
Cyclist -1 -1 -1.7974 1077.7887 777.3502 1120.9309 850.2239 1.7919 0.8261 1.8812 3.8533 6.1605 41.8693 -1.6903 0.3037
Car -1 -1 -1.3719 534.7045 771.4608 666.2131 874.3596 1.5255 1.7888 3.9513 -7.1212 4.6502 29.8804 -1.6029 0.9390
Car -1 -1 -1.5440 1367.2036 776.3786 1464.8716 882.1671 1.6480 1.7782 3.9971 9.6994 5.0827 31.7266 -1.2239 0.5690
Car -1 -1 -1.5053 894.8714 774.9783 995.4601 870.0826 1.6100 2.0022 4.5947 -0.3036 5.3726 35.1299 -1.5016 0.2598
Car -1 -1 2.7981 1276.0692 800.1220 1434.5486 865.3970 1.8252 2.0037 4.6437 12.9164 7.7245 49.1902 3.0733 0.2199
Car -1 -1 1.7496 644.3818 792.1975 738.4686 864.7213 1.5245 1.9254 4.1869 -7.7375 6.5976 43.2438 1.5812 0.1932
Car -1 -1 0.6974 0.0000 764.4384 85.1689 935.8541 1.7043 1.8838 4.3999 -13.0169 3.4366 17.5459 0.0352 0.1433
Car -1 -1 -0.3457 1416.0763 816.8315 1670.5055 921.5869 1.6645 1.9085 4.1576 11.0738 5.4814 28.6842 0.0492 0.1410
