Pedestrian -1 -1 1.0845 150.1859 783.7457 255.3819 937.0903 1.3383 0.6508 0.6943 -7.3386 2.9250 14.4746 0.5873 0.2357
Pedestrian -1 -1 3.3648 270.5092 777.6574 361.5449 920.5364 1.3264 0.6213 0.7333 -6.4918 2.9048 15.0727 2.9351 0.1851
Pedestrian -1 -1 0.5445 184.6009 766.0396 294.1981 928.2945 1.4229 0.5806 0.7311 -6.7361 2.7715 13.9749 0.0663 0.1057
Cyclist -1 -1 -0.3125 644.7933 774.0767 773.4210 894.3545 1.6486 0.7311 1.8216 -3.8881 4.0252 23.0822 -0.4767 0.3116
Cyclist -1 -1 -1.6117 1064.7444 769.3767 1102.3158 849.9103 1.8798 0.9385 1.9556 3.2170 5.7932 39.5047 -1.5153 0.3052
Cyclist -1 -1 -1.5926 891.4952 778.1501 919.6276 853.9932 1.9754 0.8110 2.0594 -1.6573 6.6156 44.2319 -1.6180 0.1443
Car -1 -1 -1.2351 285.9678 753.3601 519.2928 912.4666 1.5898 1.7820 3.7642 -7.2935 3.4648 19.9221 -1.5963 0.9802
Car -1 -1 1.5753 1212.0848 794.8674 1308.8849 903.5605 1.5211 1.7597 3.9222 5.9745 5.1280 29.6271 1.7948 0.2194
Car -1 -1 -1.6798 1562.7570 791.5897 1724.4763 954.5991 1.5905 1.8058 4.4666 9.8722 4.3023 21.9218 -1.2227 0.2073
Car -1 -1 -1.5129 842.2686 787.8925 936.9702 884.4297 1.6085 1.8795 4.3441 -1.5857 5.6096 34.5164 -1.5476 0.1716
Car -1 -1 -1.5894 937.2499 786.9930 993.4120 849.6058 1.6262 1.8581 4.1019 0.1284 7.4339 51.5273 -1.5737 0.1173
