Pedestrian -1 -1 -2.1045 117.1176 801.1570 231.5177 959.0034 1.3158 0.6788 0.6977 -7.3525 3.0189 13.9809 -2.6183 0.2644
Pedestrian -1 -1 -2.6137 139.0384 772.2374 260.4816 943.4634 1.4144 0.6244 0.7505 -6.7236 2.7494 13.2280 -3.1166 0.2389
Pedestrian -1 -1 3.4693 237.6473 791.3339 336.8628 942.3856 1.3384 0.6517 0.7102 -6.4888 2.9845 14.4240 3.0214 0.2264
Cyclist -1 -1 -1.5606 1065.3724 771.6566 1102.3560 850.7960 1.8247 0.9170 1.9074 3.2228 5.7674 39.1780 -1.4633 0.3558
Cyclist -1 -1 -0.4050 622.0383 789.0651 772.9456 921.5347 1.7090 0.7733 2.0903 -3.9391 4.2664 22.4023 -0.5766 0.2824
Cyclist -1 -1 -1.5555 890.9019 777.5073 918.0319 851.3773 1.9367 0.7483 1.9438 -1.6707 6.5484 44.2150 -1.5812 0.1396
Car -1 -1 -1.2198 259.9203 747.7178 511.8383 917.0449 1.6342 1.8024 3.9419 -7.2610 3.3832 19.3070 -1.5911 0.9809
Car -1 -1 1.5255 1234.6149 793.5251 1337.5685 903.7523 1.4833 1.8083 4.0328 6.2073 4.9790 28.8518 1.7587 0.2771
Car -1 -1 -1.7099 1560.4619 783.8661 1736.4724 953.2003 1.6389 1.8093 4.4668 9.6893 4.1687 21.3937 -1.2499 0.1591
Car -1 -1 -1.5885 928.8710 790.4803 984.8124 854.3016 1.6383 1.8369 4.1137 -0.1612 7.5318 51.1630 -1.5785 0.1211
