Pedestrian -1 -1 3.6165 95.6861 775.4485 210.5430 956.6513 1.4224 0.5950 0.6596 -6.7855 2.7205 12.5787 3.0851 0.2748
Pedestrian -1 -1 -0.9544 729.9506 918.8187 802.9863 1053.0476 1.6209 0.6147 0.8812 -2.7204 5.8394 20.9296 -1.0766 0.1642
Pedestrian -1 -1 -2.3832 0.0000 747.5378 111.4173 978.6616 1.6269 0.6460 0.7010 -6.9680 2.5843 11.2990 -2.9822 0.1452
Pedestrian -1 -1 3.0438 0.0000 798.3442 117.6593 983.3093 1.3815 0.7102 0.8053 -7.6827 2.9148 12.6913 2.4619 0.1314
Pedestrian -1 -1 0.7707 80.8810 768.5577 225.8577 986.9633 1.5901 0.6840 0.7453 -6.3951 2.7697 11.8597 0.2368 0.1273
Cyclist -1 -1 -1.6545 1076.6224 778.8250 1117.1418 859.6393 1.8308 0.9108 1.9048 3.4788 5.8934 38.5067 -1.5489 0.3250
Cyclist -1 -1 -1.6910 987.6159 794.9741 1019.1044 863.9375 1.7782 0.7340 1.9310 1.2409 6.9450 44.4401 -1.6493 0.1244
Cyclist -1 -1 -1.5141 888.9318 778.8265 919.7779 851.7697 1.9107 0.7813 1.9327 -1.6754 6.5691 44.2792 -1.5399 0.1227
Car -1 -1 1.9517 196.7537 759.4032 487.6585 943.6738 1.5628 1.8349 3.9846 -7.0997 3.3284 17.6225 1.5535 0.9513
Car -1 -1 -1.9823 1538.4644 798.9961 1659.1078 871.7956 1.5317 1.7654 4.2439 18.5834 6.8784 43.7944 -1.5590 0.3984
Car -1 -1 -1.5466 869.9156 792.9480 934.2147 860.0749 1.4771 1.8120 4.3268 -1.7712 6.8800 45.9143 -1.5730 0.1235
