Pedestrian -1 -1 2.0526 154.4196 746.7599 222.9385 872.7989 1.5276 0.6168 0.4816 -9.7292 3.0830 18.8432 1.5575 0.1164
Pedestrian -1 -1 -2.4445 1202.3840 838.4420 1264.8284 924.4026 1.3782 0.7361 0.8474 4.9737 5.3600 27.3236 -2.2440 0.1042
Pedestrian -1 -1 2.1184 127.6821 736.9303 203.5062 876.2776 1.6378 0.6565 0.4964 -9.7077 3.0250 18.2567 1.6096 0.1029
Cyclist -1 -1 -1.7003 1080.6476 771.6250 1124.0767 855.4742 1.8453 0.8634 1.9398 3.5064 5.6023 37.3134 -1.5909 0.3736
Cyclist -1 -1 -0.9231 101.9587 748.9080 209.4623 859.0372 1.8844 0.7057 2.1401 -15.6931 4.3979 29.2003 -1.4219 0.1115
Cyclist -1 -1 -1.6524 1000.2322 789.8499 1031.1895 861.9457 1.8077 0.7573 2.1242 1.5720 6.7224 43.4829 -1.6023 0.1100
Car -1 -1 2.0966 0.0000 747.0474 317.5292 1016.2910 1.5272 1.8021 4.1400 -7.1127 2.7179 12.4812 1.5403 0.5765
Car -1 -1 -1.5810 833.8690 776.8349 926.0598 878.0648 1.7054 1.9873 4.5892 -1.8765 5.4565 34.5763 -1.6243 0.3440
Car -1 -1 -1.7103 1150.8850 781.4075 1249.3027 874.6447 1.6334 1.7998 4.0686 5.5524 5.5328 35.1940 -1.5359 0.2699
Car -1 -1 1.3095 1315.2830 798.0320 1505.3315 945.4423 1.4755 1.7615 3.9503 6.3967 4.2251 21.7309 1.6240 0.1966
Car -1 -1 -1.1714 149.2800 780.6884 296.7431 867.3929 1.6249 1.8342 4.2904 -18.7007 5.8225 38.1003 -1.6267 0.1611
Car -1 -1 0.0449 778.4126 819.7037 967.2226 909.2408 1.5619 1.8553 3.8050 -1.7840 5.7302 31.0677 -0.0016 0.1064
