Cyclist -1 -1 -1.6593 1077.8729 774.7460 1120.7607 855.9426 1.8156 0.9469 1.8802 3.4841 5.7075 37.8912 -1.5520 0.3874
Cyclist -1 -1 -1.5184 1018.1273 789.3085 1048.7600 862.7553 1.8685 0.7619 2.0594 2.1280 6.8107 43.8872 -1.4556 0.1194
Cyclist -1 -1 -0.1864 802.8198 765.3823 948.2712 917.3892 1.7297 0.7177 1.7034 -1.0723 3.5267 18.5798 -0.2367 0.1104
Car -1 -1 2.0355 12.9372 742.0334 425.6217 976.9935 1.6410 1.9267 4.4141 -7.0684 2.9783 14.8611 1.5662 0.8578
Car -1 -1 -1.6509 1736.6650 763.9579 1936.0000 986.1545 1.6843 1.8159 4.3781 9.6922 3.4514 16.6452 -1.0766 0.1767
Car -1 -1 -2.1261 1678.3639 808.5451 1888.7622 918.5917 1.5112 1.7802 4.2368 16.2528 5.4370 29.8262 -1.5978 0.1762
Car -1 -1 1.7744 300.1132 779.0820 397.5152 852.3228 1.4785 1.6912 4.0683 -16.8876 5.9696 41.4064 1.3903 0.1675
Car -1 -1 -1.5407 862.0920 789.2860 928.1807 858.3856 1.5433 1.8456 4.3968 -1.9885 6.8486 46.0636 -1.5718 0.1329
Car -1 -1 -1.2295 343.6154 789.8616 449.0174 858.6867 1.6109 1.7828 4.2311 -17.8034 7.0660 47.3250 -1.5836 0.1260
Car -1 -1 -1.7168 1304.0776 794.1112 1446.7833 929.4849 1.5221 1.7423 4.0250 6.6083 4.5030 24.2265 -1.4250 0.1208
