Pedestrian -1 -1 3.2951 0.0000 796.9621 69.0881 1002.1325 1.3649 0.5980 0.6650 -7.0122 2.6853 11.0608 2.6825 0.1653
Cyclist -1 -1 -1.6942 1076.7957 771.7540 1123.0461 855.4235 1.8686 0.9590 1.9750 3.4973 5.6867 37.8853 -1.5866 0.3889
Cyclist -1 -1 -0.7058 1579.2312 799.5620 1702.8223 899.3921 1.7770 0.6835 2.2883 13.3562 5.2813 29.3880 -0.2512 0.1459
Cyclist -1 -1 -1.5901 856.9785 765.6662 887.2528 839.2505 1.8745 0.8491 1.9814 -2.5719 6.0185 43.0057 -1.6387 0.1062
Cyclist -1 -1 -1.9582 1612.6888 796.8266 1675.5430 877.6754 1.8071 0.7350 2.3273 18.0798 6.5019 39.6504 -1.5068 0.1051
Cyclist -1 -1 -1.6897 999.2310 789.0499 1033.3528 862.7313 1.8729 0.7826 2.1376 1.6061 6.8201 43.9770 -1.6392 0.1048
Car -1 -1 2.0111 96.4657 744.6791 461.0560 958.4398 1.6363 1.9280 4.2866 -7.0430 3.0902 16.0032 1.5759 0.8262
Car -1 -1 -1.9900 1556.6510 799.7779 1683.4718 875.8058 1.5422 1.7629 4.3095 18.6227 6.7639 42.4827 -1.5543 0.3040
Car -1 -1 1.8246 288.3998 783.6550 389.6024 855.9344 1.5017 1.6836 3.9579 -17.5140 6.2082 42.2591 1.4352 0.2093
Car -1 -1 -1.6715 1690.2837 772.6888 1889.4874 977.7002 1.6421 1.7893 4.3492 9.6576 3.6246 17.7122 -1.1288 0.1367
Car -1 -1 -1.5110 867.7996 787.6797 965.0901 886.7309 1.6414 1.9234 4.4968 -0.9652 5.6557 34.5908 -1.5270 0.1153
