Pedestrian -1 -1 3.4136 46.8364 789.6528 154.6897 975.2201 1.3833 0.5908 0.6426 -6.9996 2.7673 12.1879 2.8529 0.2922
Pedestrian -1 -1 0.4106 0.0000 737.9012 64.2329 985.1343 1.6936 0.5995 0.6601 -7.0382 2.5475 10.9377 -0.2107 0.2712
Pedestrian -1 -1 -1.4714 769.0948 766.9758 791.1118 825.5341 1.7246 0.6074 0.6074 -5.5511 6.1090 45.8408 -1.5822 0.1327
Pedestrian -1 -1 3.1710 626.0825 770.5426 658.6190 837.1136 1.4286 0.7370 0.7064 -7.3262 4.8178 34.3750 2.9660 0.1133
Cyclist -1 -1 -1.6532 1067.1873 772.7554 1107.7399 853.0702 1.8219 0.9117 1.9446 3.2364 5.7264 38.5111 -1.5540 0.3047
Cyclist -1 -1 -1.5338 878.2437 773.7907 909.0837 845.5775 1.8856 0.8179 1.8538 -1.9824 6.3648 44.0604 -1.5670 0.1589
Cyclist -1 -1 -1.6935 1612.6415 796.2930 1657.7792 899.3466 1.8158 0.6585 2.0728 13.9781 5.4995 31.0538 -1.2436 0.1191
Car -1 -1 1.9628 167.3789 744.7302 490.0707 947.7479 1.6921 1.9114 4.4203 -7.0819 3.2572 17.3097 1.5582 0.8566
Car -1 -1 -1.9853 1538.8934 799.4493 1660.6034 872.9845 1.5461 1.7716 4.2680 18.5933 6.9032 43.7542 -1.5615 0.4553
Car -1 -1 -1.5150 858.2076 790.9319 929.2111 860.3352 1.5328 1.8769 4.3933 -2.0203 6.8708 45.8607 -1.5470 0.2495
