Pedestrian -1 -1 1.9825 168.6730 752.7428 234.3717 875.6095 1.5123 0.6238 0.4561 -9.7387 3.1735 19.1802 1.4953 0.1289
Cyclist -1 -1 -1.6940 1074.3051 778.4601 1114.7338 860.2142 1.8232 0.8224 1.8608 3.3567 5.8024 37.8130 -1.5899 0.3422
Cyclist -1 -1 -2.3346 184.0356 778.1581 279.7019 865.1891 1.8042 0.7086 2.0971 -16.6533 5.3743 34.1418 -2.7892 0.1207
Cyclist -1 -1 -1.5874 1023.7225 797.5115 1049.9126 870.6516 1.8084 0.7340 2.0734 2.1698 6.8934 43.0006 -1.5225 0.1197
Cyclist -1 -1 -0.9483 119.8675 752.0184 224.5596 860.2299 1.8831 0.7004 2.2015 -15.7046 4.5158 29.8336 -1.4377 0.1082
Cyclist -1 -1 -1.6418 990.1339 786.5790 1018.7995 859.0796 1.8582 0.7263 2.0148 1.2580 6.7127 43.8837 -1.5994 0.1002
Car -1 -1 2.0906 0.0000 762.1428 356.9544 1016.7547 1.4956 1.8346 4.1901 -7.0665 2.8953 13.1507 1.5641 0.8427
Car -1 -1 1.2656 1294.0250 795.7108 1498.7554 946.9505 1.5769 1.8407 4.2801 6.4204 4.3994 22.5698 1.5698 0.3181
Car -1 -1 -1.7314 1143.8104 782.0853 1244.2881 873.4032 1.6315 1.8083 4.1096 5.5163 5.6202 35.8849 -1.5612 0.1807
Car -1 -1 -1.6378 826.7710 779.3465 917.7694 872.7512 1.5388 1.8531 4.5349 -2.1366 5.3772 34.8046 -1.6885 0.1424
Car -1 -1 -1.1956 231.1218 792.6974 367.1052 878.3342 1.6258 1.7600 4.4362 -17.3668 6.3051 39.4534 -1.6075 0.1391
Car -1 -1 -2.1655 1702.3728 808.5328 1932.7701 924.0622 1.5098 1.8062 4.3005 16.2724 5.3033 28.7017 -1.6193 0.1302
Car -1 -1 -1.0999 89.1332 784.0706 258.6839 877.7810 1.6528 1.8011 4.4480 -18.9318 5.7434 36.1983 -1.5818 0.1039
