Pedestrian -1 -1 1.8437 216.9912 750.8238 277.4037 871.9665 1.5802 0.6362 0.5114 -9.7643 3.3294 20.4622 1.3843 0.1397
Pedestrian -1 -1 2.7117 1312.6731 781.9243 1351.1523 850.6347 1.4607 0.6307 0.6473 8.3790 5.0502 33.8212 2.9756 0.1317
Pedestrian -1 -1 3.2152 554.6958 787.9578 594.0752 868.3073 1.3404 0.6266 0.6382 -6.9269 4.3017 26.7939 2.9629 0.1234
Cyclist -1 -1 -1.6784 1079.0227 777.4287 1120.6781 858.4842 1.8030 0.8761 1.9212 3.4931 5.7606 37.8407 -1.5707 0.3818
Cyclist -1 -1 -1.6133 1020.6825 793.0551 1049.3228 864.8218 1.8128 0.7768 2.0411 2.1408 6.8335 43.6222 -1.5499 0.1314
Cyclist -1 -1 -0.1450 787.2642 751.4034 951.3328 903.0745 1.6775 0.7216 1.8876 -1.1152 3.2448 17.9852 -0.2005 0.1202
Cyclist -1 -1 -1.5728 891.5175 778.9302 917.2144 851.9278 1.9192 0.7402 1.8583 -1.6746 6.5705 44.2192 -1.5986 0.1066
Car -1 -1 2.0559 0.0000 747.0366 398.4654 982.8694 1.5802 1.9009 4.2107 -7.1224 2.9218 14.3156 1.5663 0.8629
Car -1 -1 1.2901 1279.6785 796.3638 1460.9662 937.2202 1.5772 1.7919 4.0655 6.3721 4.5339 23.7481 1.5778 0.2024
Car -1 -1 -1.5306 862.4495 790.6623 930.2535 859.3419 1.5342 1.8610 4.3542 -1.9542 6.8917 46.1465 -1.5609 0.1802
Car -1 -1 -1.7039 1760.1580 766.2905 1936.0000 996.9257 1.6601 1.8226 4.4300 9.7046 3.4067 16.0835 -1.1120 0.1726
Car -1 -1 1.8496 262.1440 780.4703 375.3182 859.0555 1.5687 1.7297 4.1649 -17.3737 6.0212 40.6273 1.4483 0.1510
Car -1 -1 -1.2571 315.4835 788.8837 421.4718 859.4694 1.6483 1.8380 4.4456 -18.8460 7.1331 47.7467 -1.6275 0.1210
