Pedestrian -1 -1 1.7213 513.5162 788.3317 536.6852 842.5211 1.7299 0.6531 0.6574 -14.6744 7.2697 50.3226 1.4450 0.1725
Pedestrian -1 -1 -0.8545 1310.3971 768.5817 1364.5774 884.5360 1.8282 0.6757 0.5681 6.3130 4.2823 25.1036 -0.5838 0.1620
Pedestrian -1 -1 3.2528 647.1573 788.6791 668.4257 840.8686 1.7076 0.7069 0.6400 -10.4850 7.4090 51.6802 3.0618 0.1512
Pedestrian -1 -1 1.8211 544.9549 790.9068 567.2881 843.1846 1.6953 0.5938 0.6180 -13.7557 7.3672 50.7826 1.5645 0.1087
Cyclist -1 -1 -1.7093 1111.2965 772.5685 1157.0724 857.4274 1.8195 0.8805 1.8794 4.1816 5.4960 36.2891 -1.5781 0.3923
Cyclist -1 -1 -1.3298 908.5884 779.8889 963.2428 869.0046 1.8487 0.8738 1.7778 -0.5855 5.6128 35.3522 -1.3342 0.1088
Cyclist -1 -1 -1.5645 881.8149 772.1008 907.8591 844.0364 1.9499 0.7558 1.9073 -2.0103 6.5177 45.4412 -1.5969 0.1068
Car -1 -1 -1.9524 1518.5566 801.7126 1638.9611 878.2274 1.5590 1.7675 4.3295 17.5781 6.8767 42.7853 -1.5406 0.3011
Car -1 -1 -1.5181 864.8414 778.0511 962.0945 876.3442 1.6490 1.9311 4.2607 -1.0183 5.3513 33.9890 -1.5364 0.2733
Car -1 -1 -1.5739 974.8943 770.0350 1028.4031 826.8502 1.5335 1.7923 3.7352 1.4228 6.7620 51.9728 -1.5330 0.1941
Car -1 -1 -1.6287 960.4939 776.5247 1022.5316 842.6094 1.5150 1.7362 4.3694 0.8977 6.4648 46.6127 -1.5961 0.1235
