Pedestrian -1 -1 1.8141 496.1656 795.9686 524.1025 856.5493 1.6557 0.6317 0.6424 -12.9976 6.6238 43.0957 1.5272 0.3491
Pedestrian -1 -1 1.8158 455.0029 791.0734 485.0482 852.6045 1.6500 0.6628 0.6751 -13.9244 6.4014 42.4002 1.5037 0.3469
Pedestrian -1 -1 1.7199 518.9954 795.3540 546.0253 860.5388 1.7691 0.6430 0.7331 -12.3533 6.7277 43.0994 1.4472 0.2238
Cyclist -1 -1 -1.7288 1125.0559 773.5714 1174.7686 865.0150 1.8411 0.8700 1.8719 4.2882 5.3267 34.1177 -1.5868 0.3840
Cyclist -1 -1 -1.6051 869.7761 762.5831 895.5545 833.0892 1.8867 0.7259 1.8135 -2.3512 6.0776 44.5873 -1.6464 0.1977
Cyclist -1 -1 -1.5435 900.2689 767.4429 928.2763 835.5380 1.8266 0.7679 1.7782 -1.3979 6.1766 44.7434 -1.5627 0.1687
Car -1 -1 -1.6296 866.6588 780.3665 958.1537 874.8730 1.5258 1.8420 4.2200 -1.1563 5.2338 33.4893 -1.6528 0.3766
Car -1 -1 -1.3516 981.2152 764.6383 1073.7650 835.0594 1.4820 1.7100 4.1941 1.9439 5.6784 42.6576 -1.2922 0.1848
Car -1 -1 0.4158 300.5841 785.1744 463.8469 845.9119 1.7448 2.0202 4.6813 -19.3412 7.2331 50.0751 0.0533 0.1638
Car -1 -1 -1.5758 940.8315 783.9034 997.4851 848.3801 1.5665 1.7635 4.1139 0.2736 6.9548 48.6075 -1.5570 0.1397
