Pedestrian -1 -1 1.7177 531.4297 785.6613 554.4483 841.2165 1.7285 0.6377 0.6106 -13.6599 7.0156 48.8412 1.4523 0.2739
Pedestrian -1 -1 1.6190 508.1064 784.4799 531.5732 843.2462 1.7982 0.6918 0.6843 -14.2869 7.0082 48.4115 1.3391 0.2038
Pedestrian -1 -1 1.8318 560.2734 786.5068 582.8704 840.4368 1.6861 0.5565 0.6878 -12.8147 7.0390 49.1860 1.5847 0.1693
Cyclist -1 -1 -1.7184 1115.1840 776.8584 1162.3280 864.4003 1.8465 0.8844 1.8290 4.2177 5.5635 35.6588 -1.5840 0.3982
Cyclist -1 -1 -1.5429 899.4385 774.0409 929.6578 846.8416 1.9516 0.8325 1.9443 -1.3982 6.5433 45.0649 -1.5617 0.1611
Cyclist -1 -1 -1.0733 194.6081 734.5455 415.1876 1035.2227 1.7452 0.6470 1.8196 -4.4451 2.5665 10.2778 -1.5240 0.1381
Car -1 -1 -1.6155 977.1608 768.7706 1034.9161 829.8622 1.5808 1.8163 4.1034 1.4698 6.6293 50.4218 -1.5728 0.4555
Car -1 -1 -1.5221 853.8969 766.1972 953.5455 866.4440 1.7401 2.0263 4.4299 -1.2550 5.2119 34.5063 -1.5471 0.2965
Car -1 -1 1.1542 1544.9431 796.6597 1676.1407 875.4696 1.5407 1.7639 4.3022 17.6312 6.4786 40.8287 1.5848 0.1954
Car -1 -1 -1.7143 1138.1279 785.1259 1209.9554 852.5571 1.7537 1.9044 4.1766 7.2020 7.4403 50.9744 -1.5580 0.1653
Car -1 -1 -1.5665 870.7998 784.5362 932.6158 852.7811 1.5619 1.8364 4.3231 -1.8191 6.7711 46.6163 -1.5934 0.1434
Car -1 -1 1.3231 1205.5580 787.6071 1366.0448 914.3075 1.7320 2.0067 4.7320 6.1555 5.1407 28.9460 1.5538 0.1188
