Pedestrian -1 -1 1.8522 478.8955 787.9984 509.6070 854.8752 1.7473 0.6256 0.7387 -12.8848 6.2893 41.2713 1.5549 0.2093
Pedestrian -1 -1 1.6178 506.0357 790.0797 530.3369 854.3875 1.6686 0.6073 0.7874 -12.3177 6.3121 41.5861 1.3355 0.1104
Cyclist -1 -1 -1.7384 1138.0806 769.7638 1188.8938 861.9052 1.8220 0.8543 1.8927 4.5169 5.1617 33.5222 -1.5871 0.3749
Cyclist -1 -1 -1.5362 877.6439 768.7854 907.6187 841.5331 1.9194 0.7967 1.8014 -2.0070 6.2321 43.9219 -1.5702 0.1799
Cyclist -1 -1 -1.6462 917.2419 762.3223 954.8597 850.7034 1.8277 0.7611 1.7590 -0.5951 5.0957 34.6547 -1.6514 0.1368
Car -1 -1 -1.5688 863.2205 770.6697 955.8348 869.3713 1.6152 1.9179 4.3577 -1.1158 5.0621 33.1628 -1.5911 0.7364
Car -1 -1 -2.7346 234.3375 814.4658 424.7902 891.3197 1.6625 1.8124 4.0561 -15.9393 6.5804 37.8667 -3.1299 0.2830
Car -1 -1 -1.6226 940.0934 787.3340 1003.2300 855.0186 1.5430 1.7972 4.2196 0.2791 6.8253 46.4927 -1.6035 0.2159
Car -1 -1 1.2569 1267.4399 800.0386 1364.1710 867.0504 1.4870 1.7976 4.0444 10.8681 7.1304 46.1107 1.5067 0.1435
Car -1 -1 1.6245 761.7727 771.1639 843.3176 858.3677 1.6303 1.7538 4.2284 -3.9018 5.4900 37.3136 1.5297 0.1168
