Pedestrian -1 -1 1.7254 460.8399 785.5424 488.7480 853.3362 1.6986 0.6070 0.6509 -12.8738 5.9906 39.5856 1.4154 0.3264
Pedestrian -1 -1 1.8295 485.2870 788.2689 513.9296 853.4764 1.6526 0.5817 0.6476 -12.3167 6.0488 39.9078 1.5350 0.2506
Cyclist -1 -1 -1.6872 1139.8346 772.0661 1190.8400 863.6257 1.7990 0.9468 1.8962 4.5479 5.1857 33.4490 -1.5346 0.4400
Cyclist -1 -1 -1.5083 878.4234 772.4363 908.3837 842.6859 1.8735 0.7591 1.8947 -2.0267 6.3942 44.8644 -1.5417 0.1858
Car -1 -1 -1.6039 866.0209 774.4977 958.6237 871.4221 1.5769 1.9302 4.3006 -1.1391 5.1309 33.3259 -1.6267 0.7997
Car -1 -1 0.6565 0.0000 752.8631 123.9514 941.2097 2.0552 2.0558 5.0616 -13.6268 3.7535 18.7962 0.0089 0.4326
Car -1 -1 -2.4712 495.4171 768.1932 666.2969 843.8837 1.5403 1.7871 4.0007 -9.7397 5.3660 38.2853 -2.7153 0.1960
Car -1 -1 -1.5206 859.4830 781.5653 926.5597 849.5461 1.5601 1.8170 4.3460 -2.0782 6.6708 46.5954 -1.5532 0.1650
Car -1 -1 -1.7087 1179.9343 777.0076 1263.3472 854.5974 1.7686 1.9606 4.5307 7.8510 6.6281 45.4639 -1.5206 0.1435
Car -1 -1 -1.6197 945.6848 781.5121 1010.3612 850.5826 1.5338 1.8012 4.3219 0.4611 6.5059 45.2936 -1.5963 0.1263
Car -1 -1 2.2937 329.0266 778.8229 496.3771 857.7183 1.4626 1.8014 4.0819 -14.0906 5.6704 38.6517 1.9472 0.1228
