Pedestrian -1 -1 1.8628 297.1794 767.4294 347.7415 863.6815 1.7671 0.7236 0.7374 -12.4111 4.5767 29.0707 1.4563 0.4266
Pedestrian -1 -1 1.7362 254.5660 769.4467 303.0689 868.1654 1.7745 0.7370 0.7325 -13.0676 4.5874 28.6511 1.3044 0.3262
Pedestrian -1 -1 -1.3374 531.1432 783.4684 556.2814 839.1260 1.7359 0.6518 0.6688 -13.6644 6.9627 48.9486 -1.6023 0.3131
Pedestrian -1 -1 1.5575 1154.5778 771.9490 1177.0583 835.4179 1.7247 0.6287 0.5784 5.8132 5.9360 42.4972 1.7099 0.2808
Cyclist -1 -1 -1.7303 1168.0361 768.3415 1225.9832 869.7758 1.7582 0.8742 1.8899 4.6418 4.6851 29.5633 -1.5557 0.4811
Cyclist -1 -1 1.6047 974.3174 766.7940 1002.3931 833.9681 1.8448 0.7772 1.9478 0.8470 6.3308 46.2805 1.6363 0.2822
Cyclist -1 -1 -2.0047 1669.9438 800.0676 1732.1455 876.7721 1.7285 0.7579 1.9160 19.3370 6.4264 39.1314 -1.5214 0.1856
Car -1 -1 -1.5016 834.1802 772.6606 937.4222 873.3859 1.6152 1.8978 4.2923 -1.5691 5.0451 32.5378 -1.5391 0.5035
Car -1 -1 0.5983 10.0151 778.8165 275.5238 875.6343 1.5480 1.8130 4.1300 -15.5300 4.5931 28.4895 0.0935 0.4085
Car -1 -1 1.1296 1680.8551 809.1270 1835.7977 896.3260 1.5496 1.9352 4.1347 19.9889 6.4579 37.7112 1.6421 0.1791
