Pedestrian -1 -1 1.8165 358.6653 771.9434 400.8682 855.4120 1.7912 0.7413 0.7062 -13.1701 5.1619 33.8842 1.4465 0.4482
Pedestrian -1 -1 1.8397 416.7650 778.6647 455.1116 856.3436 1.7076 0.6740 0.7154 -12.2045 5.3204 34.7565 1.5040 0.4141
Pedestrian -1 -1 1.4781 983.2639 795.9247 1002.2207 844.6575 1.5964 0.6051 0.6865 1.0896 7.5706 51.8776 1.5127 0.3640
Pedestrian -1 -1 1.6030 1138.5768 776.5914 1158.6173 832.3430 1.7171 0.6145 0.5511 6.0326 6.6340 48.1484 1.7434 0.3059
Cyclist -1 -1 -1.7013 1155.7980 770.9406 1205.0598 865.3417 1.7573 0.8286 1.8683 4.6324 4.9472 31.7166 -1.5382 0.4096
Cyclist -1 -1 1.4781 983.2639 795.9247 1002.2207 844.6575 1.5964 0.6051 0.6865 1.0896 7.5706 51.8776 1.5127 0.1138
Car -1 -1 -1.4892 863.7361 776.5689 967.2814 871.3636 1.5215 1.9095 4.4485 -0.9530 5.1590 33.5843 -1.5060 0.6022
Car -1 -1 3.7757 0.0000 741.2208 138.3384 942.0905 2.1395 2.1590 4.9951 -13.1737 3.6502 18.3161 3.1308 0.5081
Car -1 -1 -1.6186 1011.1775 770.1578 1084.3641 848.4958 1.5177 1.7259 3.7912 2.1505 5.3938 37.9894 -1.5476 0.2336
Car -1 -1 3.1697 225.3489 770.9885 437.6235 851.6447 1.4370 1.8257 4.3667 -14.3241 4.9397 34.2166 2.7730 0.1896
