Pedestrian -1 -1 1.8148 373.7698 774.9979 416.0876 860.0465 1.7353 0.7088 0.6837 -12.2038 5.0094 32.2393 1.4531 0.4214
Pedestrian -1 -1 1.8375 317.9772 770.8694 366.3296 861.3283 1.8076 0.7794 0.7343 -13.0886 4.9355 31.6314 1.4442 0.3860
Pedestrian -1 -1 1.5935 1155.8918 763.9442 1177.8308 822.3092 1.7022 0.6404 0.6063 6.2785 5.9803 45.6573 1.7464 0.2613
Pedestrian -1 -1 -0.3834 1829.2900 784.8475 1936.0000 957.4515 1.6331 0.8064 0.9772 9.7219 3.3534 15.5819 0.2252 0.1959
Pedestrian -1 -1 1.5009 984.7820 768.7029 1006.9872 823.8522 1.7205 0.6844 0.9826 1.1485 6.5554 49.7765 1.5374 0.1722
Pedestrian -1 -1 1.9306 481.1317 784.6342 509.9842 844.3053 1.7089 0.6418 0.6414 -14.0084 6.5511 44.9919 1.6348 0.1674
Cyclist -1 -1 -1.7162 1172.5472 774.4981 1224.9719 868.0942 1.6734 0.8345 1.8375 4.8501 4.8321 30.6442 -1.5405 0.3989
Cyclist -1 -1 1.3347 979.9111 766.6116 1011.8832 823.8726 1.7163 0.7326 1.5931 1.1478 6.5259 49.9006 1.3711 0.2641
Cyclist -1 -1 -1.8478 1581.4137 789.6058 1653.7611 905.5164 1.9079 0.7747 2.1462 12.6677 5.2174 28.9262 -1.4072 0.1953
Car -1 -1 -1.5385 856.9591 772.2333 955.1803 869.0098 1.5528 1.9665 4.4464 -1.1463 5.0262 33.0231 -1.5620 0.5275
Car -1 -1 -1.6136 1020.3110 766.3907 1094.8516 846.9374 1.4938 1.6943 3.7153 2.2873 5.1017 36.2462 -1.5359 0.3022
Car -1 -1 0.4670 79.3210 786.7443 333.5006 874.5086 1.5601 1.8225 4.3265 -15.5047 5.0001 30.8705 -0.0014 0.2687
Car -1 -1 3.8298 0.0000 751.7057 63.8759 974.8471 2.0808 2.0887 5.0168 -12.8769 3.5473 16.2271 3.1321 0.2168
