Pedestrian -1 -1 1.8966 362.1230 774.6680 407.8685 861.7334 1.7469 0.7141 0.7082 -12.1879 4.9529 31.6428 1.5287 0.4906
Pedestrian -1 -1 -1.3695 555.6757 781.5610 580.0583 838.2103 1.8372 0.6777 0.6619 -13.3517 7.1917 50.7649 -1.6187 0.2740
Pedestrian -1 -1 1.8446 315.9670 768.8516 364.7984 862.6963 1.8161 0.7255 0.8614 -12.8039 4.8319 30.8578 1.4498 0.2655
Pedestrian -1 -1 1.4535 985.0091 768.9341 1008.6868 824.8120 1.7216 0.6848 0.9222 1.1640 6.4952 49.0743 1.4907 0.2622
Pedestrian -1 -1 1.8881 475.4821 803.0874 504.6068 862.9562 1.6809 0.6512 0.6442 -13.9463 6.9949 44.2690 1.5893 0.2612
Pedestrian -1 -1 1.6130 1159.9537 772.6812 1182.4056 831.9885 1.6905 0.6314 0.6011 6.2847 6.1493 44.7627 1.7689 0.2518
Cyclist -1 -1 -1.7509 1162.1566 768.1690 1217.8162 865.3818 1.7377 0.8240 1.9243 4.6540 4.7569 30.5474 -1.5812 0.4603
Cyclist -1 -1 -2.0542 1576.4153 793.6832 1663.5310 904.1691 1.7887 0.7015 1.9981 12.4438 5.0989 28.3166 -1.6118 0.1919
Cyclist -1 -1 1.4528 984.6771 768.2458 1009.4756 824.9448 1.7337 0.7077 1.0492 1.1707 6.4900 49.0678 1.4901 0.1284
Car -1 -1 -1.5319 853.3900 773.0868 952.0988 868.5919 1.5602 1.9740 4.2866 -1.2320 5.0713 33.2766 -1.5578 0.7136
Car -1 -1 -2.6283 56.4386 793.5175 309.1636 885.6225 1.5861 1.8604 4.1816 -15.7514 5.1261 30.3990 -3.1096 0.3754
