Pedestrian -1 -1 1.8607 266.6856 771.5710 318.4241 872.7891 1.7261 0.6771 0.7320 -12.1083 4.4235 27.0939 1.4355 0.4214
Pedestrian -1 -1 1.8682 196.4131 775.4848 254.6560 880.0120 1.7269 0.7298 0.7827 -12.9985 4.4341 26.4386 1.4050 0.3189
Pedestrian -1 -1 1.4996 1161.7412 780.8347 1185.7942 849.8962 1.7870 0.6131 0.5974 5.7499 6.0423 40.4841 1.6575 0.2025
Pedestrian -1 -1 -1.2932 485.7865 810.2129 506.6681 859.0004 1.5334 0.5315 0.5229 -15.3246 7.6738 49.2861 -1.5872 0.1756
Pedestrian -1 -1 -1.3299 503.4524 782.3439 528.5546 841.1913 1.8033 0.6424 0.5964 -14.2307 6.8690 47.8038 -1.6124 0.1626
Cyclist -1 -1 -1.7265 1170.4774 768.5474 1226.5339 873.3751 1.7840 0.8198 1.9414 4.5997 4.6744 29.1113 -1.5507 0.4186
Cyclist -1 -1 1.7031 963.6324 773.6581 997.9111 842.1050 1.7859 0.7615 1.7504 0.5824 6.2510 43.9623 1.7295 0.3940
Car -1 -1 1.7088 627.3185 792.0892 697.8869 856.1574 1.5928 1.7342 4.3192 -10.1052 7.5246 50.8576 1.5220 0.3477
Car -1 -1 0.7220 30.5180 776.6321 302.2260 875.3666 1.4341 1.7218 4.2640 -14.3701 4.3172 27.0960 0.2275 0.2400
Car -1 -1 -1.8050 1224.3479 775.0067 1350.5565 875.8062 1.7337 1.9388 4.4544 7.4506 5.4295 34.5901 -1.5730 0.1766
