Pedestrian -1 -1 1.8250 224.8988 772.2179 277.4910 876.2257 1.7078 0.6782 0.7032 -12.3995 4.3223 26.1294 1.3756 0.3052
Pedestrian -1 -1 1.8450 481.9551 800.5084 503.4162 848.5618 1.4991 0.5513 0.4979 -15.2802 7.2563 48.7717 1.5484 0.2524
Pedestrian -1 -1 -1.3016 497.0037 781.3811 522.0135 840.0909 1.7765 0.6153 0.5997 -14.2511 6.7457 47.1837 -1.5884 0.2514
Pedestrian -1 -1 -1.3301 471.6049 796.5792 498.5852 855.6566 1.7724 0.6914 0.5545 -14.9293 7.1903 46.8950 -1.6315 0.2003
Pedestrian -1 -1 1.4809 1157.1025 784.1158 1182.2534 854.1489 1.7647 0.6143 0.6259 5.5056 6.0085 39.5271 1.6361 0.1727
Pedestrian -1 -1 1.6614 966.7037 771.8219 996.9480 840.4559 1.8204 0.7450 1.2951 0.6010 6.1411 43.2913 1.6885 0.1362
Cyclist -1 -1 -1.7342 1168.7990 777.7050 1228.0438 883.1051 1.7508 0.8490 1.9473 4.5253 4.7793 28.6588 -1.5585 0.4275
Cyclist -1 -1 1.5752 967.7114 776.7256 995.3150 844.1057 1.7634 0.7731 1.4950 0.5931 6.2386 43.3196 1.6021 0.2197
Cyclist -1 -1 3.5335 69.6688 784.1550 196.0023 894.3268 1.7041 0.8510 1.6619 -13.9194 4.4399 25.1669 3.0200 0.1819
Car -1 -1 0.7367 0.0000 777.6020 288.4944 877.5172 1.3891 1.7290 4.4209 -14.3094 4.2065 26.2468 0.2296 0.5185
Car -1 -1 -1.4042 812.5566 783.1150 932.9368 880.9838 1.5095 1.8792 4.3694 -1.8544 5.2131 32.7246 -1.4503 0.3995
Car -1 -1 1.7486 611.4268 787.4249 693.4776 856.8698 1.6835 1.8258 4.6203 -10.1491 7.3110 49.4560 1.5552 0.2656
