Pedestrian -1 -1 1.8591 412.6263 802.2531 442.1906 859.7620 1.6115 0.6733 0.6186 -15.7892 6.8965 44.2379 1.5218 0.3767
Pedestrian -1 -1 2.0112 75.7826 762.1420 149.0238 888.1207 1.7237 0.7015 0.6843 -12.2772 3.7444 21.6451 1.4814 0.3751
Pedestrian -1 -1 -1.4118 439.7072 802.3485 466.6250 865.6666 1.7526 0.6563 0.5898 -14.8334 6.9750 43.6671 -1.7334 0.3256
Pedestrian -1 -1 1.4312 1182.6489 794.0052 1213.4430 869.6096 1.6866 0.6459 0.5880 5.5433 5.6825 35.0316 1.6061 0.2885
Pedestrian -1 -1 -1.3217 413.5746 802.8730 441.6185 861.7265 1.6151 0.6341 0.6041 -15.4694 6.8142 43.3572 -1.6591 0.2172
Pedestrian -1 -1 2.0692 0.0000 767.1354 84.1908 898.6299 1.7126 0.7387 0.9485 -12.9765 3.7626 21.0547 1.5014 0.2133
Pedestrian -1 -1 -1.2747 445.2152 795.5347 472.0025 853.1341 1.6322 0.6212 0.5333 -14.8781 6.7149 44.2710 -1.5932 0.1690
Cyclist -1 -1 -1.7610 1159.3452 782.0520 1217.8341 890.8424 1.7032 0.7510 1.7434 4.0617 4.6153 26.8318 -1.5914 0.5021
Car -1 -1 1.7750 553.6484 797.4686 646.3071 870.6577 1.4912 1.7261 3.9717 -10.0695 6.5621 41.9371 1.5465 0.8247
Car -1 -1 -2.2741 0.0000 772.0259 201.0167 889.3113 1.3465 1.7645 3.9673 -13.5731 3.6729 22.2097 -2.8369 0.3402
Car -1 -1 -3.7583 1914.5229 852.2493 1936.0000 990.9592 2.3087 2.0951 4.8544 22.1711 7.0311 29.8934 -3.0908 0.1660
