Pedestrian -1 -1 1.5708 1254.1179 767.0781 1288.6466 855.1897 1.6535 0.6575 0.6181 6.1506 4.5079 29.6480 1.7962 0.4460
Pedestrian -1 -1 1.9792 369.8730 782.9102 407.8861 850.2612 1.6843 0.7146 0.7068 -15.1151 5.8972 39.5017 1.6169 0.3312
Pedestrian -1 -1 -1.2486 425.2498 780.0260 457.2095 847.4403 1.7519 0.6382 0.6823 -14.1804 6.0187 40.7887 -1.5790 0.2306
Cyclist -1 -1 -1.7948 1170.7711 765.6404 1237.2892 884.2619 1.7671 0.7629 1.8076 4.1002 4.2423 25.3799 -1.6145 0.4085
Cyclist -1 -1 1.5516 990.1581 775.6313 1024.7727 868.0346 1.7860 0.7301 1.6023 0.9949 5.1292 32.3581 1.5961 0.2013
Cyclist -1 -1 -1.4598 727.6230 782.4095 762.5753 856.8499 1.8614 0.7539 1.9674 -6.1443 6.4514 42.5859 -1.5938 0.1617
Cyclist -1 -1 -1.9431 1566.8844 799.2552 1623.3508 877.2017 1.7863 0.6940 2.1904 17.0834 6.6210 40.3553 -1.5198 0.1353
Car -1 -1 1.7807 505.5285 787.3692 620.7917 877.5447 1.4731 1.7081 3.8183 -8.8122 5.3114 33.3839 1.5265 0.8581
Car -1 -1 -1.8936 1311.8184 768.8947 1506.0524 908.9081 1.7728 1.9655 4.4983 7.5913 4.4791 25.8451 -1.5823 0.2446
Car -1 -1 1.1731 1522.1034 799.4049 1641.0945 870.6876 1.4780 1.7649 4.2428 17.9992 6.8145 43.5967 1.5866 0.1844
Car -1 -1 -1.6317 934.0501 760.6780 1062.8396 890.7508 1.4806 1.7949 3.9406 0.4924 3.7661 23.1783 -1.5975 0.1577
