Pedestrian -1 -1 1.5775 1240.0416 771.1765 1275.5883 860.8124 1.6912 0.6809 0.7201 5.9587 4.6706 30.0332 1.7937 0.3801
Pedestrian -1 -1 1.9055 373.0145 782.5358 409.1950 850.3198 1.7126 0.7027 0.7185 -15.1949 5.9538 39.8657 1.5447 0.3066
Pedestrian -1 -1 -1.2575 413.4336 775.3837 448.2060 845.1113 1.8012 0.6744 0.8146 -14.4806 5.9524 40.8378 -1.5943 0.1648
Cyclist -1 -1 -1.7582 1169.7272 770.1063 1231.3203 885.7217 1.7307 0.7469 1.8205 4.0761 4.3047 25.5951 -1.5803 0.3998
Cyclist -1 -1 1.4385 973.8039 771.3239 1019.2377 863.3069 1.7631 0.7691 2.0025 0.7629 5.0942 32.9878 1.4751 0.2343
Cyclist -1 -1 1.5946 1243.6101 790.4482 1277.9171 870.2551 1.6713 0.7431 2.0880 7.4193 5.8887 36.9941 1.8115 0.1507
Cyclist -1 -1 -1.5566 809.0134 749.7733 848.8163 852.9428 1.9541 0.7923 1.7743 -2.7706 4.6557 31.4415 -1.6357 0.1481
Car -1 -1 1.7985 499.7046 788.4045 616.7373 876.9128 1.4684 1.7202 3.8670 -9.0878 5.4003 34.0034 1.5414 0.7636
Car -1 -1 -1.6172 935.7282 764.7731 1059.4950 897.4138 1.5344 1.7721 3.8612 0.4974 3.8986 23.3351 -1.5828 0.2348
Car -1 -1 -1.5234 749.8568 769.5810 858.5440 879.4951 1.6476 1.9624 4.4926 -3.1448 4.8425 30.7330 -1.6170 0.1815
Car -1 -1 2.7284 1410.9849 811.7305 1648.2079 911.7410 1.6944 1.8329 4.0447 11.3052 5.5546 29.9283 3.1152 0.1545
