Pedestrian -1 -1 1.9772 377.3780 786.9861 415.6575 853.0700 1.7082 0.7459 0.7442 -15.4641 6.1902 40.9609 1.6201 0.2882
Pedestrian -1 -1 1.6164 1225.6040 771.2906 1259.4646 858.4961 1.7118 0.6495 0.7041 5.8697 4.8067 31.1935 1.8221 0.2058
Pedestrian -1 -1 -1.2436 422.2051 777.7474 454.0616 842.1932 1.7045 0.6480 0.6827 -14.5218 5.9836 41.5230 -1.5758 0.1875
Cyclist -1 -1 -1.7888 1166.3114 772.9340 1228.1006 889.5834 1.7429 0.6918 1.8805 4.0386 4.3833 25.7196 -1.6132 0.3901
Cyclist -1 -1 1.3504 968.2104 770.1850 1021.2047 860.4480 1.7764 0.8038 2.0149 0.7422 5.1753 33.9208 1.3856 0.2842
Cyclist -1 -1 1.7460 1217.0609 789.2675 1261.6647 869.2143 1.7659 0.7753 1.8653 7.1135 6.0751 38.1956 1.9485 0.1801
Cyclist -1 -1 -1.5386 810.1321 748.5229 851.4261 846.6165 1.8947 0.8095 1.7923 -2.7885 4.6240 32.1017 -1.6164 0.1544
Car -1 -1 1.8099 511.2752 785.6481 626.4539 869.1038 1.4713 1.7733 3.9518 -9.3696 5.5544 35.9991 1.5600 0.7745
Car -1 -1 -1.4768 766.9596 768.5681 878.7186 871.3279 1.6018 1.9015 4.2380 -2.8281 4.8234 31.4018 -1.5577 0.1656
Car -1 -1 1.0964 1923.2158 820.9150 1936.0000 927.6987 1.5909 1.8256 4.4907 23.4885 6.2704 33.3341 1.7388 0.1465
Car -1 -1 -1.4081 706.8324 787.7158 793.6034 858.5032 1.5096 1.8154 4.4726 -6.2276 6.6099 44.5799 -1.5372 0.1416
