Pedestrian -1 -1 1.9859 0.0000 756.5936 47.2908 900.6330 1.7340 0.6962 0.7316 -12.2660 3.4611 19.1915 1.3977 0.3781
Pedestrian -1 -1 1.9536 392.4262 790.0482 429.1508 853.0817 1.6753 0.7531 0.7211 -15.4840 6.3632 42.0762 1.6055 0.3351
Cyclist -1 -1 -1.8020 1161.9298 772.2059 1227.0178 885.8441 1.7188 0.7524 1.8016 4.0240 4.3634 25.9274 -1.6283 0.4680
Cyclist -1 -1 1.6252 957.4295 770.5421 995.9786 858.7543 1.8320 0.7816 1.9414 0.3769 5.3722 35.3522 1.6489 0.2189
Cyclist -1 -1 1.6412 1215.2827 791.6207 1252.1576 869.8631 1.7503 0.7752 1.9369 7.0986 6.2035 38.9079 1.8398 0.1882
Car -1 -1 1.7931 533.5085 792.7654 640.1990 873.3285 1.4846 1.7612 4.0110 -9.4394 5.9756 37.9898 1.5554 0.8809
Car -1 -1 -2.9117 804.7001 771.6156 942.2819 831.1940 1.5378 1.6963 3.8994 -2.6572 6.1326 45.6449 -2.9585 0.1682
Car -1 -1 -1.6229 927.8539 760.3555 1046.6554 888.1843 1.5865 1.8202 4.1693 0.3548 4.0540 25.1334 -1.5961 0.1573
Car -1 -1 -1.6464 609.7319 761.4022 714.1681 872.8876 1.6604 1.7565 4.2237 -6.0877 4.6152 30.1011 -1.8417 0.1572
Car -1 -1 2.7439 1387.5386 816.5363 1601.9965 908.5903 1.6659 1.8355 3.9414 11.4015 5.9092 32.1316 3.1089 0.1492
