Pedestrian -1 -1 1.5695 1262.1138 776.9016 1298.1886 868.6448 1.6734 0.6700 0.6297 6.1713 4.6528 28.9290 1.8010 0.3812
Pedestrian -1 -1 1.9500 371.1764 782.1920 407.1333 850.9066 1.6995 0.6709 0.6730 -14.8764 5.8267 38.8961 1.5877 0.3143
Pedestrian -1 -1 -1.2429 418.4267 779.1777 451.7534 848.6490 1.7779 0.6474 0.7173 -14.1528 5.9661 40.2353 -1.5771 0.1446
Cyclist -1 -1 -1.7946 1187.2189 771.8096 1254.9241 890.7198 1.7405 0.7706 1.7892 4.3293 4.2890 25.0356 -1.6026 0.5112
Cyclist -1 -1 1.5516 994.4444 780.0202 1030.6201 875.9225 1.7604 0.7378 1.8691 1.0729 5.1209 31.4519 1.5996 0.2722
Cyclist -1 -1 -1.4677 746.5303 787.8259 778.4766 863.0856 1.8342 0.6573 2.1191 -5.5879 6.5400 42.1269 -1.5899 0.1645
Cyclist -1 -1 -1.7881 1594.0852 790.4534 1639.8250 869.8311 1.8151 0.7339 2.0378 17.4127 6.3348 39.7520 -1.3519 0.1429
Car -1 -1 1.8064 496.8916 786.9481 623.5666 881.3182 1.4811 1.7456 4.0027 -8.6095 5.2133 32.4231 1.5504 0.8572
Car -1 -1 -1.9028 1324.7268 771.2242 1526.2339 912.7479 1.7254 1.9516 4.5260 7.6719 4.4140 25.2045 -1.5810 0.2413
Car -1 -1 1.1544 1545.4296 799.4955 1671.2174 873.3992 1.4946 1.7792 4.2431 18.2787 6.7001 42.4532 1.5835 0.1782
