Pedestrian -1 -1 1.5940 1277.4539 776.6122 1318.9067 874.5043 1.7092 0.7234 0.7340 6.3010 4.5906 27.9531 1.8377 0.6902
Pedestrian -1 -1 1.9099 359.6611 788.0892 394.2610 860.5590 1.7506 0.6467 0.6174 -14.7957 5.9187 37.8770 1.5402 0.1428
Cyclist -1 -1 -1.7814 1196.6144 778.1653 1264.8553 898.2238 1.7005 0.7714 1.7816 4.3695 4.2891 24.3623 -1.5826 0.4992
Cyclist -1 -1 -1.8192 1690.2474 786.0424 1758.2188 899.4500 1.8144 0.7021 2.0937 14.3402 4.9672 28.1570 -1.3179 0.1852
Cyclist -1 -1 -1.4760 736.4401 776.6678 770.2831 850.9745 1.8511 0.7536 1.8480 -5.8307 6.2102 42.0155 -1.6047 0.1777
Cyclist -1 -1 -1.8583 1588.1680 800.9606 1636.5778 878.2571 1.7553 0.6676 2.0634 17.3547 6.5788 39.9005 -1.4249 0.1749
Cyclist -1 -1 1.8323 494.5901 820.5919 527.4951 879.7569 1.6840 0.6171 1.6264 -14.6855 8.1784 48.8090 1.5482 0.1173
Cyclist -1 -1 1.5469 1011.1690 776.3577 1045.8109 871.9664 1.7800 0.6925 1.2814 1.3672 4.9414 30.5620 1.6059 0.1167
Car -1 -1 1.7899 482.1887 780.9298 616.4238 882.3748 1.4959 1.7721 4.1882 -8.3723 4.9255 30.7393 1.5265 0.4953
Car -1 -1 1.2356 1348.6571 771.5717 1553.2604 920.2114 1.7406 1.8641 4.3998 7.7287 4.3168 24.0632 1.5741 0.1809
Car -1 -1 1.0982 1623.1023 800.4326 1824.8616 913.4532 1.5550 1.8131 4.5528 15.1495 5.3469 30.0079 1.5944 0.1612
Car -1 -1 0.5783 0.0000 807.3173 135.7023 925.8070 1.5615 1.8069 4.0758 -15.5276 4.5455 23.5264 -0.0162 0.1507
Car -1 -1 -1.9834 1520.8829 798.2773 1649.9724 876.6882 1.5799 1.7824 4.5335 17.6137 6.7630 42.4369 -1.5678 0.1452
