Pedestrian -1 -1 1.3156 1534.5914 793.4965 1607.8984 942.0817 1.7205 0.6950 0.8043 7.6580 3.8915 18.8024 1.7387 0.7459
Pedestrian -1 -1 -3.3561 1914.9380 849.3563 1936.0000 948.6424 1.9557 0.8356 0.8611 21.3133 6.9162 32.4988 -2.7479 0.1736
Pedestrian -1 -1 -1.6001 1241.5859 755.6822 1304.1781 932.1937 1.7104 0.6207 0.6895 3.2253 3.0998 15.4858 -1.3656 0.1499
Pedestrian -1 -1 1.3169 1139.4673 762.5162 1215.0160 899.0516 1.7547 0.7502 1.5054 3.0987 3.8129 21.5821 1.4800 0.1125
Cyclist -1 -1 -1.8556 1301.8002 784.8453 1391.5090 927.6967 1.7146 0.7496 1.9639 5.4181 4.0808 21.1388 -1.5778 0.3873
Cyclist -1 -1 1.2144 1135.4119 768.1624 1224.7795 908.1156 1.7341 0.7211 1.7657 3.1046 3.8719 21.3801 1.3793 0.3698
Cyclist -1 -1 1.7593 469.6719 821.3071 514.0470 899.8165 1.7164 0.7607 1.7146 -11.9334 6.8325 38.0601 1.4610 0.1639
Car -1 -1 1.9067 234.6567 774.4005 524.6876 964.8785 1.4347 1.7889 3.9184 -6.1802 3.2724 16.3884 1.5299 0.8590
Car -1 -1 -1.4360 837.7225 784.0029 958.8052 893.5728 1.6201 1.8799 4.3325 -1.2192 5.1486 30.9114 -1.4643 0.4494
Car -1 -1 -0.0440 1455.3801 807.1252 1599.1310 873.6436 1.6041 1.8475 4.0647 17.3798 7.4062 46.0707 0.3374 0.1459
Car -1 -1 -1.3398 8.3770 748.8752 287.9105 962.9351 1.7277 1.8780 4.8498 -9.3592 3.4062 17.6580 -1.8468 0.1303
