Pedestrian -1 -1 1.3314 1431.4452 773.4863 1492.0850 901.1035 1.7589 0.7079 0.7280 7.3374 3.9796 21.9485 1.6840 0.6485
Pedestrian -1 -1 -1.3366 383.7121 801.6254 421.7316 877.8290 1.7337 0.7292 0.6377 -13.4615 6.0370 36.0541 -1.6910 0.3487
Pedestrian -1 -1 1.7592 316.6042 813.7482 358.6283 899.9425 1.7281 0.7149 0.7147 -13.4469 5.8552 32.2587 1.3650 0.3183
Pedestrian -1 -1 1.3697 1088.4243 783.7130 1137.7322 896.0561 1.6960 0.6311 1.0247 2.4923 4.3688 24.6310 1.4880 0.2883
Pedestrian -1 -1 1.9897 218.5775 765.8589 278.3632 873.1454 1.6259 0.6435 0.6874 -11.4083 3.9168 23.9496 1.5362 0.2014
Pedestrian -1 -1 1.9516 347.5049 806.3519 387.9855 883.7858 1.6214 0.6466 0.6243 -13.1313 5.6753 33.0965 1.5750 0.1812
Pedestrian -1 -1 -2.3918 1807.4401 827.7939 1859.8340 922.3654 1.7670 0.6744 0.6082 17.4736 5.8837 29.9606 -1.8344 0.1616
Cyclist -1 -1 1.2250 1096.3650 773.6761 1169.5780 894.1772 1.6995 0.6649 1.7007 2.7622 4.1988 24.2200 1.3566 0.3523
Cyclist -1 -1 -1.8488 1263.6836 777.5385 1345.5978 911.9090 1.7279 0.7406 1.8968 5.1101 4.1089 22.3677 -1.5995 0.3471
Car -1 -1 1.8688 374.6663 779.7484 583.7501 925.9114 1.4863 1.7551 4.0467 -6.8054 3.9287 21.5530 1.5576 0.8140
Car -1 -1 -1.4072 1448.8921 761.7611 1646.4868 920.4128 1.7012 1.9353 4.4231 8.9230 3.9813 22.5306 -0.9981 0.1836
