Pedestrian -1 -1 1.4545 1346.4481 776.4097 1394.3345 887.1695 1.7561 0.7208 0.6335 6.8638 4.3383 25.1114 1.7466 0.4522
Pedestrian -1 -1 -1.2512 416.5884 788.3391 450.8527 858.7495 1.7182 0.6609 0.6330 -13.5105 5.9403 38.3092 -1.5866 0.3342
Pedestrian -1 -1 1.3910 1054.5073 789.3364 1098.3376 890.3196 1.7069 0.6497 0.9975 2.1116 4.7900 27.5134 1.4835 0.2336
Pedestrian -1 -1 2.0025 364.3356 796.8011 400.2405 870.4553 1.6665 0.6048 0.5918 -13.7879 5.7975 35.6217 1.6354 0.1971
Cyclist -1 -1 -1.7982 1229.2041 768.9699 1310.4596 898.3758 1.7583 0.8710 1.9348 4.8109 4.1101 23.4438 -1.5728 0.4658
Cyclist -1 -1 -1.5228 734.3107 783.8568 769.9323 861.5981 1.8639 0.8562 2.1484 -5.7881 6.3905 41.4803 -1.6521 0.1730
Cyclist -1 -1 -1.8498 1563.7310 774.0852 1646.5188 904.7821 1.7095 0.6880 2.0703 9.9132 4.1208 23.0944 -1.4118 0.1511
Cyclist -1 -1 -1.5248 779.0031 796.4506 806.5428 871.8819 1.7790 0.6382 1.8064 -4.5404 6.5158 40.3722 -1.6267 0.1393
Car -1 -1 1.8379 437.1918 784.7789 599.7577 898.7435 1.4374 1.7581 4.0288 -7.7613 4.4966 26.5850 1.5535 0.4613
Car -1 -1 -1.4396 787.9887 779.6260 912.9983 886.3410 1.5321 1.9145 4.3991 -2.1547 4.8999 30.2885 -1.5010 0.2184
Car -1 -1 1.0097 1698.2712 801.7290 1936.0000 920.7910 1.5196 1.8667 4.4418 15.8319 5.0898 27.9583 1.5561 0.1642
Car -1 -1 -1.9931 1553.4248 804.7593 1689.3295 886.6232 1.6006 1.8573 4.3655 18.0345 6.8059 41.0833 -1.5566 0.1519
