Pedestrian -1 -1 1.4587 1367.8307 767.0769 1417.2605 883.4544 1.7733 0.7100 0.7383 6.9921 4.1217 24.2702 1.7655 0.5138
Pedestrian -1 -1 1.5530 1061.3201 776.7825 1101.1652 880.3828 1.7292 0.6989 0.8541 2.1442 4.4914 26.7428 1.6490 0.4059
Pedestrian -1 -1 -1.2640 411.4023 792.9176 447.4298 863.9995 1.7109 0.6973 0.6425 -13.4740 6.0061 37.8972 -1.6021 0.3217
Pedestrian -1 -1 1.8958 349.3062 807.1936 387.0804 879.3862 1.5830 0.6528 0.6158 -13.7779 5.8587 34.7517 1.5202 0.3130
Pedestrian -1 -1 2.8586 460.5837 791.5281 485.0748 851.8912 1.8920 0.6355 0.6247 -16.2435 7.4821 49.7306 2.5500 0.1752
Pedestrian -1 -1 -1.3559 383.1704 800.5143 417.0623 869.0782 1.6277 0.6818 0.6167 -14.1289 6.0922 37.6639 -1.7116 0.1666
Cyclist -1 -1 -1.8084 1244.4180 774.3640 1323.7585 904.5517 1.7372 0.8050 1.9425 4.9737 4.1492 23.1603 -1.5733 0.4663
Cyclist -1 -1 -1.5138 743.3579 788.5877 778.2026 864.4586 1.7941 0.8102 2.1120 -5.4984 6.4119 41.1066 -1.6373 0.1644
Cyclist -1 -1 -2.1036 1551.1935 777.9617 1663.5201 909.0653 1.7012 0.6797 2.0459 9.8599 4.1534 22.9081 -1.6645 0.1628
Car -1 -1 1.8192 442.9980 795.9858 607.0880 918.9685 1.4630 1.7469 3.8693 -7.2463 4.5717 25.2103 1.5387 0.8044
Car -1 -1 -1.9556 1431.3480 767.7916 1685.5159 937.8261 1.7261 1.9131 4.3772 8.2376 3.9531 21.0993 -1.5503 0.1866
Car -1 -1 1.1126 1594.3514 843.3027 1715.9143 916.7406 1.5850 1.8163 4.3706 21.9447 8.8402 47.4883 1.5662 0.1580
