Pedestrian -1 -1 1.3833 1406.8707 779.6432 1460.4554 901.2153 1.7439 0.6777 0.7064 7.2159 4.1513 22.8663 1.7173 0.4770
Pedestrian -1 -1 1.8893 339.9673 804.3940 380.6656 882.4207 1.6471 0.6782 0.6415 -13.4495 5.7067 33.4803 1.5085 0.3529
Pedestrian -1 -1 -1.2814 393.9277 795.1783 431.7533 868.6677 1.7085 0.7160 0.6446 -13.4539 5.9262 36.6981 -1.6298 0.3240
Pedestrian -1 -1 2.0421 219.4046 777.4288 276.1836 881.7313 1.6212 0.6107 0.6607 -11.7124 4.1607 24.5624 1.5892 0.2038
Pedestrian -1 -1 1.2483 1076.9579 788.4964 1138.9023 902.4579 1.6965 0.6446 1.4064 2.4569 4.5342 25.1842 1.3627 0.1111
Cyclist -1 -1 -1.8583 1258.1167 779.6506 1341.5303 912.4467 1.7113 0.7565 1.8821 5.0577 4.1339 22.4552 -1.6123 0.4023
Cyclist -1 -1 1.1849 1074.8939 787.5211 1145.0796 903.9035 1.7119 0.6697 1.5194 2.4825 4.5324 25.1152 1.3007 0.3112
Cyclist -1 -1 -0.3420 1747.5233 829.2197 1869.4736 952.9764 1.6662 0.7319 1.4287 12.6190 4.7836 22.3106 0.2087 0.1663
Car -1 -1 1.7471 430.7981 792.1907 592.9722 929.4902 1.4783 1.7356 3.9126 -6.8371 4.2933 23.1209 1.4570 0.6067
Car -1 -1 -1.6157 792.4673 773.2038 893.8353 880.2672 1.5603 1.8843 4.3210 -2.4622 4.7888 30.2991 -1.6877 0.2287
