Pedestrian -1 -1 1.3453 1448.4124 792.9440 1511.5182 920.9800 1.6966 0.7248 0.7063 7.3677 4.1313 21.2665 1.7097 0.5582
Pedestrian -1 -1 -2.1132 1868.2698 807.4592 1922.8583 903.1274 1.7624 0.6905 0.6100 18.1711 5.3534 29.0949 -1.5239 0.2353
Pedestrian -1 -1 -1.2874 391.9123 798.3369 429.7922 873.4825 1.7061 0.7168 0.5686 -13.1284 5.8798 35.6800 -1.6373 0.2130
Pedestrian -1 -1 -1.2085 1192.8170 737.6343 1263.8030 885.5334 1.6253 0.6401 0.5960 3.1270 2.9765 17.5013 -1.0066 0.2033
Pedestrian -1 -1 1.9464 201.8952 762.8527 262.4838 872.2703 1.6115 0.6424 0.7004 -11.3777 3.8006 23.3532 1.4830 0.1923
Pedestrian -1 -1 1.3607 1108.1233 769.8253 1162.9059 888.4212 1.7279 0.6585 1.1634 2.7713 4.1001 23.8728 1.4945 0.1770
Pedestrian -1 -1 1.6955 312.1151 830.9608 351.7368 918.0460 1.6918 0.6793 0.8307 -13.4056 6.1510 31.8702 1.2984 0.1507
Cyclist -1 -1 -1.8466 1282.8080 786.3600 1367.9929 920.9136 1.6866 0.7747 1.8625 5.3128 4.1552 21.9279 -1.5833 0.4249
Cyclist -1 -1 1.2351 1103.4099 768.0898 1178.2386 893.3491 1.7333 0.6886 1.6557 2.8131 4.0758 23.5846 1.3723 0.2945
Cyclist -1 -1 2.5418 1774.7972 808.8181 1936.0000 936.0266 1.6578 0.7573 1.8304 12.5657 4.2950 21.0435 3.1189 0.2267
Car -1 -1 1.8503 369.3235 776.6874 582.1531 927.2343 1.4719 1.7660 4.0849 -6.6284 3.8004 20.8698 1.5365 0.7506
Car -1 -1 -1.4845 834.3378 785.4136 941.0705 886.9688 1.5314 1.8291 4.0615 -1.4632 5.1010 31.1817 -1.5206 0.3920
