Pedestrian -1 -1 1.1010 1616.8127 772.9000 1710.3170 932.8775 1.6541 0.6759 0.7810 7.7771 3.3347 16.5868 1.5827 0.6489
Pedestrian -1 -1 1.2652 1173.3727 769.5000 1249.7842 917.2697 1.7371 0.7003 1.0692 3.2130 3.6558 19.2711 1.4534 0.1703
Cyclist -1 -1 1.2397 1184.6588 770.5349 1284.1117 930.8107 1.7532 0.7270 1.8191 3.4470 3.6988 19.0303 1.4429 0.5120
Cyclist -1 -1 -1.8888 1316.7300 800.0374 1412.8147 944.6898 1.6284 0.7195 1.9720 5.4302 4.1156 20.2416 -1.5986 0.2935
Cyclist -1 -1 1.8925 453.8642 808.2241 511.1702 888.6455 1.6835 0.8072 1.7305 -11.5574 6.2224 36.1527 1.5874 0.2791
Cyclist -1 -1 0.0513 679.4557 827.5794 780.7897 905.0107 1.7190 0.8071 2.3925 -5.6080 6.7210 36.3941 -0.0926 0.1935
Cyclist -1 -1 1.8231 503.3249 833.4984 538.1813 899.6859 1.6762 0.6302 1.3625 -12.6310 7.7574 42.9070 1.5443 0.1650
Car -1 -1 1.9860 36.9813 770.7045 456.0041 1030.1509 1.4573 1.8032 3.9414 -5.7724 2.8881 12.6658 1.5271 0.9221
Car -1 -1 -1.5590 843.1241 789.6481 937.6404 896.4735 1.5827 1.8171 4.2370 -1.4121 5.2217 30.8929 -1.5938 0.3505
Car -1 -1 -2.0639 1619.2593 808.3248 1829.4218 924.9104 1.5539 1.8047 4.6126 14.8937 5.4563 29.5069 -1.5677 0.2070
Car -1 -1 -0.4384 1581.4297 819.1307 1749.4514 885.1069 1.6315 1.8311 4.0368 20.4787 7.4201 43.6062 0.0230 0.1558
