Pedestrian -1 -1 1.1653 1755.4258 777.9484 1863.2209 962.9141 1.6223 0.6829 0.7238 8.0439 3.1189 14.2111 1.7336 0.6847
Pedestrian -1 -1 1.3309 1243.8120 777.0757 1319.0259 944.2037 1.7493 0.6735 0.7880 3.5792 3.4954 16.7653 1.5693 0.5498
Pedestrian -1 -1 -1.1347 373.2443 798.2412 414.9297 881.7401 1.6905 0.6475 0.5774 -12.0891 5.4225 31.8844 -1.4964 0.2192
Cyclist -1 -1 -1.8213 1352.1678 807.5541 1447.5673 961.2250 1.6549 0.7753 2.0001 5.7033 4.1686 19.5578 -1.5078 0.3214
Cyclist -1 -1 -0.0131 722.0585 835.5563 817.0438 918.6337 1.7364 0.7742 2.1454 -4.4118 6.6612 34.4373 -0.1310 0.2082
Cyclist -1 -1 1.9173 431.4956 819.1605 493.2266 906.0007 1.6468 0.7208 1.8454 -11.1453 6.1150 33.4642 1.5991 0.1897
Cyclist -1 -1 2.3332 0.0000 704.9410 236.4722 1050.2488 1.6436 0.7892 1.6726 -4.9716 2.1418 8.4182 1.7292 0.1746
Car -1 -1 2.1874 0.0000 742.7368 311.4199 1169.5696 1.5338 1.8298 3.9590 -5.4229 2.3595 8.4779 1.5482 0.8491
Car -1 -1 -1.5316 855.1000 790.3797 952.5067 895.6075 1.5801 1.8186 4.2695 -1.1360 5.2878 31.3584 -1.5565 0.3349
Car -1 -1 1.0241 1698.2134 814.1831 1936.0000 944.6382 1.5660 1.7957 4.4865 15.1626 5.2307 26.7091 1.5722 0.2980
Car -1 -1 -1.7845 1187.0287 793.4320 1266.1666 864.2129 1.6966 1.7061 4.3126 8.5266 7.3937 48.3776 -1.5931 0.2379
