Pedestrian -1 -1 1.1948 1792.6688 770.7250 1902.0955 962.9496 1.6138 0.6631 0.7247 8.0570 2.9837 13.6238 1.7852 0.6626
Pedestrian -1 -1 1.9772 228.5385 778.2362 289.7278 884.1088 1.6987 0.7021 0.7687 -11.9850 4.3586 25.5439 1.5320 0.4252
Pedestrian -1 -1 -1.0955 364.7699 800.3203 409.2023 884.7026 1.6745 0.6486 0.6502 -12.1023 5.4147 31.5260 -1.4616 0.3454
Pedestrian -1 -1 1.2618 1251.4110 771.8619 1335.7896 955.2111 1.8308 0.6740 0.8665 3.5691 3.4589 16.1129 1.5090 0.3385
Cyclist -1 -1 -1.8530 1353.0131 809.2612 1452.1350 966.2149 1.7001 0.7674 1.9991 5.7464 4.2395 19.5870 -1.5379 0.2921
Cyclist -1 -1 2.1882 0.0000 681.5738 208.0598 1108.5699 1.8701 0.8207 1.8302 -4.7470 2.1973 7.7146 1.5570 0.2466
Cyclist -1 -1 1.9144 430.9644 820.5959 493.5590 909.9462 1.6697 0.7353 1.7992 -10.9378 6.0855 32.8350 1.5960 0.2213
Car -1 -1 2.2113 0.0000 724.8955 279.1765 1216.0000 1.5781 1.8653 4.1979 -5.3226 2.2361 7.7012 1.5242 0.4020
Car -1 -1 -1.5641 858.2577 789.2024 952.5726 894.9033 1.6013 1.8501 4.2637 -1.1341 5.2961 31.4814 -1.5888 0.2572
Car -1 -1 1.0184 1718.6364 806.3004 1936.0000 936.6950 1.5559 1.7852 4.3769 15.2297 4.9940 26.1477 1.5785 0.1748
Car -1 -1 0.3957 136.5681 808.6926 370.5243 895.1990 1.4812 1.6926 3.9707 -14.3722 5.3478 30.5241 -0.0461 0.1379
