Pedestrian -1 -1 -1.3804 289.5624 793.0525 336.1894 887.7745 1.6097 0.6718 0.6261 -11.7617 4.7042 27.1408 -1.7932 0.4796
Pedestrian -1 -1 2.0196 67.3166 747.7632 153.9901 887.1278 1.7394 0.7343 0.7953 -11.2759 3.4050 19.8458 1.4857 0.3572
Pedestrian -1 -1 -0.4085 1337.7118 752.1755 1530.2454 1029.8326 1.7790 0.7377 1.0791 3.2476 2.6931 10.3432 -0.0535 0.2154
Pedestrian -1 -1 -0.0785 1299.0671 776.2893 1383.8840 992.9241 1.5850 0.6815 0.6272 3.0133 2.8297 11.8967 0.2090 0.1698
Pedestrian -1 -1 2.0777 331.3376 774.4650 385.7375 876.0416 1.7823 0.6912 0.6852 -11.1775 4.5955 27.7464 1.6917 0.1554
Pedestrian -1 -1 -3.3698 1341.3787 759.0717 1464.9500 1002.8754 1.6654 0.7748 0.7512 3.2644 2.7000 11.1067 -3.0380 0.1498
Cyclist -1 -1 -1.8300 1443.9235 876.7307 1548.2557 1055.1033 1.6066 0.7217 1.9293 6.1498 4.6872 17.2938 -1.4536 0.4023
Cyclist -1 -1 -0.4942 1309.0453 752.7192 1549.8969 1032.8777 1.7676 0.7885 1.3897 3.2232 2.6958 10.3703 -0.1425 0.2837
Cyclist -1 -1 2.0062 296.9494 778.8015 387.4255 897.2042 1.6882 0.6858 1.8028 -10.1620 4.3152 24.6124 1.6089 0.2793
Cyclist -1 -1 2.5686 1065.0677 783.2979 1168.4358 872.0499 1.8119 0.8784 2.2542 3.5995 5.5696 34.5884 2.6886 0.1910
Cyclist -1 -1 1.8427 420.0926 790.2203 477.9965 882.1537 1.7104 0.7463 1.6330 -10.8302 5.3035 31.6663 1.5145 0.1567
Car -1 -1 -1.5995 922.3786 801.2811 1005.3126 897.0547 1.5323 1.7774 4.3752 0.0224 5.8295 34.2328 -1.5859 0.2559
