Pedestrian -1 -1 1.8953 104.7224 741.5111 188.8570 885.0162 1.7612 0.7513 0.8360 -10.6710 3.3285 19.6179 1.3799 0.3798
Pedestrian -1 -1 1.9743 320.9277 769.7531 374.0465 870.5963 1.7504 0.6954 0.6537 -11.1731 4.4206 27.2368 1.5812 0.2690
Pedestrian -1 -1 -0.2287 1383.1031 786.2401 1575.9264 1052.3866 1.6449 0.8221 1.1315 3.5498 2.8132 10.3352 0.1557 0.2039
Pedestrian -1 -1 1.8189 1735.7039 674.4132 1936.0000 1216.0000 1.7034 0.6971 0.6683 3.1362 1.8863 5.0475 2.5315 0.1987
Pedestrian -1 -1 0.1502 105.4111 792.9993 149.3669 864.0574 1.9148 0.8415 1.0015 -24.2799 6.8750 43.5580 -0.3554 0.1651
Cyclist -1 -1 -1.8453 1445.1544 901.6176 1552.8480 1085.8748 1.6291 0.7231 1.9507 6.1683 5.0085 17.2555 -1.4675 0.4142
Cyclist -1 -1 2.0218 278.4777 764.9067 375.8146 889.7652 1.7520 0.7148 1.8454 -10.1576 4.0890 24.0244 1.6148 0.3298
Cyclist -1 -1 -0.5823 1320.2351 733.4031 1579.8380 1028.2782 1.7953 0.8036 1.4522 3.2657 2.5646 10.0553 -0.2148 0.3036
Cyclist -1 -1 1.9033 408.9088 790.8804 473.3312 886.6475 1.7022 0.7209 1.6926 -10.5426 5.1662 30.3630 1.5697 0.2703
Cyclist -1 -1 1.8269 467.8982 811.0267 519.8925 897.3427 1.7046 0.7188 1.7013 -10.6512 6.0600 34.1288 1.5282 0.2184
Cyclist -1 -1 2.4277 1064.7548 792.1247 1167.7560 883.1813 1.7836 0.8880 2.2959 3.5345 5.7001 34.0141 2.5476 0.2010
Cyclist -1 -1 1.6382 513.8762 824.6417 547.9877 902.4269 1.6988 0.7146 1.6593 -10.9515 6.9050 38.0925 1.3644 0.1585
Car -1 -1 -1.6447 628.4550 782.3235 703.6629 864.4445 1.6398 1.7324 4.2106 -8.0950 6.1700 40.7765 -1.8330 0.1948
