Pedestrian -1 -1 2.0448 138.0706 771.8907 214.0287 896.3615 1.7093 0.7548 0.6731 -11.3829 3.8758 21.6957 1.5492 0.3264
Pedestrian -1 -1 -1.1013 347.8208 775.5782 396.5484 868.3823 1.7066 0.6623 0.6374 -11.4104 4.6615 28.9786 -1.4785 0.2675
Pedestrian -1 -1 2.3067 1327.8083 768.9444 1477.0404 999.5022 1.6663 0.6891 0.9363 3.5350 2.8726 11.9959 2.6364 0.2536
Pedestrian -1 -1 0.3563 69.1552 811.3250 114.1788 876.9813 1.7533 0.7364 0.9152 -24.9208 7.1520 42.8679 -0.1673 0.1567
Cyclist -1 -1 -1.8227 1406.4486 823.7630 1507.9895 988.3527 1.6601 0.7876 1.9377 6.1049 4.2551 18.5112 -1.4715 0.3929
Cyclist -1 -1 1.9800 345.7951 776.9399 428.4988 886.9669 1.7381 0.7009 1.9353 -10.4608 4.6151 27.3166 1.6116 0.2258
Cyclist -1 -1 1.7270 521.1197 834.6896 559.1596 905.8611 1.6829 0.7522 1.6494 -11.6193 7.5975 41.2999 1.4602 0.1687
Cyclist -1 -1 -3.3944 1246.8458 760.0499 1457.0767 1000.3951 1.7362 0.7643 1.4590 3.0218 2.8287 11.6774 -3.1007 0.1546
Cyclist -1 -1 1.7457 446.1787 794.5966 495.1358 883.3317 1.7862 0.7890 1.6291 -11.2251 5.7715 34.2586 1.4322 0.1464
Cyclist -1 -1 1.9956 390.7798 774.6177 452.7180 872.5882 1.7596 0.6289 1.4322 -10.7566 4.8225 29.8550 1.6493 0.1186
Cyclist -1 -1 -0.1572 1090.0353 790.6711 1174.8623 867.6642 1.7631 0.8227 1.9646 4.1748 5.8652 36.5680 -0.0271 0.1150
Car -1 -1 -1.5912 888.3239 787.1749 976.7909 888.5851 1.5593 1.7677 4.2428 -0.6330 5.2653 32.0068 -1.5990 0.1716
Car -1 -1 2.1677 0.0000 748.6647 143.1213 901.6621 1.5101 1.6636 4.1933 -13.0727 3.3609 20.2614 1.5764 0.1686
Car -1 -1 1.2924 1390.8931 814.6827 1480.1117 880.6798 1.5169 1.7534 4.2032 15.4179 7.9843 48.8210 1.6175 0.1313
Car -1 -1 1.1001 1841.2191 811.9752 1936.0000 913.2715 1.8354 1.8550 4.1816 23.9406 6.7850 37.3762 1.6959 0.1135
