Pedestrian -1 -1 -1.1813 277.5969 769.7729 334.6903 877.9680 1.7344 0.6799 0.6748 -11.0549 4.2142 25.2503 -1.6002 0.3797
Pedestrian -1 -1 -0.7836 0.0000 744.9335 83.2650 898.1536 1.5985 0.7006 0.6920 -10.3483 2.9682 16.6542 -1.3654 0.2843
Cyclist -1 -1 -1.7587 1513.7919 923.4001 1613.9485 1116.6897 1.6313 0.7613 1.8823 6.7050 5.1696 16.7231 -1.3405 0.3615
Cyclist -1 -1 1.9921 162.6815 730.6479 275.1219 880.1502 1.7538 0.6906 1.7506 -9.7454 3.2100 19.6992 1.5166 0.3500
Cyclist -1 -1 1.9768 356.2436 774.3698 433.6931 882.0471 1.6925 0.6942 1.6682 -10.0927 4.4468 26.7084 1.6124 0.3115
Cyclist -1 -1 -0.6600 1563.5288 714.4619 1936.0000 1109.7314 1.7447 0.7324 1.5897 3.8482 2.2019 7.2134 -0.0709 0.2014
Cyclist -1 -1 1.6935 498.7590 832.5746 546.1372 924.5895 1.7133 0.7853 1.7457 -9.6507 6.4158 32.9385 1.4131 0.1913
Cyclist -1 -1 1.7728 464.6601 830.8333 506.1000 903.5812 1.7189 0.7326 1.8564 -13.2657 7.5974 41.7285 1.4718 0.1341
Car -1 -1 1.6898 752.7537 778.5077 883.1672 901.1257 1.7222 1.9430 4.2877 -2.6522 4.8871 28.6346 1.6061 0.1327
Car -1 -1 1.7332 630.4955 779.4610 710.3062 845.1263 1.5341 1.7683 4.2765 -9.1307 6.6393 47.2397 1.5509 0.1213
Car -1 -1 -1.6065 1005.6718 785.4416 1062.0215 845.2589 1.5296 1.8470 4.1234 2.4609 7.2843 51.5194 -1.5447 0.1170
