Cyclist -1 -1 1.8107 428.0719 840.5424 468.2156 908.8901 1.7433 0.7387 1.6914 -15.2670 8.2903 44.5286 1.4878 0.3986
Cyclist -1 -1 2.0366 0.0000 737.6358 144.3559 932.8579 1.7604 0.7166 1.9724 -9.3770 3.0190 15.6773 1.4702 0.3529
Cyclist -1 -1 -1.7526 1521.3448 953.7344 1623.9818 1155.0083 1.6395 0.7803 1.8831 6.7033 5.4850 16.4809 -1.3293 0.2663
Cyclist -1 -1 2.0455 270.3052 761.4139 368.0237 891.9125 1.7505 0.6744 1.6949 -9.7368 3.9055 22.7397 1.6323 0.2041
Cyclist -1 -1 1.9375 354.8885 781.5757 433.6914 893.3681 1.6827 0.6920 1.7636 -9.7833 4.4851 25.8656 1.5724 0.1836
Cyclist -1 -1 1.6583 454.9295 851.9251 489.7873 931.0101 1.7339 0.6998 1.9083 -12.9283 7.8956 39.5803 1.3494 0.1629
Cyclist -1 -1 1.5934 491.2588 834.5103 518.2251 908.6288 1.6693 0.6309 1.5330 -11.9463 7.2732 39.1572 1.3037 0.1428
Cyclist -1 -1 1.8405 442.7419 812.6730 509.4031 920.9692 1.7653 0.7540 1.7884 -9.2068 5.4504 28.4395 1.5285 0.1396
Cyclist -1 -1 2.0316 120.2131 733.9315 244.9321 895.0754 1.7638 0.6717 1.7714 -9.5853 3.1766 18.4802 1.5343 0.1349
Car -1 -1 1.6021 764.0181 785.8313 883.9415 917.1629 1.6337 1.8996 4.2163 -2.3032 4.6662 26.0281 1.5221 0.2790
Car -1 -1 -1.6657 502.0808 799.6408 578.1542 874.7155 1.5438 1.7649 4.0818 -12.2389 6.8647 43.3147 -1.9344 0.1926
Car -1 -1 1.9286 0.0000 816.6165 104.0067 904.4943 1.6434 1.9057 4.4306 -25.1383 7.1518 40.6100 1.3766 0.1629
Car -1 -1 -1.5773 960.7428 800.4921 1041.7390 888.8147 1.4636 1.8027 4.2070 0.9615 5.8705 35.3978 -1.5363 0.1317
