Pedestrian -1 -1 -1.1926 268.5356 769.4492 328.0620 879.5625 1.7346 0.6911 0.7246 -11.0430 4.1805 24.9265 -1.6164 0.1790
Cyclist -1 -1 1.9439 135.6329 743.9324 250.2367 900.7490 1.7281 0.6803 1.8633 -9.6784 3.3101 18.9098 1.4534 0.4689
Cyclist -1 -1 -1.8768 1501.1086 891.5552 1620.6023 1076.0138 1.6125 0.7817 1.8455 6.7013 4.7811 16.8099 -1.4602 0.3065
Cyclist -1 -1 1.9771 343.2764 770.9302 425.2248 883.3996 1.7224 0.7083 1.7362 -10.0345 4.3538 26.0672 1.6057 0.2952
Cyclist -1 -1 -0.6956 1506.2986 689.4662 1936.0000 1146.2542 1.8060 0.7729 1.9505 3.4914 2.1082 6.5231 -0.0937 0.2776
Cyclist -1 -1 1.7847 441.8371 829.9655 481.6792 892.5145 1.6521 0.7922 1.8645 -15.6226 8.2037 46.8101 1.4702 0.2661
Cyclist -1 -1 1.6802 495.4999 810.7572 541.9606 899.4124 1.6367 0.7735 1.7424 -9.5772 5.7800 32.4126 1.3964 0.1741
Cyclist -1 -1 1.7385 461.2823 849.5488 502.1423 925.7534 1.7777 0.7708 1.8463 -13.3117 8.1650 41.5525 1.4358 0.1492
Cyclist -1 -1 2.1334 233.4473 750.7480 338.1139 883.1414 1.6981 0.6471 1.5715 -9.7135 3.5817 21.5618 1.6988 0.1355
Car -1 -1 1.5091 500.2466 795.5101 571.0059 871.6432 1.6517 1.8231 4.3143 -12.9211 7.0810 45.2523 1.2381 0.1867
Car -1 -1 -1.6316 1004.6865 787.7285 1064.7188 847.0831 1.4947 1.8574 4.1798 2.4733 7.3002 51.2264 -1.5693 0.1371
Car -1 -1 -1.4623 767.0829 785.0919 892.4510 907.1773 1.6890 1.8767 4.0402 -2.3892 4.9205 28.1173 -1.5382 0.1244
