Pedestrian -1 -1 -0.0006 691.4567 718.5453 974.5569 1216.0000 1.6667 0.7050 0.9152 -0.4512 2.0175 5.2005 -0.1142 0.5928
Pedestrian -1 -1 -0.8546 1130.6714 865.6993 1189.4730 979.5173 1.5555 0.5993 0.6591 3.0237 5.2896 22.7482 -0.7028 0.1369
Pedestrian -1 -1 0.0832 751.7793 805.4357 875.4154 989.2314 1.3419 0.8788 0.9372 -1.1904 2.8737 12.2418 -0.0150 0.1349
Cyclist -1 -1 0.2378 429.4002 729.1986 835.3505 1216.0000 1.6502 0.7142 1.2478 -1.0730 2.0333 5.1133 -0.0363 0.2175
Cyclist -1 -1 3.0839 138.7383 753.6193 445.3731 963.5955 1.8004 0.8276 2.7678 -6.7276 3.1890 15.1063 2.6424 0.1306
Cyclist -1 -1 2.2582 1831.1700 871.7888 1936.0000 1216.0000 1.5043 0.6706 1.5919 4.5655 2.5963 6.1844 3.0196 0.1093
Car -1 -1 1.9339 323.6427 830.1777 493.3194 948.6935 1.6510 1.8234 4.2603 -11.1167 6.1179 30.3988 1.5851 0.3622
Car -1 -1 2.0084 34.9789 782.1958 210.3097 878.7939 1.6026 1.8653 4.2274 -18.9796 5.4154 34.0724 1.4984 0.2384
Car -1 -1 -1.4011 669.2604 775.4623 940.9120 1026.0240 1.5624 1.8054 3.8600 -1.2645 3.1446 13.7188 -1.4916 0.1976
Car -1 -1 0.9624 1892.2616 790.2402 1936.0000 912.8915 1.5386 1.8532 4.4312 19.0970 4.7815 27.0797 1.6107 0.1513
Car -1 -1 1.1940 1498.9969 817.9256 1617.7361 895.1060 1.4817 1.7036 4.1403 16.3869 7.0758 41.2500 1.5941 0.1096
Car -1 -1 1.9458 373.0535 788.9549 486.4952 862.6005 1.6762 1.8119 4.2964 -16.2504 6.9565 45.9487 1.6117 0.1076
