Pedestrian -1 -1 -2.6322 375.2193 699.3958 694.9591 1216.0000 1.6335 0.6821 0.8091 -1.3806 1.8998 4.9492 -2.9965 0.4623
Pedestrian -1 -1 2.6625 1365.8210 831.7083 1452.8093 958.9369 1.2807 0.6776 0.7080 4.9976 3.6451 16.7081 2.9868 0.1601
Pedestrian -1 -1 0.1009 714.9514 810.6425 840.2867 994.4276 1.3460 0.8129 0.9407 -1.4825 2.9150 12.2142 -0.0238 0.1251
Pedestrian -1 -1 2.6516 804.0192 807.4816 913.5999 998.7401 1.5677 0.7204 0.7542 -0.9444 3.3053 13.7268 2.5870 0.1201
Pedestrian -1 -1 1.5443 1396.7174 842.0426 1428.5730 932.7366 1.2871 0.4834 0.9060 7.2849 4.8652 24.1383 1.8640 0.1130
Pedestrian -1 -1 1.2569 1778.5436 788.0470 1889.4606 986.7355 1.3860 0.5475 0.9012 6.8528 2.7260 11.7749 1.8479 0.1068
Cyclist -1 -1 -2.6322 375.2193 699.3958 694.9591 1216.0000 1.6335 0.6821 0.8091 -1.3806 1.8998 4.9492 -2.9965 0.1280
Car -1 -1 2.0568 23.3233 774.3583 198.6157 863.9384 1.5168 1.8208 3.9871 -19.2613 5.1252 34.0841 1.5401 0.2689
Car -1 -1 -1.2317 629.9344 779.1339 967.3660 1034.8555 1.5282 1.7941 4.0202 -1.2967 3.1669 13.7206 -1.3247 0.1594
Car -1 -1 1.8805 327.5808 795.2650 483.8142 900.4166 1.5664 1.8212 4.5783 -11.8174 5.4924 32.1363 1.5293 0.1371
Car -1 -1 -1.7603 1226.3102 790.0991 1341.3099 890.7112 1.6518 1.8381 4.4686 7.3050 5.6888 34.2745 -1.5305 0.1354
Car -1 -1 -1.7811 1224.9293 813.2782 1300.7289 877.3845 1.5767 1.7722 4.0763 10.1974 8.2366 50.8273 -1.5660 0.1181
Car -1 -1 2.0176 121.6119 799.4899 352.1300 930.8693 1.4433 1.7259 4.1038 -11.4452 4.4803 23.9551 1.5643 0.1004
