Pedestrian -1 -1 -0.4649 869.8069 705.0681 1125.7885 1216.0000 1.6752 0.6904 0.7063 0.1198 1.9939 5.4839 -0.4324 0.4424
Pedestrian -1 -1 -1.4690 1170.7358 860.3774 1212.4686 979.9799 1.6613 0.5562 0.5493 3.4604 5.2499 22.4503 -1.2953 0.2194
Pedestrian -1 -1 -0.4838 1475.2827 831.5410 1601.2147 1011.8841 1.2844 0.6021 0.7359 4.5093 2.9483 11.7178 -0.0649 0.2128
Pedestrian -1 -1 1.3967 1256.3937 850.9309 1281.4205 910.4824 1.7362 0.6728 0.6108 9.5330 8.7911 46.3548 1.6170 0.1483
Pedestrian -1 -1 -0.6289 1538.0885 813.3952 1700.3312 1018.4277 1.3683 0.6457 0.8934 4.8629 2.8144 11.0839 -0.1570 0.1366
Pedestrian -1 -1 0.1466 381.7439 824.3987 505.7609 1067.9500 1.4201 0.7805 0.6941 -3.4155 2.8050 9.9245 -0.2201 0.1263
Cyclist -1 -1 3.5736 0.0000 707.7611 165.4697 911.9437 1.7108 0.7968 1.6984 -8.2291 2.4866 13.4778 2.9885 0.1177
Cyclist -1 -1 -3.2961 1538.7017 765.6600 1811.9388 1049.4536 1.7662 0.8725 1.6874 5.0441 2.8388 10.6978 -2.7930 0.1130
Car -1 -1 2.0105 79.7605 810.0630 241.1148 904.5256 1.5489 1.7652 3.9042 -18.2767 6.0465 34.3304 1.5211 0.3224
Car -1 -1 1.9344 394.9678 800.1738 552.1884 903.5109 1.5307 1.7492 4.2661 -10.2326 5.5028 31.7131 1.6244 0.2517
Car -1 -1 1.0147 1914.4342 804.1125 1936.0000 934.1705 1.5337 1.8785 4.3915 18.8624 4.9468 26.2003 1.6732 0.1793
Car -1 -1 2.1468 0.0000 792.4074 66.1410 906.6954 1.4867 1.7785 4.0057 -18.4585 4.7837 27.4101 1.5465 0.1650
Car -1 -1 -1.7542 1205.6475 795.2463 1298.5321 885.3171 1.7927 1.7528 4.5379 7.8472 6.6918 40.7181 -1.5457 0.1265
