Pedestrian -1 -1 -1.1359 1559.0596 689.2779 1821.3525 1145.0588 1.5994 0.6355 0.7227 2.8398 1.8707 5.8398 -0.5631 0.3515
Pedestrian -1 -1 2.5156 132.1051 667.1475 493.0714 1216.0000 1.6767 0.6464 0.8819 -2.0949 1.8304 4.9056 1.9851 0.1264
Pedestrian -1 -1 0.8271 1776.0891 703.0684 1936.0000 1216.0000 1.6903 0.6614 1.0690 2.7014 1.9221 3.8743 1.6537 0.1149
Pedestrian -1 -1 2.4450 943.5638 836.9396 1045.4723 1025.4789 1.4818 0.6518 0.6306 0.2917 3.4199 13.2181 2.4804 0.1086
Pedestrian -1 -1 2.7603 1419.6743 822.2023 1491.1627 979.4171 1.6376 0.5940 0.5890 5.4940 3.8743 16.6478 3.1144 0.1084
Pedestrian -1 -1 -1.8828 1187.7891 910.5032 1235.5088 1029.4351 1.6397 0.5814 0.5024 3.7258 5.9481 22.2739 -1.6956 0.1057
Cyclist -1 -1 -0.2670 1496.2213 642.6096 1936.0000 1216.0000 1.7651 0.7602 1.5010 2.2541 1.8200 3.9639 0.4523 0.1635
Cyclist -1 -1 -3.7600 1603.2551 697.5475 1936.0000 1149.3586 1.5712 0.6483 0.9362 3.0246 1.8608 5.6327 -3.1359 0.1237
Car -1 -1 2.0684 115.2104 781.2344 288.4055 872.7663 1.5477 1.8200 4.0865 -17.3649 5.3626 34.4232 1.6002 0.2228
Car -1 -1 -1.1349 279.3965 794.2056 427.0208 880.6324 1.5056 1.7248 4.1786 -14.7576 5.8842 36.5422 -1.5166 0.1246
Car -1 -1 1.9110 401.2430 840.5737 551.9512 948.2099 1.5193 1.7260 4.1435 -10.1454 6.3825 31.6211 1.6041 0.1213
