Pedestrian -1 -1 -1.4853 1633.2118 705.2939 1848.4132 1134.8367 1.4784 0.5937 0.7660 3.0375 1.8169 5.8125 -0.8780 0.3077
Pedestrian -1 -1 -0.9441 817.2869 742.1025 928.0239 976.9033 1.7456 0.6640 0.5917 -0.7070 2.7177 11.9740 -1.0005 0.1588
Pedestrian -1 -1 2.6484 920.1894 827.5332 1029.5150 1023.2946 1.5447 0.6912 0.7322 0.1152 3.4053 13.2568 2.6691 0.1173
Pedestrian -1 -1 -1.5847 1175.9370 890.3225 1217.6428 1010.7495 1.6859 0.6093 0.4199 3.5166 5.6937 22.3242 -1.4075 0.1050
Pedestrian -1 -1 -1.1568 1776.4205 739.4863 1925.4094 1016.6558 1.6723 0.5972 0.6637 5.8279 2.4563 9.8035 -0.5438 0.1031
Cyclist -1 -1 2.3429 1343.8291 645.0974 1936.0000 1216.0000 1.7587 0.8462 2.0708 2.1747 1.8197 3.9907 3.0391 0.4686
Cyclist -1 -1 -3.7432 1655.7373 716.0101 1936.0000 1180.7568 1.5846 0.6514 0.9860 3.2341 1.9468 5.5916 -3.0830 0.1212
Car -1 -1 2.0577 117.5447 797.6205 285.3770 888.4272 1.5056 1.7852 3.9785 -17.3834 5.7141 34.4320 1.5898 0.3429
Car -1 -1 1.9393 400.1805 822.5294 550.1352 929.8718 1.6506 1.7418 4.1522 -10.6081 6.2854 32.9459 1.6316 0.2891
Car -1 -1 -1.3320 500.2528 794.4464 616.1197 882.5605 1.5948 1.8200 4.2398 -10.0027 6.0790 37.4172 -1.5877 0.1853
Car -1 -1 0.2072 1785.4353 669.6149 1936.0000 1216.0000 1.5891 1.7976 3.8117 3.1010 1.7083 2.0749 1.5649 0.1812
Car -1 -1 -1.9865 1463.5653 807.9648 1600.2543 894.0392 1.5453 1.7573 4.2462 14.4570 6.4771 38.1384 -1.6015 0.1456
Car -1 -1 -1.1254 257.8476 791.1957 412.3705 881.6936 1.6198 1.8125 4.4235 -15.5147 6.0209 37.3203 -1.5170 0.1039
