Pedestrian -1 -1 -1.1275 1541.9187 696.3254 1810.1522 1161.1875 1.6244 0.6327 0.7709 2.7879 1.9261 5.8444 -0.5640 0.3763
Pedestrian -1 -1 -1.9551 1183.7351 897.7420 1235.9342 1018.5773 1.6504 0.6031 0.5755 3.7041 5.7829 22.3090 -1.7692 0.2436
Pedestrian -1 -1 2.4815 133.5031 671.6494 492.2826 1216.0000 1.6837 0.6544 0.8702 -2.0909 1.8533 4.9008 1.9516 0.1430
Pedestrian -1 -1 2.6644 947.9316 829.1013 1046.1777 1015.3465 1.4703 0.6690 0.6349 0.3104 3.3331 13.2039 2.7013 0.1269
Pedestrian -1 -1 -2.7294 451.6772 824.3824 496.0382 924.3597 1.9491 0.7572 0.6275 -10.1609 6.1642 31.1910 -3.0412 0.1071
Cyclist -1 -1 -3.7940 1683.1376 705.8619 1936.0000 1165.1365 1.5814 0.6392 1.0902 3.4026 1.9031 5.6046 -3.1100 0.1340
Car -1 -1 2.0940 111.9674 777.1609 287.9965 868.2507 1.5443 1.8126 4.0695 -17.3903 5.2577 34.3904 1.6247 0.3075
Car -1 -1 1.8814 403.8580 837.5657 549.1635 945.5402 1.5474 1.7229 4.1342 -10.1614 6.3437 31.6568 1.5744 0.1644
Car -1 -1 -1.1272 279.0144 795.3749 428.0335 881.7499 1.4967 1.7241 4.2001 -14.7511 5.9081 36.5480 -1.5086 0.1421
Car -1 -1 1.9587 251.6656 756.7913 439.9031 872.4127 1.4833 1.6225 3.9378 -10.4355 3.9201 25.6569 1.5666 0.1075
