Pedestrian -1 -1 -2.1258 1182.7603 878.3139 1241.7316 998.7553 1.6204 0.6201 0.6546 3.7371 5.4684 22.2910 -1.9382 0.2463
Pedestrian -1 -1 1.7340 1718.7344 724.0660 1936.0000 1204.5557 1.5546 0.6502 0.8546 3.3415 1.9598 5.5835 2.4110 0.1514
Pedestrian -1 -1 2.5842 920.8235 842.4918 1014.2777 1037.5074 1.5684 0.6425 0.5901 0.0524 3.5816 13.4085 2.5999 0.1196
Pedestrian -1 -1 -1.2750 1779.7102 745.2131 1919.6818 1023.8554 1.6761 0.5985 0.6355 5.8197 2.4992 9.7994 -0.6626 0.1030
Cyclist -1 -1 -0.6290 1398.5487 627.7556 1936.0000 1216.0000 1.7383 0.8195 1.9722 2.2604 1.7468 3.9981 0.0864 0.5376
Cyclist -1 -1 2.5531 0.0000 628.9032 344.0588 1216.0000 1.7896 0.7184 1.8433 -2.3630 1.8020 3.6276 1.7504 0.1328
Cyclist -1 -1 -3.6891 1760.3655 748.2420 1936.0000 1216.0000 1.4693 0.6704 1.1196 3.5603 1.9439 5.3187 -2.9486 0.1081
Car -1 -1 2.0507 124.6734 801.9693 289.7735 892.3439 1.4980 1.7723 3.9741 -17.3512 5.8350 34.6278 1.5861 0.3987
Car -1 -1 1.9493 399.7055 823.1522 550.6915 930.3957 1.6452 1.7330 4.1449 -10.6054 6.2943 32.9403 1.6416 0.2846
Car -1 -1 -1.3341 500.4555 795.0389 616.1387 883.3527 1.5989 1.8263 4.2282 -10.0002 6.0984 37.4175 -1.5897 0.2322
Car -1 -1 0.2075 1786.0593 662.6996 1936.0000 1216.0000 1.6198 1.8037 3.9063 3.0998 1.7209 2.0426 1.5747 0.1569
