Pedestrian -1 -1 -0.1917 985.3313 875.8658 1058.2701 1067.7629 1.5578 0.6220 0.5519 0.5353 3.8628 13.3893 -0.1360 0.1454
Cyclist -1 -1 -2.3976 0.0000 606.3016 747.7155 1216.0000 1.7924 0.8223 1.9672 -1.6340 1.7507 3.9243 -2.9659 0.2833
Cyclist -1 -1 -3.0412 672.8756 674.0350 1397.8184 1216.0000 1.8404 0.8301 1.7055 0.2105 1.9870 3.9005 -2.9606 0.1321
Car -1 -1 1.4170 1399.0615 820.7685 1488.3097 899.3577 1.5751 1.9208 4.4279 14.1319 7.6490 44.0258 1.7475 0.5435
Car -1 -1 1.8776 454.3954 784.2138 592.2115 878.3685 1.5111 1.7545 4.0715 -9.5801 5.2490 33.0281 1.5983 0.2663
Car -1 -1 1.9918 188.5878 801.7670 417.3969 952.9285 1.7506 1.7918 4.5128 -10.7787 4.9605 24.8778 1.5784 0.2169
Car -1 -1 -1.2059 337.6906 786.4368 473.0038 871.2605 1.4910 1.6725 4.2836 -13.5245 5.6815 36.6408 -1.5569 0.2156
Car -1 -1 2.3789 38.9726 806.4058 259.9941 909.1225 1.4877 1.7357 3.9977 -16.9746 5.5734 31.4932 1.8824 0.1705
Car -1 -1 1.4128 1423.9252 814.6604 1527.5129 904.3155 1.6006 1.9600 4.1867 13.1441 6.7623 38.4349 1.7641 0.1332
Car -1 -1 1.9705 287.0499 781.7949 415.8198 858.2993 1.5311 1.7402 4.1648 -16.4788 6.0137 40.6281 1.5883 0.1244
