Pedestrian -1 -1 -0.5523 0.0000 629.6550 258.7278 1216.0000 1.7485 0.6785 0.8471 -2.4110 1.7624 3.8810 -1.3131 0.3971
Pedestrian -1 -1 -2.4315 1248.3866 929.1878 1309.8824 1048.3328 1.5394 0.5878 0.6622 4.6770 6.1082 22.0133 -2.1987 0.2910
Pedestrian -1 -1 1.8681 1467.2485 790.5439 1551.6855 953.7399 1.6597 0.6820 0.7386 6.1346 3.5684 16.7297 2.2572 0.1643
Pedestrian -1 -1 2.4791 1200.1936 931.0994 1256.5516 1052.0283 1.6259 0.6345 0.5729 4.0345 6.3387 22.6050 2.6774 0.1172
Pedestrian -1 -1 2.4853 983.3365 860.9514 1086.7550 1059.2242 1.5431 0.6298 0.6633 0.6459 3.6889 13.1479 2.5509 0.1059
Pedestrian -1 -1 -1.1842 1842.6365 813.0982 1936.0000 1066.3026 1.4122 0.6350 0.7267 6.1136 2.6628 9.4792 -0.5311 0.1053
Cyclist -1 -1 -0.5682 0.0000 628.9936 268.9953 1216.0000 1.7451 0.6594 0.8735 -2.3963 1.7572 3.9112 -1.3202 0.1126
Cyclist -1 -1 -2.3247 1249.7666 928.0503 1318.5007 1049.2783 1.5275 0.5881 0.8140 4.7102 6.0560 21.8397 -2.0886 0.1062
Car -1 -1 -1.9172 1644.3829 759.7298 1936.0000 1135.5042 1.6383 1.7293 3.7294 5.8520 2.7219 9.9950 -1.3138 0.2972
Car -1 -1 2.0927 496.6225 823.3780 670.6057 926.5875 1.4636 1.7565 4.1583 -7.9969 6.0175 32.0700 1.8534 0.1812
Car -1 -1 1.8944 375.5323 769.8006 556.0388 889.2075 1.5235 1.7779 4.0760 -8.5189 4.2487 26.0818 1.5765 0.1778
