Pedestrian -1 -1 -1.1517 15.5104 870.9924 114.6046 1055.8555 1.7149 0.6642 0.6553 -9.1170 4.2829 15.2337 -1.7138 0.2551
Pedestrian -1 -1 2.4049 1675.5325 811.3156 1713.1284 882.8253 1.9108 0.6948 0.6698 20.8683 7.2710 42.5786 2.8835 0.2417
Pedestrian -1 -1 -1.4278 469.8490 630.3199 683.9277 1208.9990 1.7809 0.6486 0.5160 -1.2451 1.7999 4.9233 -1.7627 0.1333
Pedestrian -1 -1 -0.7892 191.1525 662.9819 430.6860 1114.1384 1.7192 0.6614 0.6184 -2.6594 1.8858 6.1531 -1.2904 0.1101
Pedestrian -1 -1 2.5354 1704.3004 809.2457 1747.4668 873.6567 1.6813 0.7901 0.7709 21.4493 6.9077 41.9617 3.0315 0.1073
Pedestrian -1 -1 3.5008 362.6579 775.8962 421.5995 867.5152 1.4552 0.7063 0.7317 -9.6159 4.0443 25.2849 3.1325 0.1065
Pedestrian -1 -1 2.4099 514.6286 832.9805 690.5375 1162.1538 1.5329 0.6833 0.6060 -1.9048 2.7015 7.9591 2.1405 0.1025
Cyclist -1 -1 -1.0454 405.1008 853.2198 580.8475 1077.8788 1.7053 0.7016 2.0994 -4.5435 4.1158 14.6879 -1.3575 0.1306
Car -1 -1 1.4975 272.2849 774.7700 353.7341 853.9260 1.5239 1.6774 4.1671 -17.1576 5.7054 39.4890 1.0896 0.1598
Car -1 -1 1.8413 314.7614 785.5042 463.9797 893.4092 1.5571 1.7463 4.2188 -11.4607 5.0404 30.2532 1.4786 0.1191
Car -1 -1 -0.8393 1656.7565 822.5063 1802.4387 890.7178 1.5246 1.6954 3.6360 22.0797 7.3919 42.9938 -0.3419 0.1002
