Pedestrian -1 -1 -1.2032 117.3535 895.3519 213.2329 1077.2979 1.7264 0.6884 0.7217 -8.3962 4.6569 15.7989 -1.7099 0.2749
Pedestrian -1 -1 2.2779 29.5982 867.6367 100.7756 984.6284 1.6627 0.6346 0.7273 -13.9918 5.5214 23.3630 1.7307 0.2242
Pedestrian -1 -1 -1.3822 590.1465 640.6324 804.8590 1185.4828 1.6462 0.6157 0.5743 -0.8315 1.7003 4.8370 -1.6175 0.2227
Pedestrian -1 -1 3.0301 228.5633 788.3267 317.2595 915.5754 1.5191 0.8839 0.9819 -9.2635 3.7870 20.1175 2.5859 0.2097
Pedestrian -1 -1 0.4964 236.7147 772.7786 322.8029 909.6953 1.6383 0.7518 0.7383 -8.7141 3.5705 19.1441 0.0549 0.2033
Pedestrian -1 -1 2.3538 0.0000 891.4059 56.8870 1010.5756 1.6791 0.6420 0.7095 -14.6740 5.9130 23.3428 1.7856 0.1853
Pedestrian -1 -1 1.6764 0.0000 847.1148 21.1539 976.7399 1.7805 0.6708 0.6720 -14.6014 5.1982 22.5470 1.0918 0.1432
Pedestrian -1 -1 -1.1521 62.9064 885.2332 147.8103 1048.8685 1.6474 0.6379 0.5643 -9.3696 4.5554 16.3865 -1.6902 0.1395
Car -1 -1 -2.4499 163.5921 768.0145 447.6998 897.0969 1.4057 1.6088 3.2066 -8.7975 3.4482 20.1433 -2.8745 0.1628
Car -1 -1 1.1720 1675.8506 821.1747 1831.1866 915.9263 1.5328 1.8173 4.3611 18.8775 6.5365 35.8561 1.6822 0.1523
Car -1 -1 1.8943 81.5597 773.8661 209.8488 854.6561 1.6777 1.8629 4.2894 -22.6491 6.0590 41.7094 1.3983 0.1203
Car -1 -1 -2.6202 167.5730 811.8688 315.3442 870.5735 1.6354 1.7661 4.0543 -23.7080 7.9329 49.3292 -3.0624 0.1166
Car -1 -1 1.8802 435.1365 769.1948 535.4154 832.7984 1.4556 1.7055 4.2373 -14.5690 6.0988 45.9949 1.5790 0.1138
