Pedestrian -1 -1 -1.2716 72.5257 910.6248 159.2721 1090.5398 1.6618 0.6172 0.6865 -8.7540 4.7020 15.5066 -1.8050 0.1929
Pedestrian -1 -1 -0.3087 366.8944 695.0106 563.7211 1132.4406 1.6441 0.6170 0.5828 -2.0527 1.9537 6.1804 -0.7057 0.1546
Pedestrian -1 -1 1.7836 0.0000 905.9104 6.0859 1024.2932 1.6637 0.6823 0.5948 -15.3639 6.1225 23.3267 1.1944 0.1134
Pedestrian -1 -1 1.5149 1.4546 862.0289 58.8540 988.4460 1.7669 0.7140 0.7723 -14.5598 5.5572 23.3812 0.9501 0.1066
Pedestrian -1 -1 3.3005 222.9341 795.2678 302.1731 925.0944 1.5836 0.8203 0.8543 -9.3815 3.9331 20.1084 2.8515 0.1047
Pedestrian -1 -1 2.1929 108.2218 802.2516 183.1163 900.6513 1.3642 0.6728 0.7779 -12.3635 4.1049 22.6855 1.6827 0.1027
Car -1 -1 1.6829 385.5842 781.2092 505.1279 891.7098 1.5854 1.8058 4.4503 -10.4345 5.0229 30.5204 1.3540 0.5030
Car -1 -1 1.1915 1580.1818 834.2253 1721.2173 927.5832 1.5694 1.8215 4.1317 16.8694 7.0198 36.8099 1.6451 0.3016
Car -1 -1 -1.9244 408.6197 668.8841 1450.7328 1216.0000 1.6242 1.7527 4.0881 -0.5774 1.8357 4.9786 -2.0813 0.1638
Car -1 -1 1.2098 1665.6199 818.3036 1860.5604 938.5181 1.5128 1.9112 4.7482 15.5670 5.6295 29.3372 1.7268 0.1276
