Pedestrian -1 -1 -1.8761 506.8082 948.1616 576.7896 1108.9460 1.6321 0.6114 0.6672 -4.8896 5.4948 17.4229 -2.1526 0.3357
Pedestrian -1 -1 1.1974 422.8004 915.5230 480.0889 1036.9894 1.6526 0.6037 0.7607 -7.8955 6.2467 23.1545 0.8689 0.2007
Pedestrian -1 -1 0.6903 368.9695 894.6777 442.3564 1011.7638 1.6403 0.6532 0.8607 -8.7159 5.9554 23.4706 0.3334 0.1396
Pedestrian -1 -1 -1.7826 564.8417 922.2306 626.7069 1071.8077 1.5732 0.5942 0.6341 -4.3522 5.1937 17.7943 -2.0240 0.1360
Cyclist -1 -1 1.8222 363.9146 898.2938 424.8925 1018.0833 1.6209 0.6600 0.9847 -8.7697 5.9519 23.1638 1.4585 0.2210
Car -1 -1 1.0926 1622.0844 810.1463 1779.5901 897.4293 1.4118 1.6907 4.0010 17.0558 5.9588 34.7018 1.5754 0.2627
Car -1 -1 -2.1208 858.4427 584.9140 1936.0000 1216.0000 1.8791 1.9995 4.5272 1.0646 1.8143 4.8673 -1.8230 0.2602
Car -1 -1 2.4234 1859.7834 837.9487 1936.0000 946.1990 1.5016 1.7586 4.0680 18.0414 5.3261 25.8172 3.0674 0.1831
Car -1 -1 1.3228 1260.6995 773.5359 1356.9528 841.8751 1.4855 1.8360 4.1214 10.0535 6.0185 43.5435 1.5684 0.1614
Car -1 -1 2.1308 0.0000 793.4888 70.8239 1005.6210 1.5380 1.8306 4.0141 -11.6365 3.6020 16.2281 1.4829 0.1463
Car -1 -1 2.0345 0.0000 787.4438 118.3452 891.3841 1.6427 1.9097 4.3316 -20.5602 5.4649 32.9161 1.4734 0.1397
