Pedestrian -1 -1 1.4903 168.2596 856.5449 218.1564 979.5602 1.7382 0.6333 0.7497 -12.0443 5.4453 23.4462 1.0095 0.2639
Pedestrian -1 -1 -1.1116 240.2701 917.4623 327.0828 1084.4360 1.6527 0.6229 0.7112 -7.4355 4.9383 16.4327 -1.5499 0.1715
Pedestrian -1 -1 1.7499 106.4526 859.4302 158.1242 977.1473 1.6866 0.6068 0.6445 -12.9864 5.4260 23.4397 1.2369 0.1672
Pedestrian -1 -1 1.9537 479.9618 747.2238 655.9659 1133.4594 1.6763 0.6341 0.6105 -1.8320 2.2781 7.0282 1.6498 0.1608
Pedestrian -1 -1 3.4438 346.5415 795.5615 422.0791 912.2589 1.4687 0.7723 0.7733 -7.8778 3.8493 20.4462 3.0666 0.1390
Pedestrian -1 -1 3.3683 81.0809 785.2925 114.6857 859.7265 1.8411 0.6538 0.6305 -22.5919 6.0824 39.1392 2.8454 0.1236
Pedestrian -1 -1 2.0835 203.6493 922.1469 288.2273 1088.2788 1.7032 0.6154 0.6779 -8.1025 5.1445 16.9580 1.6251 0.1230
Cyclist -1 -1 3.5639 0.0000 880.3966 79.8419 1003.0419 1.6389 0.7295 1.5733 -14.2435 5.5583 22.4609 2.9899 0.1656
Cyclist -1 -1 0.6582 66.1906 885.5276 196.4227 1007.1494 1.6139 0.7866 1.5540 -12.4718 5.6215 22.4939 0.1447 0.1108
Car -1 -1 -2.0494 558.0460 623.4291 1777.7679 1216.0000 1.8143 1.9289 4.5800 0.0541 1.8117 5.1704 -2.0332 0.1855
Car -1 -1 -2.4744 262.1835 767.1978 549.0690 898.0261 1.4140 1.6405 3.3289 -7.4870 3.4602 20.2246 -2.8391 0.1032
