Pedestrian -1 -1 -1.3814 171.5398 926.5920 250.1017 1109.6785 1.7487 0.6453 0.6951 -8.0735 5.0847 16.1109 -1.8610 0.2626
Pedestrian -1 -1 1.7006 68.7659 873.5848 126.7998 1003.5303 1.8257 0.7024 0.6474 -13.3361 5.7413 23.1112 1.1704 0.2494
Pedestrian -1 -1 1.2916 132.0201 866.1644 194.0374 988.9934 1.7068 0.6754 0.7118 -12.3830 5.5286 23.1982 0.7947 0.2259
Pedestrian -1 -1 -2.5668 295.3441 762.3743 373.7161 904.2510 1.7149 0.6891 0.6647 -8.0538 3.5194 19.2349 -2.9764 0.1646
Pedestrian -1 -1 1.0741 0.0000 873.6292 68.3276 998.7015 1.7316 0.6996 0.7100 -14.3447 5.6512 23.0873 0.5103 0.1540
Pedestrian -1 -1 2.0609 170.6673 957.8130 253.8607 1122.1230 1.6694 0.6045 0.6578 -8.4437 5.5006 16.8768 1.5848 0.1508
Pedestrian -1 -1 0.6611 15.5141 782.8658 56.9726 850.9295 1.7487 0.7324 0.6450 -25.1534 6.0871 40.6722 0.1079 0.1413
Cyclist -1 -1 0.3800 0.0000 865.9431 41.2553 998.4896 1.7091 0.7941 1.5382 -14.4433 5.3186 21.8416 -0.2147 0.1418
Cyclist -1 -1 0.8160 67.6282 874.4938 179.4920 1002.6666 1.6738 0.7383 1.3252 -12.4341 5.4717 22.2078 0.2975 0.1099
Car -1 -1 -2.5572 246.0746 762.2225 535.6660 890.4688 1.4238 1.6251 3.2990 -7.6555 3.3821 20.1849 -2.9305 0.1129
Car -1 -1 1.6880 1.1650 785.8734 97.2081 861.1801 1.5237 1.8321 4.1754 -25.7154 6.3206 42.2834 1.1430 0.1123
