Pedestrian -1 -1 -1.7233 506.4293 944.1955 567.5978 1102.8363 1.6309 0.5958 0.6279 -4.9492 5.4407 17.4338 -2.0030 0.4863
Pedestrian -1 -1 0.5747 312.6271 786.9962 339.9147 846.4781 1.9023 0.6911 0.5578 -21.3722 7.4010 50.3392 0.1790 0.1956
Pedestrian -1 -1 1.4364 414.5990 901.5838 462.5937 1021.2335 1.6536 0.6083 0.7997 -8.1988 6.0834 23.4483 1.0996 0.1811
Pedestrian -1 -1 -2.0726 435.8771 917.7117 507.4713 1067.3304 1.5454 0.5890 0.5760 -5.7191 5.0468 17.4703 -2.3954 0.1630
Pedestrian -1 -1 0.5229 329.6121 901.5482 406.4005 1016.9152 1.6312 0.6776 0.9022 -9.3007 6.0455 23.4621 0.1436 0.1328
Pedestrian -1 -1 3.3858 431.1997 764.5235 463.7503 839.9171 1.6597 0.6651 0.5673 -11.8811 4.9227 34.5926 3.0565 0.1232
Cyclist -1 -1 3.1667 269.0913 897.0734 370.7163 1025.9148 1.6966 0.7239 1.4044 -9.7677 5.9580 22.8166 2.7589 0.1582
Car -1 -1 -2.1242 803.1057 627.0820 1936.0000 1216.0000 1.8122 1.9129 4.2649 0.8630 1.8228 4.9722 -1.8868 0.4249
Car -1 -1 2.4249 1855.2629 832.7325 1936.0000 944.1399 1.5504 1.8155 4.1994 18.0422 5.2850 25.8146 3.0691 0.2196
Car -1 -1 1.1107 1600.4053 807.8946 1754.7909 895.7203 1.4407 1.7029 4.0791 16.7132 5.9880 35.1127 1.5805 0.1969
Car -1 -1 2.0576 0.0000 789.9555 71.5049 1010.6187 1.5838 1.8391 4.3457 -11.7178 3.6522 16.4498 1.4136 0.1861
Car -1 -1 2.0132 0.0000 793.4736 82.4911 899.6013 1.6429 1.9001 4.3532 -21.2025 5.5862 32.6960 1.4350 0.1430
Car -1 -1 -1.2417 355.0411 828.1655 625.6532 1041.3900 1.6063 1.7535 4.0252 -5.2295 4.2177 17.1786 -1.5453 0.1327
Car -1 -1 1.3112 1257.7679 776.1672 1356.5916 845.6677 1.4999 1.8635 4.0416 9.9178 6.0719 43.1645 1.5557 0.1259
