Pedestrian -1 -1 -1.8140 564.1740 926.6222 631.0367 1077.9709 1.5694 0.6224 0.6913 -4.3211 5.2424 17.7543 -2.0541 0.3863
Pedestrian -1 -1 -1.6298 1585.3380 698.6432 1724.9924 1070.1338 1.8052 0.6420 0.6167 3.6456 2.2131 7.8522 -1.1102 0.2216
Pedestrian -1 -1 1.2154 450.8722 892.9728 507.8549 1014.9260 1.6797 0.6276 0.7255 -7.4725 5.9215 23.1835 0.9037 0.2179
Pedestrian -1 -1 -2.0742 482.9388 937.3620 560.5532 1092.6844 1.5748 0.6243 0.6655 -5.1297 5.3166 17.4525 -2.3641 0.1920
Pedestrian -1 -1 0.5005 0.0000 785.8081 59.9409 934.2317 1.6001 0.6367 0.7646 -10.9513 3.4923 17.2341 -0.0883 0.1808
Cyclist -1 -1 2.8964 327.6402 889.5186 473.3488 1020.6435 1.6017 0.7264 1.9385 -8.4437 5.7425 22.5505 2.5357 0.1606
Car -1 -1 -2.1472 875.3682 633.1172 1936.0000 1216.0000 1.7568 1.9189 4.2808 1.1094 1.7965 4.9038 -1.8404 0.5868
Car -1 -1 -0.1035 933.4432 831.5895 1196.5907 960.1815 1.5422 1.9909 3.7493 1.4632 4.7678 22.3017 -0.0218 0.3030
Car -1 -1 1.0764 1647.1062 801.9320 1813.9156 891.0546 1.4522 1.7466 4.1685 17.7588 5.8133 34.7512 1.5752 0.2381
Car -1 -1 1.3026 1302.8698 772.8679 1405.4412 845.0066 1.5600 1.8717 4.2541 11.2823 6.0479 43.2234 1.5773 0.1686
Car -1 -1 2.3884 1892.5928 818.0298 1936.0000 919.6945 1.4758 1.7474 4.1908 19.3038 5.0808 26.8444 3.0457 0.1518
