Pedestrian -1 -1 -1.4310 85.8374 710.6304 281.2021 1158.3931 1.7619 0.7223 0.7557 -3.3831 2.1667 6.5671 -1.9976 0.5613
Pedestrian -1 -1 1.3572 673.9204 897.8194 724.5507 1018.7865 1.6487 0.6300 0.6994 -4.0018 5.8938 22.8184 1.1891 0.3238
Pedestrian -1 -1 -1.5874 724.6350 922.8674 775.3201 1071.3009 1.6369 0.6068 0.6852 -2.6059 5.3837 18.4202 -1.7230 0.2265
Pedestrian -1 -1 -2.4848 1586.3187 727.5248 1803.0529 1075.6196 1.7241 0.6634 0.8432 4.0139 2.3238 8.2243 -1.9479 0.1921
Pedestrian -1 -1 0.2799 614.5295 795.1268 639.8289 855.5924 1.7281 0.6722 0.5773 -10.0713 6.9014 45.0929 0.0682 0.1270
Pedestrian -1 -1 -1.4074 53.1382 873.5068 109.8250 1007.6274 1.7756 0.6260 0.5589 -12.6792 5.4229 21.5643 -1.9482 0.1202
Pedestrian -1 -1 -1.4239 84.7134 831.2957 140.2282 952.8309 1.3895 0.5306 0.6213 -10.6641 4.0379 18.8013 -1.9564 0.1103
Car -1 -1 -2.3936 1096.7084 544.3346 1936.0000 1216.0000 1.8667 1.9506 4.2830 1.9675 1.7625 4.2356 -1.7878 0.9793
Car -1 -1 -1.3079 298.4500 764.5945 424.7404 853.4187 1.6740 1.9308 3.7625 -14.5090 5.2584 36.3908 -1.6860 0.2072
Car -1 -1 -0.4093 1109.9326 802.8394 1263.9603 871.0060 1.4579 1.7849 3.6844 6.0340 6.3887 40.1300 -0.2429 0.1453
