Pedestrian -1 -1 -1.8345 595.8474 925.2376 664.7146 1078.9364 1.5950 0.6376 0.7039 -3.9379 5.2571 17.7750 -2.0526 0.4139
Pedestrian -1 -1 -1.5225 0.0000 846.4912 45.1539 954.8817 1.4011 0.6137 0.6680 -13.5915 4.6650 21.5844 -2.0967 0.3630
Pedestrian -1 -1 1.1542 510.2936 909.9788 567.4025 1030.6012 1.6494 0.6004 0.7527 -6.5569 6.1650 23.2061 0.8807 0.2299
Pedestrian -1 -1 -1.9070 1484.0463 721.1669 1649.2673 1061.8030 1.7140 0.6683 0.7291 3.2788 2.2648 8.1545 -1.4496 0.2250
Pedestrian -1 -1 0.1985 39.6850 776.5917 116.1109 928.8176 1.6578 0.6415 0.6687 -10.3468 3.4787 17.5343 -0.3558 0.1287
Pedestrian -1 -1 -1.9951 541.2045 927.4932 610.0839 1077.7826 1.5464 0.5768 0.6176 -4.5156 5.1740 17.5063 -2.2501 0.1156
Pedestrian -1 -1 -1.9415 140.2769 799.8229 173.3774 864.7522 1.8240 0.6675 0.7145 -24.2687 7.1582 45.1161 -2.4313 0.1128
Cyclist -1 -1 2.8688 370.7448 906.7126 512.1938 1039.2191 1.6053 0.7327 1.8845 -7.8178 6.0079 22.5241 2.5338 0.1547
Cyclist -1 -1 -1.0981 9.5801 760.7571 395.0387 1216.0000 1.7509 0.7391 1.9892 -3.0821 2.4186 6.3315 -1.6406 0.1278
Car -1 -1 -2.2408 909.9316 625.3238 1936.0000 1216.0000 1.8270 1.9796 4.4577 1.3478 1.8290 4.7022 -1.8540 0.9294
Car -1 -1 1.6796 808.0504 801.2721 878.2433 866.1307 1.4956 1.7652 4.3386 -3.7954 7.4973 48.6825 1.6134 0.1593
Car -1 -1 1.4290 1119.9308 778.3372 1192.0173 841.8083 1.6339 1.9119 4.3837 6.6259 7.1224 51.2987 1.5732 0.1411
Car -1 -1 2.2488 0.0000 772.8365 28.0228 951.8950 1.6198 1.8732 4.4708 -14.5315 3.7718 19.5017 1.5891 0.1224
