Pedestrian -1 -1 -1.2954 31.2874 729.5998 252.5692 1184.8853 1.6921 0.6853 0.7577 -3.3846 2.1618 6.2407 -1.8920 0.5527
Pedestrian -1 -1 -2.0878 1544.4822 700.8616 1735.4244 1035.8860 1.7170 0.6874 0.7912 3.7174 2.1563 8.2462 -1.5843 0.3415
Pedestrian -1 -1 -1.7679 681.0676 921.8169 740.2737 1073.8896 1.6367 0.5907 0.6656 -3.0428 5.3195 18.1334 -1.9310 0.2902
Pedestrian -1 -1 -1.2808 1737.8951 730.4391 1927.4125 1083.2632 1.6821 0.6841 0.6036 4.5729 2.2687 7.8573 -0.6595 0.2091
Pedestrian -1 -1 1.4372 598.8193 885.3148 645.2916 1002.7714 1.6309 0.6194 0.6179 -5.2024 5.6918 22.9229 1.2170 0.1863
Pedestrian -1 -1 1.2334 634.3647 890.9096 688.0010 1010.3983 1.6532 0.6148 0.7222 -4.6657 5.8696 23.2370 1.0397 0.1745
Pedestrian -1 -1 -1.4117 0.0000 888.3641 29.2356 1018.9473 1.6742 0.6110 0.6211 -13.6374 5.4864 21.2301 -1.9930 0.1577
Pedestrian -1 -1 -1.6685 95.4638 882.0435 150.7182 1001.6797 1.5644 0.6410 0.6777 -12.3336 5.4272 22.0024 -2.1877 0.1525
Pedestrian -1 -1 -1.8297 1692.1257 688.9936 1877.1508 1087.9872 1.7736 0.6840 0.6663 3.9453 2.1012 7.2140 -1.2284 0.1400
Pedestrian -1 -1 0.4425 517.0167 794.8082 539.8987 851.5007 1.8613 0.6643 0.5226 -14.9592 7.7769 51.6947 0.1689 0.1243
Cyclist -1 -1 1.2130 1685.2609 770.5904 1793.0736 892.7152 1.6799 0.8054 2.6526 13.0680 4.2704 25.2178 1.7243 0.1333
Car -1 -1 -2.2588 1018.3047 643.3713 1936.0000 1216.0000 1.7601 1.9437 4.1890 1.6403 1.8447 4.5921 -1.7851 0.9015
Car -1 -1 -0.6840 1776.2406 782.6232 1936.0000 1012.0295 1.9616 2.0364 4.7560 11.2349 3.6767 15.2319 0.0047 0.2482
Car -1 -1 1.2121 1452.2887 786.3825 1566.1764 857.7673 1.4746 1.7614 4.0955 15.4079 6.2608 42.2646 1.5833 0.1446
