Pedestrian -1 -1 -1.4056 231.5453 723.0670 408.1212 1122.0258 1.7273 0.7105 0.6864 -3.0299 2.2235 7.1238 -1.8801 0.3883
Pedestrian -1 -1 1.3727 800.7743 877.8109 850.3759 998.8697 1.6185 0.6188 0.6336 -2.0011 5.4073 22.0129 1.2906 0.2187
Pedestrian -1 -1 -1.5562 1722.4976 821.3468 1885.0669 1180.2821 1.7226 0.7084 0.8093 4.6813 2.8828 8.2971 -0.9575 0.1188
Car -1 -1 -2.4082 1328.1492 580.9534 1936.0000 1216.0000 1.7497 1.8838 4.0136 2.3940 1.7009 3.6932 -1.6015 0.8450
Car -1 -1 1.6732 752.1211 790.5781 870.8599 903.7681 1.5219 1.7715 4.0101 -2.7282 4.8507 28.0294 1.5845 0.1739
Car -1 -1 1.1765 1784.1196 832.3907 1936.0000 934.6334 1.4869 1.9175 4.2418 20.0598 6.4017 33.1654 1.7481 0.1617
Car -1 -1 1.1354 1675.2102 818.2734 1859.4271 925.3694 1.5085 1.8139 4.3858 16.8338 5.8728 31.4903 1.6543 0.1379
Car -1 -1 2.6333 0.0000 692.4225 378.5861 1216.0000 1.4973 1.8243 4.3664 -4.3203 1.8516 5.5001 1.8337 0.1229
Car -1 -1 -0.4808 1639.2859 830.7189 1842.4008 906.7625 1.6307 1.8816 4.2298 19.9548 7.0529 38.4084 0.0227 0.1150
Car -1 -1 1.8840 324.2234 762.7543 471.9447 865.1177 1.8110 1.9137 4.5319 -13.0559 5.2472 34.9705 1.5281 0.1103
