Pedestrian -1 -1 -1.3867 286.6626 738.7913 466.2802 1131.1018 1.6963 0.7162 0.7919 -2.7923 2.2816 7.2132 -1.8221 0.6764
Pedestrian -1 -1 1.2517 815.6085 862.5580 870.9905 988.1087 1.6758 0.6460 0.6414 -1.7361 5.2334 21.9669 1.1818 0.2912
Pedestrian -1 -1 -1.9454 1765.4930 831.6990 1936.0000 1182.9598 1.7157 0.6700 0.7976 4.9560 2.9318 8.3255 -1.3221 0.2506
Pedestrian -1 -1 0.9062 878.0947 858.4786 935.6402 982.4009 1.6278 0.5881 0.6007 -0.7882 5.0734 21.6413 0.8807 0.1366
Cyclist -1 -1 -3.3313 1862.5406 819.2166 1936.0000 1201.9911 1.6636 0.7478 1.3502 5.5164 2.7669 7.8306 -2.6201 0.1248
Car -1 -1 -2.4585 1359.6516 540.5324 1936.0000 1216.0000 1.7095 1.8792 4.0335 2.4130 1.6309 3.4233 -1.5846 0.8672
Car -1 -1 1.1285 1706.7515 812.3538 1898.7017 921.3583 1.4824 1.7941 4.2971 16.8573 5.5485 30.2132 1.6666 0.2228
Car -1 -1 -3.7160 1829.5195 857.2176 1936.0000 946.0045 1.6911 1.8167 4.0275 22.6019 7.2080 34.5408 -3.1099 0.1906
Car -1 -1 -3.6420 1835.5386 870.3732 1936.0000 962.6147 1.6010 1.7266 4.0264 21.7125 7.1628 32.8003 -3.0299 0.1405
Car -1 -1 -3.6560 1870.0543 872.5419 1936.0000 975.6971 1.6652 1.8367 4.1775 21.4431 6.9737 30.8929 -3.0206 0.1310
