Pedestrian -1 -1 -1.4819 307.2729 737.4468 479.3365 1135.9917 1.7116 0.7348 0.8123 -2.7207 2.2924 7.2124 -1.9072 0.4980
Pedestrian -1 -1 1.2225 841.5632 868.2616 894.4637 991.0691 1.6145 0.5852 0.6445 -1.3564 5.2127 21.6997 1.1697 0.2629
Pedestrian -1 -1 -1.6495 1791.6356 796.5233 1936.0000 1143.8295 1.6593 0.6809 0.7544 4.9295 2.6507 8.1390 -1.0145 0.1965
Pedestrian -1 -1 2.2771 1298.1899 801.2672 1330.9526 861.3231 1.6664 0.6053 0.7536 10.5568 6.9914 44.6870 2.5276 0.1942
Pedestrian -1 -1 1.1495 903.2452 847.6018 958.4506 974.6874 1.6665 0.5954 0.6142 -0.4388 4.9176 21.4275 1.1406 0.1309
Cyclist -1 -1 -1.2861 327.8636 773.6626 527.5611 1186.3636 1.7677 0.7146 0.9762 -2.5726 2.5470 7.3088 -1.6823 0.1007
Car -1 -1 -2.5635 1361.1786 488.8178 1936.0000 1216.0000 1.7190 1.9046 4.0627 2.4450 1.6174 3.1965 -1.6254 0.8331
Car -1 -1 -0.4185 0.0000 453.2728 103.7015 1216.0000 1.5925 1.8303 4.1096 -3.8567 1.4757 3.0738 -1.5704 0.1848
Car -1 -1 1.1884 1857.2837 829.4106 1936.0000 940.6538 1.6096 1.9331 4.3275 21.3300 6.3741 32.5141 1.7974 0.1678
Car -1 -1 1.1295 1661.3516 815.7455 1852.4050 927.2538 1.5437 1.8316 4.4430 16.2377 5.7649 30.7953 1.6430 0.1450
Car -1 -1 -3.7509 1928.3141 867.2719 1936.0000 995.8521 2.0471 2.0001 4.5443 21.8525 6.9713 29.2433 -3.0794 0.1343
