Pedestrian -1 -1 -1.2688 378.7818 799.8960 571.6317 1187.6591 1.7511 0.7336 0.8993 -2.4554 2.7010 7.6477 -1.6284 0.5856
Pedestrian -1 -1 1.1359 905.3649 903.1213 960.2983 1027.4828 1.5717 0.5848 0.5823 -0.4024 5.5555 21.0250 1.1291 0.2159
Pedestrian -1 -1 1.1710 973.3342 884.0833 1029.6886 1013.4360 1.6346 0.5887 0.6463 0.5594 5.3326 20.9308 1.2124 0.1993
Pedestrian -1 -1 2.0607 1370.1575 811.6993 1400.6195 874.1034 1.7059 0.6309 0.6395 12.4839 7.2606 44.0191 2.3565 0.1236
Pedestrian -1 -1 1.0462 1323.4083 809.2750 1356.5498 875.9510 1.7551 0.7106 0.5684 10.5705 6.9475 41.7498 1.3134 0.1059
Cyclist -1 -1 -1.2709 370.1711 798.5057 571.4619 1187.6598 1.7449 0.7627 0.9551 -2.4759 2.6913 7.6521 -1.6331 0.1254
Car -1 -1 -2.3439 1407.7312 661.6257 1936.0000 1216.0000 1.5278 1.7521 3.4828 2.4256 1.6618 3.6760 -1.5259 0.4382
Car -1 -1 -0.3726 0.0000 396.0586 188.7991 1216.0000 1.5403 1.7719 3.9459 -3.3878 1.4179 2.7955 -1.5448 0.2971
Car -1 -1 2.0577 0.0000 792.8752 77.0720 897.0930 1.5618 1.8550 4.4831 -21.1240 5.4407 32.2125 1.4738 0.1961
Car -1 -1 2.0268 0.0000 769.3161 106.1103 887.4821 1.5704 1.8903 4.3798 -17.8525 4.4724 27.7607 1.4475 0.1148
Car -1 -1 -1.4621 844.2223 790.1329 918.9866 856.8162 1.4837 1.7922 3.6672 -2.3282 6.6131 44.5330 -1.5026 0.1070
