Pedestrian -1 -1 -1.4338 492.3818 801.6362 644.7508 1150.9604 1.6884 0.7240 0.7260 -2.0959 2.6902 8.0618 -1.7251 0.5932
Pedestrian -1 -1 1.3448 1053.1024 885.4581 1110.9938 1026.1434 1.6783 0.6357 0.6314 1.5699 5.1382 19.5038 1.4429 0.2678
Pedestrian -1 -1 1.3537 1004.8895 901.7965 1062.3049 1051.2596 1.7557 0.6141 0.7258 0.9359 5.4367 19.4748 1.4178 0.1814
Pedestrian -1 -1 -3.3790 1552.9056 738.5159 1936.0000 1216.0000 1.2890 0.8224 0.9732 2.2295 1.6563 4.2589 -2.7152 0.1394
Cyclist -1 -1 1.3537 1004.8895 901.7965 1062.3049 1051.2596 1.7557 0.6141 0.7258 0.9359 5.4367 19.4748 1.4178 0.1298
Car -1 -1 -3.2857 1168.5850 806.2356 1500.5304 950.3184 1.3821 1.7178 3.7270 4.4096 3.7136 18.1466 -3.0188 0.3689
Car -1 -1 -2.9189 1701.2908 582.8318 1936.0000 1216.0000 1.6180 1.7713 3.8821 3.0068 1.6110 2.2242 -1.6118 0.2596
Car -1 -1 -0.2388 0.0000 0.0000 1936.0000 1216.0000 1.7056 1.8992 4.2908 -3.0595 1.5096 2.1191 -1.5652 0.2249
Car -1 -1 1.2180 1431.3580 763.3002 1606.6340 872.5680 1.6310 1.9434 4.7521 11.3473 4.7040 30.8036 1.5967 0.1669
Car -1 -1 1.0994 1648.0875 793.1985 1811.6514 880.6470 1.5045 1.8221 4.4126 18.6579 5.8677 36.5402 1.5973 0.1244
