Pedestrian -1 -1 -1.3739 493.6117 792.1434 657.3505 1141.9022 1.7038 0.7451 0.7456 -2.0614 2.6524 8.0767 -1.6602 0.4384
Pedestrian -1 -1 1.4076 1081.0485 885.7996 1137.1107 1020.8326 1.5923 0.6345 0.6111 1.8913 4.9962 19.1906 1.5248 0.2734
Pedestrian -1 -1 1.4438 1031.5068 889.9752 1083.7472 1028.1448 1.6517 0.6127 0.6404 1.2506 5.1661 19.4928 1.5248 0.1899
Pedestrian -1 -1 -3.8341 1620.4060 745.2121 1936.0000 1216.0000 1.3099 0.7735 0.8377 2.3577 1.6666 4.0313 -3.1023 0.1277
Cyclist -1 -1 -1.2391 491.6617 775.0560 719.3462 1151.3490 1.7209 0.8056 1.4995 -1.9047 2.6259 8.2363 -1.4983 0.2687
Car -1 -1 -2.9176 1738.1007 292.0343 1936.0000 1216.0000 1.6060 1.7846 3.8162 3.0644 1.5454 2.2026 -1.5967 0.5222
Car -1 -1 1.1076 1677.3644 772.0974 1835.0872 855.7225 1.5088 1.8109 4.1530 19.3222 5.3159 36.5592 1.6203 0.2577
Car -1 -1 -0.2338 0.0000 0.0000 1936.0000 1216.0000 1.6935 1.8871 4.2546 -2.9999 1.4867 2.1088 -1.5599 0.2159
Car -1 -1 -3.1817 1144.6743 817.9394 1509.7794 978.1782 1.4386 1.7876 4.0470 4.3198 3.9245 17.9350 -2.9168 0.1758
Car -1 -1 1.1984 1468.2468 771.2941 1649.1725 879.7943 1.5882 1.9646 4.6325 12.0679 4.8097 30.5628 1.6009 0.1703
Car -1 -1 2.0254 117.6994 789.0065 287.4245 879.2548 1.4779 1.7938 4.2368 -17.3141 5.4829 34.3655 1.5579 0.1580
Car -1 -1 -1.7549 897.6315 789.5079 981.8611 863.2406 1.5877 1.8085 4.0640 -0.6853 6.6727 44.0318 -1.7578 0.1501
Car -1 -1 -2.7246 461.8945 798.1732 616.2978 866.3187 1.7566 1.7669 4.1921 -12.8916 7.1971 45.7682 -2.9918 0.1415
Car -1 -1 -1.6798 658.6432 790.6720 730.1986 863.4630 1.6915 1.8159 4.1175 -8.4513 7.1630 47.1301 -1.8479 0.1338
