Pedestrian -1 -1 -1.3336 522.5056 855.3773 688.8700 1216.0000 1.7420 0.7214 0.8069 -1.8954 3.0490 8.0680 -1.5951 0.3870
Pedestrian -1 -1 1.4031 1052.8468 889.2091 1109.7163 1031.9213 1.6734 0.6376 0.6319 1.5291 5.1130 19.1233 1.5008 0.2011
Pedestrian -1 -1 1.3472 1114.3683 871.6917 1172.0198 1014.1530 1.6387 0.6091 0.5655 2.2543 4.7543 18.5722 1.4885 0.2006
Cyclist -1 -1 -1.3415 522.9405 853.7642 694.1323 1216.0000 1.7429 0.7397 0.9047 -1.8924 3.0588 8.1353 -1.6001 0.1037
Car -1 -1 -2.9397 1742.6384 673.2357 1936.0000 1216.0000 1.5429 1.7100 3.7209 3.0097 1.6738 2.1538 -1.6124 0.4470
Car -1 -1 -1.3638 538.0591 778.2459 716.9906 918.7101 1.5702 1.8846 4.3712 -5.1567 4.2246 23.6940 -1.5772 0.1695
Car -1 -1 -0.2304 0.0000 0.0000 1936.0000 1216.0000 1.6488 1.8906 4.3923 -3.0692 1.4926 2.1065 -1.5619 0.1359
Car -1 -1 -2.6981 470.5519 800.7522 626.3253 868.4641 1.7072 1.8296 4.2053 -12.5712 7.2242 45.6362 -2.9594 0.1344
Car -1 -1 -1.6666 675.9348 787.7772 749.0439 861.4433 1.6883 1.8948 4.3905 -7.8787 7.0736 47.0821 -1.8230 0.1097
Car -1 -1 1.9491 168.1543 788.8320 327.9064 884.8220 1.5492 1.8004 4.2762 -16.0097 5.4961 33.8133 1.5064 0.1034
