Pedestrian -1 -1 -1.2725 555.5219 865.4393 717.9496 1215.5275 1.7145 0.6944 0.7860 -1.7822 3.1170 8.3055 -1.5098 0.5908
Pedestrian -1 -1 1.2890 1233.1238 860.6225 1305.5747 1029.7483 1.6717 0.6213 0.6359 3.2980 4.2534 16.0449 1.5196 0.3104
Pedestrian -1 -1 1.3391 1133.1113 901.5513 1203.0029 1064.4034 1.6292 0.6391 0.6786 2.2812 4.7579 16.5508 1.4988 0.2976
Pedestrian -1 -1 -0.6640 392.7078 846.2827 469.2444 1033.5350 1.8054 0.6326 0.4592 -5.5434 4.1735 15.6349 -1.0177 0.1297
Cyclist -1 -1 0.0643 1268.6334 796.6185 1418.6367 984.1602 1.7713 0.7565 1.4733 4.0555 3.6599 15.8407 0.3468 0.1217
Car -1 -1 -3.3282 1244.9296 791.4243 1622.0797 946.7162 1.3463 1.7182 3.7416 5.0674 3.3082 16.4957 -2.9953 0.2437
Car -1 -1 1.9050 247.1767 787.5248 360.1570 856.1779 1.4393 1.7321 4.1498 -19.0901 6.4124 43.5963 1.4960 0.1988
Car -1 -1 -1.6618 1004.1998 787.1960 1084.6687 868.1910 1.5225 1.7407 3.8814 2.0573 5.8511 37.9246 -1.5932 0.1449
Car -1 -1 -0.5417 0.0000 110.1872 612.5383 1216.0000 1.6638 1.7990 4.0820 -1.7613 1.6101 2.2586 -1.6457 0.1438
Car -1 -1 -1.9844 1555.1787 798.8888 1695.5060 886.2699 1.5953 1.7736 4.2306 16.7532 6.2598 37.9536 -1.5448 0.1106
