Pedestrian -1 -1 -1.3526 601.0155 874.0238 753.0238 1215.0559 1.6775 0.6885 0.8090 -1.5688 3.1383 8.3608 -1.5596 0.6400
Pedestrian -1 -1 1.4028 1273.1108 944.0273 1346.5388 1125.7662 1.6459 0.6384 0.7046 3.5465 4.9826 15.2564 1.6613 0.2477
Pedestrian -1 -1 1.5007 1214.3884 963.3467 1280.0171 1144.5916 1.6451 0.6321 0.6423 2.9165 5.1890 15.2954 1.7164 0.2431
Pedestrian -1 -1 -0.8782 377.0227 795.2047 460.9068 986.5038 1.8135 0.6370 0.4776 -5.4691 3.5696 15.0911 -1.2426 0.1151
Car -1 -1 -1.6178 935.1780 794.8349 994.5062 860.5974 1.6605 1.8786 4.2414 0.0803 7.7025 51.0205 -1.6030 0.2233
Car -1 -1 -1.6617 989.7683 800.1475 1062.3615 872.6238 1.5115 1.7714 3.8462 1.7991 6.7307 42.5842 -1.6053 0.1997
Car -1 -1 -1.6836 1015.2801 788.7261 1100.3734 870.8157 1.5137 1.7471 3.8766 2.3603 5.8261 37.3972 -1.6058 0.1463
Car -1 -1 0.3315 1605.3682 197.7031 1936.0000 1216.0000 1.6720 1.8689 4.1397 2.7687 1.6169 2.2852 1.5953 0.1397
Car -1 -1 1.1236 1515.0333 833.9114 1664.7119 925.4227 1.4885 1.7880 4.0246 14.8913 6.7577 35.6636 1.5429 0.1176
Car -1 -1 1.3573 1654.0082 787.0057 1755.4380 862.6797 1.5690 1.8418 4.2953 21.4186 6.5075 43.2421 1.8405 0.1074
