Pedestrian -1 -1 -1.3120 563.9905 849.2464 716.1594 1184.5686 1.6877 0.6830 0.7407 -1.7881 3.0063 8.4112 -1.5473 0.5834
Pedestrian -1 -1 1.1430 1258.3905 923.3849 1342.8448 1103.2057 1.6841 0.6606 0.6500 3.5409 4.8806 15.6373 1.3950 0.2961
Pedestrian -1 -1 1.3294 1169.2019 948.9222 1239.1494 1116.6559 1.6249 0.6298 0.5600 2.5818 5.1415 15.9328 1.5148 0.2834
Pedestrian -1 -1 0.0344 408.0756 828.0392 468.3680 1001.0542 1.6557 0.6287 0.5812 -5.4533 3.8296 15.6140 -0.3156 0.1458
Pedestrian -1 -1 1.5324 1114.4791 1006.0306 1162.6434 1146.0396 1.3791 0.5183 0.4873 1.9472 5.6429 16.4613 1.6718 0.1129
Cyclist -1 -1 -0.0611 1289.6987 875.0914 1417.2004 1064.7832 1.7517 0.7637 1.2629 4.0937 4.4608 15.6790 0.2261 0.1594
Car -1 -1 -1.6644 980.9092 796.1296 1051.8215 867.0491 1.5104 1.7356 3.6571 1.5314 6.6154 42.7194 -1.6146 0.2712
Car -1 -1 -1.6251 954.2489 806.4987 1015.4273 873.1146 1.5764 1.8185 4.0156 0.7235 7.7114 48.4905 -1.5965 0.1981
Car -1 -1 -0.2405 0.0000 0.0000 1936.0000 1216.0000 1.6185 1.8295 4.0553 -3.0758 1.4274 2.0447 -1.5935 0.1768
Car -1 -1 -1.5199 722.4919 796.1356 794.0074 870.7202 1.5613 1.7854 3.9930 -5.7618 6.6980 42.8039 -1.6440 0.1141
Car -1 -1 -1.6570 1008.9630 790.4399 1088.7670 871.7689 1.5277 1.7426 3.8284 2.1668 5.9319 37.8602 -1.5852 0.1065
