Pedestrian -1 -1 -1.3140 593.0679 810.1841 745.1321 1146.9858 1.7029 0.6823 0.7358 -1.6159 2.7863 8.3628 -1.5293 0.5330
Pedestrian -1 -1 -1.8724 1045.8038 947.2775 1106.4742 1080.6312 1.4961 0.6050 0.6838 1.4611 5.6978 19.0937 -1.7780 0.2291
Pedestrian -1 -1 1.2966 1203.2579 934.5685 1277.9521 1099.8256 1.5595 0.6383 0.6103 2.9169 4.8684 15.6545 1.5075 0.2194
Pedestrian -1 -1 1.4632 1275.7787 902.3059 1343.6245 1079.7819 1.6460 0.6313 0.6431 3.5745 4.5663 15.3774 1.7219 0.1956
Pedestrian -1 -1 1.2747 1144.2814 971.1962 1211.0497 1135.1213 1.5545 0.5708 0.5514 2.2813 5.2856 15.8022 1.4417 0.1397
Pedestrian -1 -1 -0.3680 388.8303 811.8881 469.6748 1001.8719 1.7832 0.6303 0.5869 -5.4494 3.7520 15.3148 -0.7251 0.1285
Car -1 -1 -1.6711 1010.8235 791.9762 1092.6005 872.2966 1.4915 1.7317 3.7665 2.2232 5.9055 37.6029 -1.5974 0.3669
Car -1 -1 -1.6759 987.0337 792.5114 1061.0688 862.2821 1.4786 1.7783 3.7040 1.7474 6.4756 42.6886 -1.6210 0.3098
Car -1 -1 -1.5202 722.2388 801.1965 794.1517 875.3407 1.5166 1.7754 3.9375 -5.6906 6.7384 42.2651 -1.6443 0.2263
Car -1 -1 1.0741 1537.9114 852.2444 1657.0111 927.8318 1.5842 1.7590 3.7846 19.0891 8.7287 45.0427 1.4957 0.1878
Car -1 -1 0.3605 1613.6393 634.3499 1936.0000 1216.0000 1.6408 1.8073 3.9948 2.7441 1.6684 2.3389 1.6022 0.1483
Car -1 -1 -0.2087 0.0000 0.0000 1936.0000 1216.0000 1.5862 1.8306 3.9931 -3.0675 1.4302 1.9374 -1.5941 0.1442
Car -1 -1 -1.4534 733.2123 785.7959 801.7170 845.1157 1.5244 1.8325 4.0691 -6.6280 7.2846 51.5032 -1.5710 0.1207
