Pedestrian -1 -1 -1.5270 630.0727 871.8698 761.7756 1213.3517 1.7079 0.7101 0.8071 -1.5099 3.2002 8.5847 -1.7196 0.5327
Pedestrian -1 -1 1.5937 761.4904 846.3102 805.1163 964.7563 1.6968 0.6481 0.6088 -2.7318 5.1506 22.9957 1.4824 0.5113
Pedestrian -1 -1 -1.7307 1051.0795 929.3348 1107.9266 1068.6908 1.6054 0.6333 0.7445 1.5215 5.6201 19.3299 -1.6341 0.3286
Pedestrian -1 -1 1.4964 1229.4515 956.4700 1300.9569 1153.0237 1.6980 0.6523 0.6521 2.9477 5.0060 14.5477 1.7252 0.3221
Pedestrian -1 -1 1.6360 789.0040 884.5576 827.2745 978.7699 1.3779 0.5643 0.4982 -2.4077 5.5107 23.5451 1.5424 0.1459
Pedestrian -1 -1 -1.8491 1866.4927 938.7141 1936.0000 1137.3446 1.6983 0.5775 0.4888 8.9497 4.7344 14.1424 -1.2341 0.1267
Pedestrian -1 -1 1.5821 94.5606 822.7868 167.0179 998.0687 1.5814 0.6258 0.7900 -8.3967 3.6476 15.1159 1.0503 0.1057
Cyclist -1 -1 -1.5173 622.3463 871.1920 761.6077 1212.6440 1.6886 0.7473 0.8739 -1.5265 3.1818 8.5811 -1.7123 0.1105
Car -1 -1 1.9927 82.5544 781.7606 263.3774 880.8925 1.4831 1.8047 4.1238 -16.3087 4.9756 31.1812 1.5076 0.1719
Car -1 -1 -1.6242 945.5067 783.6190 1006.3550 850.2988 1.7123 1.9031 4.3602 0.4574 7.3732 51.1273 -1.6020 0.1128
Car -1 -1 -0.8734 1620.4115 836.8948 1936.0000 1014.4773 1.5293 1.7653 3.7780 9.9884 4.2432 17.7161 -0.3173 0.1127
Car -1 -1 -3.7251 1849.6210 857.2449 1936.0000 935.9158 1.4831 1.7576 4.1584 23.2452 7.0270 34.7352 -3.1084 0.1042
Car -1 -1 1.1272 1531.0270 836.4884 1687.4376 934.8853 1.5653 1.7747 4.3103 15.1720 6.8629 35.2752 1.5574 0.1039
