Pedestrian -1 -1 -1.4258 621.4821 877.8172 761.9760 1216.0000 1.7395 0.6899 0.8414 -1.5240 3.2627 8.5693 -1.6203 0.5497
Pedestrian -1 -1 1.6418 752.9615 806.1371 797.7410 921.1591 1.6977 0.6503 0.6045 -2.9030 4.5707 23.3890 1.5243 0.5081
Pedestrian -1 -1 1.3282 1218.5192 968.3030 1294.2200 1156.5359 1.7012 0.6293 0.5904 2.9363 5.1959 14.9172 1.5506 0.4431
Pedestrian -1 -1 -1.7554 1047.2201 945.2974 1106.4962 1082.3361 1.5442 0.6411 0.7381 1.4696 5.7215 19.1012 -1.6606 0.1976
Pedestrian -1 -1 1.6049 792.8659 847.4466 829.6541 949.0367 1.5282 0.5649 0.4908 -2.3945 5.1242 23.9025 1.5130 0.1889
Pedestrian -1 -1 1.5758 783.8762 805.1181 828.3580 918.1991 1.6104 0.6652 0.6659 -2.3625 4.4033 22.8131 1.4792 0.1741
Pedestrian -1 -1 -0.7755 1530.7385 455.3405 1936.0000 1216.0000 1.6766 0.7587 0.5873 1.4580 1.4130 2.7210 0.0582 0.1365
Car -1 -1 2.0045 82.0724 781.2535 267.6043 881.8121 1.5063 1.8237 4.2312 -16.3117 5.0017 31.2726 1.5207 0.1602
Car -1 -1 -3.7525 1907.9359 856.3115 1936.0000 993.1935 2.2721 2.0607 4.8028 21.9940 7.0757 29.8866 -3.0888 0.1347
Car -1 -1 2.3842 1873.4315 821.4109 1936.0000 1039.1832 1.5974 1.8215 4.4007 11.0581 3.5119 13.6233 3.1255 0.1304
Car -1 -1 1.1678 1574.0576 816.0199 1730.2037 916.9151 1.5277 1.7113 4.0154 14.8893 5.9384 32.4618 1.6241 0.1177
Car -1 -1 -1.6128 943.9670 793.7889 1001.3669 859.2209 1.6581 1.8326 4.1963 0.3483 7.6510 50.9468 -1.5926 0.1162
Car -1 -1 -3.6660 1788.1024 859.3588 1936.0000 940.7909 1.5624 1.7336 4.0118 22.0352 7.2576 35.3417 -3.0824 0.1156
