Pedestrian -1 -1 -1.6923 1054.9675 854.1657 1108.4933 993.8267 1.6497 0.6121 0.8156 1.5589 4.6941 19.4425 -1.5946 0.7343
Pedestrian -1 -1 -1.3713 631.1019 823.5163 788.6592 1170.8567 1.7482 0.7243 0.9916 -1.4204 2.9575 8.6032 -1.5529 0.6591
Pedestrian -1 -1 1.7286 746.9968 813.9312 800.1249 934.8599 1.6384 0.6734 0.5756 -2.6940 4.3944 21.5019 1.6091 0.4633
Pedestrian -1 -1 1.4793 1290.5459 899.8886 1368.7596 1109.3792 1.6990 0.6476 0.6048 3.2967 4.2325 13.4210 1.7543 0.4007
Pedestrian -1 -1 1.4487 925.5809 781.8635 950.5094 840.8865 1.7079 0.6928 0.6507 -0.7104 6.5310 45.5853 1.4457 0.3793
Pedestrian -1 -1 -1.7415 1122.6639 824.7335 1171.9314 953.7156 1.6226 0.5680 0.6540 2.5056 4.3646 20.1848 -1.5981 0.1966
Pedestrian -1 -1 -2.5191 589.8780 785.6365 694.2460 951.1890 1.4526 0.6965 0.7181 -3.0842 3.0584 14.4786 -2.7380 0.1962
Cyclist -1 -1 -1.1413 278.0277 934.6384 473.4359 1216.0000 1.7013 0.7238 1.8557 -4.4582 4.2860 11.5387 -1.5337 0.2239
Cyclist -1 -1 -1.3375 634.4768 826.4332 810.9170 1174.8827 1.7147 0.7710 1.1861 -1.3525 2.9685 8.6876 -1.5081 0.1565
Car -1 -1 1.0620 1614.0659 790.3527 1936.0000 1002.5334 1.5970 1.8305 4.4928 9.2889 3.7387 17.0812 1.6044 0.2738
Car -1 -1 -1.4630 708.8362 797.1020 821.2062 905.2150 1.5861 1.8062 4.0971 -3.9331 5.3424 30.5605 -1.5831 0.2152
Car -1 -1 -1.4479 717.8065 782.7347 789.0391 842.1800 1.4665 1.8189 3.9550 -6.8180 6.8890 49.3949 -1.5751 0.1875
