Pedestrian -1 -1 -1.4317 626.9432 901.8982 771.5230 1216.0000 1.7089 0.7034 0.9790 -1.4843 3.3975 8.6106 -1.6193 0.6811
Pedestrian -1 -1 0.1931 646.2325 789.7603 731.1329 935.2259 1.4179 0.7278 0.7577 -2.8655 3.1976 15.7764 0.0090 0.4605
Pedestrian -1 -1 -1.6792 1056.6964 915.4642 1112.0303 1058.7594 1.6764 0.6503 0.7421 1.5887 5.5154 19.3848 -1.5794 0.4602
Pedestrian -1 -1 1.6487 754.9089 867.8572 800.3841 982.7650 1.5818 0.6218 0.6140 -2.7273 5.2486 22.2511 1.5334 0.3834
Pedestrian -1 -1 1.6498 1269.1504 939.6884 1346.5974 1146.4899 1.6899 0.6318 0.6756 3.2349 4.7120 13.9336 1.9099 0.3451
Pedestrian -1 -1 -1.2032 1422.6246 994.0416 1531.8600 1216.0000 1.7154 0.6584 0.5883 4.1898 4.8215 12.1442 -0.8277 0.2216
Pedestrian -1 -1 1.5342 646.3686 767.2996 707.9495 931.1869 1.7131 0.6496 0.6398 -3.1751 3.3388 16.6866 1.3423 0.1999
Pedestrian -1 -1 -2.7155 591.4792 804.0691 695.6926 970.3921 1.4931 0.7394 0.7766 -3.1386 3.3217 14.8204 -2.9319 0.1954
Cyclist -1 -1 -1.3938 632.5584 883.6466 808.8557 1216.0000 1.6341 0.7984 1.3315 -1.3540 3.2482 8.6600 -1.5639 0.1661
Cyclist -1 -1 -1.6792 1056.6964 915.4642 1112.0303 1058.7594 1.6764 0.6503 0.7421 1.5887 5.5154 19.3848 -1.5794 0.1051
Car -1 -1 2.0961 0.0000 812.6083 145.4632 945.5256 1.4870 1.8264 4.4578 -15.9073 4.9589 25.3946 1.5285 0.1713
Car -1 -1 1.0773 1685.6256 819.1050 1852.7108 915.3056 1.5612 1.7755 3.9684 18.4587 6.2859 34.3757 1.5965 0.1535
