Pedestrian -1 -1 -1.4127 629.5901 928.8291 770.6197 1216.0000 1.7147 0.6817 0.8547 -1.4786 3.5482 8.5846 -1.5994 0.7779
Pedestrian -1 -1 -1.7175 1055.6084 876.9460 1111.9346 1019.8052 1.6982 0.6444 0.7033 1.5858 5.0359 19.4366 -1.6182 0.5479
Pedestrian -1 -1 1.6899 1278.5687 918.2070 1360.3674 1133.0640 1.7560 0.6458 0.6007 3.2892 4.5244 13.7148 1.9583 0.4563
Pedestrian -1 -1 -1.0004 1419.7638 986.9810 1530.0876 1216.0000 1.6992 0.6639 0.5259 4.1584 4.7360 12.1194 -0.6264 0.2931
Pedestrian -1 -1 0.0477 600.8054 805.8566 699.7193 960.1183 1.3680 0.7800 0.9273 -3.0633 3.2149 14.8027 -0.1639 0.2907
Pedestrian -1 -1 1.6666 755.4474 843.1201 802.6835 960.4039 1.6280 0.6398 0.5457 -2.6853 4.8901 22.0758 1.5518 0.2792
Pedestrian -1 -1 3.1186 674.1487 784.2017 737.9980 940.9137 1.5220 0.6797 0.6437 -2.6892 3.2393 15.7251 2.9456 0.2789
Pedestrian -1 -1 1.4613 927.0972 803.1006 949.8323 861.7278 1.7150 0.6466 0.5872 -0.7045 7.2436 46.0673 1.4589 0.2522
Pedestrian -1 -1 2.3725 1410.6877 946.8532 1509.2205 1145.9087 1.5726 0.5841 0.6062 4.4831 4.5537 13.4588 2.7340 0.2223
Pedestrian -1 -1 1.9912 660.5717 743.2392 736.2817 924.2219 1.9071 0.6510 0.5712 -2.9089 3.2472 16.5791 1.8144 0.1505
Cyclist -1 -1 -1.3889 642.4991 913.7151 801.9025 1216.0000 1.6814 0.7473 1.0272 -1.3568 3.4533 8.6566 -1.5584 0.1110
Car -1 -1 2.0995 0.0000 814.8265 147.5011 949.1331 1.4951 1.8440 4.5143 -15.9128 5.0144 25.4185 1.5323 0.2598
Car -1 -1 -1.3254 475.1607 757.1722 754.5266 980.5682 1.6920 1.8964 4.6431 -3.5951 3.3540 16.4462 -1.5467 0.2484
Car -1 -1 1.1020 1627.3159 810.1002 1936.0000 1018.3547 1.5366 1.8053 4.2892 9.3670 3.9354 17.1636 1.6454 0.2206
Car -1 -1 2.4895 1794.1678 847.6357 1936.0000 925.6999 1.6400 1.8181 4.1176 23.9646 7.5254 38.4640 3.0716 0.1686
