Pedestrian -1 -1 -1.4345 624.3687 849.1260 765.9196 1187.2986 1.7271 0.7127 0.7775 -1.5088 3.0759 8.5873 -1.6275 0.4896
Pedestrian -1 -1 1.4239 1227.9319 935.2271 1304.0122 1125.9532 1.6910 0.6636 0.6178 2.9834 4.8077 14.6844 1.6532 0.4631
Pedestrian -1 -1 1.6279 748.1234 805.4709 794.6873 925.4197 1.7495 0.6770 0.5988 -2.9273 4.5769 23.0956 1.5076 0.4611
Pedestrian -1 -1 1.6707 786.5281 855.2570 829.1746 960.5666 1.5588 0.6150 0.5318 -2.4147 5.2314 23.5742 1.5766 0.2156
Pedestrian -1 -1 1.5971 804.3526 812.9443 847.2463 929.6248 1.6845 0.6359 0.6373 -2.0796 4.6201 23.0093 1.5146 0.1948
Pedestrian -1 -1 -1.8370 1047.5181 955.5272 1106.2847 1090.1573 1.5253 0.6113 0.6328 1.4713 5.8273 19.0943 -1.7420 0.1799
Pedestrian -1 -1 0.0242 372.3533 846.1153 420.7538 1001.9457 1.6446 0.5916 0.5120 -6.4842 4.2409 17.1857 -0.3483 0.1529
Pedestrian -1 -1 2.5773 1304.9354 931.6988 1404.6171 1116.0144 1.5925 0.6120 0.7339 3.8421 4.6739 14.6261 2.8674 0.1513
Car -1 -1 -0.7301 1895.3920 820.6709 1936.0000 1069.0531 1.7798 1.9261 4.4988 11.2062 3.6628 13.3581 0.0280 0.2712
Car -1 -1 1.9895 84.7996 780.5601 265.3120 879.5482 1.4870 1.8134 4.1461 -16.3188 4.9649 31.2845 1.5055 0.1868
Car -1 -1 0.1289 0.0000 0.0000 1936.0000 1216.0000 1.5290 1.8351 4.0579 2.7675 1.5678 1.9410 1.5115 0.1402
Car -1 -1 -1.6350 943.9059 787.3295 1006.6537 854.3705 1.7229 1.9404 4.4483 0.4381 7.5801 51.6622 -1.6131 0.1304
