Pedestrian -1 -1 -1.3063 632.3982 750.2323 779.1863 1074.6910 1.7425 0.6901 0.7112 -1.4713 2.5041 8.7065 -1.4943 0.7848
Pedestrian -1 -1 -1.6430 1057.8217 768.9291 1106.7242 900.3477 1.6396 0.6077 0.6536 1.5906 3.5717 19.7256 -1.5455 0.7141
Pedestrian -1 -1 2.3920 1371.3514 831.9037 1486.2706 1059.6594 1.7360 0.6059 0.6949 3.9242 3.5334 12.5693 2.7367 0.5221
Pedestrian -1 -1 1.5350 926.6708 783.3126 947.8975 840.8925 1.6419 0.6196 0.5766 -0.7173 6.3978 44.5959 1.5315 0.5198
Pedestrian -1 -1 1.7679 724.2256 749.4111 780.9822 882.7567 1.7471 0.6561 0.6606 -2.8680 3.4910 20.5961 1.6320 0.4788
Pedestrian -1 -1 2.6001 1512.1211 805.7048 1627.3896 1034.4005 1.7687 0.6768 0.6514 5.0839 3.3277 12.5234 3.0353 0.3709
Pedestrian -1 -1 -1.2962 530.2181 778.0651 660.3668 1071.6641 1.5947 0.6148 0.5808 -2.1212 2.5176 8.7189 -1.5664 0.1907
Pedestrian -1 -1 0.1746 315.2148 725.8871 379.9287 905.7078 1.7889 0.6279 0.5367 -6.4178 2.8712 15.6583 -0.2351 0.1722
Cyclist -1 -1 0.3252 207.1575 892.2638 485.6600 1168.6489 1.8025 0.7823 1.7646 -4.5322 3.8761 11.1295 -0.0902 0.1620
Cyclist -1 -1 -0.0406 1425.6918 825.4229 1541.5410 1055.5088 1.7320 0.6840 0.8943 4.3795 3.4781 12.5507 0.3402 0.1446
Car -1 -1 -1.5036 701.5264 772.2321 809.8129 875.4089 1.4973 1.8329 4.1502 -4.0340 4.6528 29.9015 -1.6309 0.5565
Car -1 -1 1.1136 1790.2596 818.3907 1936.0000 937.5673 1.4412 1.8495 4.5785 17.5957 5.4043 28.2388 1.7022 0.2173
Car -1 -1 1.1864 1739.9285 826.6207 1893.5728 919.5785 1.4772 1.8035 4.2411 20.3120 6.5957 35.7084 1.7297 0.2094
Car -1 -1 0.4939 82.4296 787.6877 290.3077 864.0536 1.8490 2.0042 4.7721 -21.5555 6.5055 41.7276 0.0195 0.1820
