Pedestrian -1 -1 -1.2901 635.7968 743.8259 778.6394 1063.6812 1.7249 0.6602 0.7158 -1.4692 2.4507 8.7397 -1.4772 0.8718
Pedestrian -1 -1 -1.6001 1058.7782 751.1089 1106.6896 883.4018 1.6391 0.6169 0.7634 1.5947 3.3355 19.6979 -1.5024 0.7771
Pedestrian -1 -1 1.5301 925.0285 793.9271 946.8843 851.4563 1.6264 0.6316 0.5508 -0.7513 6.6626 44.2677 1.5258 0.4407
Pedestrian -1 -1 1.6885 720.5934 736.9400 776.3705 876.4340 1.8026 0.6660 0.7408 -2.8828 3.3525 20.3093 1.5494 0.3789
Pedestrian -1 -1 1.3207 1425.8591 777.1251 1520.2208 992.7399 1.6729 0.6292 0.6224 4.2468 2.9748 12.4420 1.6953 0.3509
Pedestrian -1 -1 -0.7430 1635.1257 744.6730 1767.3618 998.5828 1.8438 0.6668 0.6457 5.7438 2.8071 11.6307 -0.2246 0.1753
Pedestrian -1 -1 -1.2961 533.2017 773.3715 661.4539 1057.5200 1.5506 0.6124 0.5503 -2.1121 2.4446 8.7270 -1.5654 0.1623
Pedestrian -1 -1 -1.5562 1011.0417 746.5446 1060.0006 872.7333 1.5860 0.6280 0.5920 0.9841 3.2172 19.7325 -1.4916 0.1605
Pedestrian -1 -1 2.1002 1526.0612 752.4081 1641.7251 980.8107 1.7531 0.6386 0.6431 5.1674 2.8499 12.4194 2.5462 0.1462
Cyclist -1 -1 1.6760 714.3982 736.4483 772.9120 872.5247 1.6961 0.6642 1.1196 -2.9209 3.2418 20.1494 1.5335 0.1875
Cyclist -1 -1 -1.2898 279.6844 865.0090 440.5357 1163.5192 1.7655 0.7023 1.7311 -4.4539 3.7088 11.2004 -1.6970 0.1555
Car -1 -1 -1.4898 696.7119 769.6818 808.3959 872.8578 1.5119 1.8471 4.0787 -4.0868 4.6024 29.8387 -1.6193 0.2515
Car -1 -1 -0.5984 1809.9446 857.1284 1936.0000 941.7421 1.6563 1.7642 4.2116 22.4781 7.2316 35.0174 -0.0014 0.1309
