Pedestrian -1 -1 -1.7093 1056.9834 784.0434 1106.2086 913.4195 1.6212 0.5867 0.5241 1.5799 3.7455 19.6875 -1.6121 0.6501
Pedestrian -1 -1 -1.2905 630.1387 750.3186 780.9509 1081.5377 1.7707 0.7069 0.6854 -1.4638 2.5276 8.6513 -1.4789 0.5734
Pedestrian -1 -1 1.7395 741.2241 749.5644 795.9094 878.4530 1.7157 0.6550 0.6618 -2.6899 3.4885 20.9199 1.6149 0.5216
Pedestrian -1 -1 2.5948 1400.8635 838.1108 1513.1177 1058.0206 1.6935 0.6235 0.6814 4.1676 3.5425 12.6002 2.9577 0.4268
Pedestrian -1 -1 1.4658 925.0587 787.3742 948.1474 845.7252 1.6635 0.6383 0.6226 -0.7427 6.5785 44.8941 1.4619 0.4078
Pedestrian -1 -1 -1.3026 529.1886 777.6421 660.6116 1073.5631 1.5927 0.6095 0.6365 -2.1167 2.5136 8.6970 -1.5731 0.2105
Cyclist -1 -1 -2.9534 1402.8962 836.3935 1546.2817 1051.5972 1.5828 0.7582 1.0084 4.3781 3.4690 12.7477 -2.5784 0.2441
Cyclist -1 -1 -1.0382 291.6639 914.7591 512.0317 1215.7866 1.6650 0.6529 2.0315 -4.1777 4.0703 11.3557 -1.4148 0.1871
Car -1 -1 -1.4714 703.2802 783.9009 813.5971 883.3423 1.4362 1.7737 3.9657 -3.9972 4.8409 30.0164 -1.5967 0.5498
Car -1 -1 1.1520 1790.9807 820.9620 1936.0000 939.8128 1.4350 1.8893 4.5050 17.5662 5.4551 28.2839 1.7391 0.4844
Car -1 -1 3.6035 96.5297 782.4940 294.2949 863.0999 1.9774 2.0342 4.4793 -21.3193 6.4875 41.7630 3.1340 0.3558
Car -1 -1 0.9589 1822.4751 827.3624 1936.0000 928.6437 1.5716 1.8605 4.5531 22.2204 6.5728 34.6503 1.5564 0.3173
