Pedestrian -1 -1 -1.2650 626.0925 739.8514 778.2542 1063.6771 1.7307 0.6646 0.8605 -1.5029 2.4421 8.7889 -1.4552 0.8973
Pedestrian -1 -1 -1.6052 1058.9969 749.1182 1108.4688 884.3407 1.6670 0.6338 0.8247 1.6029 3.3361 19.6613 -1.5068 0.7332
Pedestrian -1 -1 1.6826 1431.5665 747.2924 1524.5914 971.9895 1.7118 0.6279 0.6529 4.2563 2.7545 12.3039 2.0626 0.4906
Pedestrian -1 -1 1.5054 922.9950 777.6300 945.9552 837.6716 1.6859 0.6437 0.6126 -0.7904 6.2123 43.9910 1.4998 0.4580
Pedestrian -1 -1 -0.6616 1657.4833 716.6799 1780.5759 966.1324 1.8025 0.6197 0.5907 5.7684 2.5237 11.4061 -0.1310 0.2720
Pedestrian -1 -1 1.7365 711.7867 739.3943 774.3079 872.5459 1.6515 0.6643 1.0236 -2.9021 3.2194 19.9601 1.5935 0.2349
Pedestrian -1 -1 -0.3987 1770.5786 750.0166 1926.9816 943.1533 1.4340 0.6929 0.9097 7.1525 2.4815 12.0900 0.1993 0.1768
Pedestrian -1 -1 -1.4096 762.2459 731.5893 884.7261 1038.7416 1.7506 0.6569 0.5721 -0.8223 2.4175 9.0422 -1.5074 0.1296
Pedestrian -1 -1 -1.5556 1012.1110 747.5179 1060.1830 874.6794 1.5965 0.6153 0.5966 0.9916 3.2397 19.7184 -1.4906 0.1294
Cyclist -1 -1 -1.3545 271.7719 856.2049 420.5526 1159.9882 1.7432 0.6909 1.7260 -4.4333 3.5689 10.8891 -1.7726 0.1659
Cyclist -1 -1 1.5776 729.5809 732.9229 787.9627 879.4600 1.7353 0.7362 1.6500 -2.6792 3.2316 19.8489 1.4453 0.1464
Car -1 -1 1.3289 1387.9935 791.5215 1498.3444 873.5632 1.5015 1.8129 4.2140 12.2941 6.0230 38.4017 1.6603 0.1709
Car -1 -1 1.1400 1812.8055 834.1180 1936.0000 941.6119 1.6424 1.9260 4.5232 21.6091 6.8041 34.5111 1.7263 0.1425
Car -1 -1 1.9177 134.6754 789.7589 291.4713 882.5912 1.4116 1.7205 4.3118 -16.3626 5.2900 32.9397 1.4551 0.1268
