Pedestrian -1 -1 -1.2734 635.7611 731.6620 771.5144 1047.2596 1.7447 0.6545 0.5781 -1.5059 2.3965 8.8077 -1.4638 0.8164
Pedestrian -1 -1 -1.6721 1058.5645 753.7875 1111.7175 889.2818 1.6992 0.6467 0.6073 1.6212 3.4179 19.6373 -1.5726 0.5276
Pedestrian -1 -1 1.5315 914.7878 777.4069 937.6589 840.3120 1.7477 0.6486 0.6631 -1.0238 6.2278 43.5820 1.5202 0.5179
Pedestrian -1 -1 2.0141 1466.4669 729.1398 1583.2520 960.4240 1.7172 0.6266 0.6825 4.5139 2.5843 11.9788 2.4253 0.4831
Pedestrian -1 -1 -1.0461 1589.8208 720.7428 1700.8240 947.2667 1.7071 0.5727 0.6053 5.4927 2.5030 12.0147 -0.5605 0.3284
Pedestrian -1 -1 1.7339 709.0268 734.1809 771.7935 871.9653 1.6982 0.6748 0.9112 -2.8891 3.1662 19.6259 1.5887 0.3145
Pedestrian -1 -1 -1.6331 1487.2070 729.4931 1588.0557 988.2407 1.7828 0.6779 0.6701 4.2661 2.5886 11.0870 -1.2110 0.1785
Pedestrian -1 -1 -1.3395 540.9124 735.5004 659.9020 1014.6329 1.5913 0.5991 0.5638 -2.1721 2.2822 9.0494 -1.6058 0.1508
Pedestrian -1 -1 -1.4480 763.8066 720.4711 880.8195 1025.2821 1.7431 0.6405 0.5888 -0.8291 2.3404 9.0436 -1.5469 0.1427
Pedestrian -1 -1 -1.6709 1008.9328 745.8657 1056.3223 875.6181 1.6552 0.5830 0.5937 0.9478 3.2946 19.9588 -1.6089 0.1268
Cyclist -1 -1 1.7382 699.8293 731.8569 771.2182 873.2332 1.6695 0.6864 1.4509 -2.9264 3.1165 19.4994 1.5897 0.1433
Car -1 -1 -1.3479 708.8755 784.4705 805.2169 856.3168 1.4740 1.8167 3.7905 -5.5998 6.1055 41.4293 -1.4730 0.2027
Car -1 -1 1.9163 0.0000 794.0170 95.1628 881.7274 1.5765 1.8434 4.5220 -24.1461 6.2091 38.5593 1.3571 0.1660
Car -1 -1 -1.5891 690.6288 763.1358 793.6051 878.4446 1.6710 1.8517 4.2311 -4.3113 4.5829 29.2656 -1.7292 0.1417
Car -1 -1 1.1984 1472.0568 788.2024 1600.5616 866.7733 1.4663 1.7730 4.2120 14.8430 5.9389 38.8383 1.5863 0.1279
