Pedestrian -1 -1 -1.2662 632.2524 714.6866 774.1670 1033.5743 1.7642 0.6658 0.6727 -1.5140 2.3182 8.8549 -1.4568 0.8337
Pedestrian -1 -1 -1.6183 1056.4707 747.2108 1106.6569 883.4154 1.7042 0.6378 0.6396 1.5748 3.3387 19.6485 -1.5214 0.5663
Pedestrian -1 -1 1.5073 913.5458 778.1560 937.2477 840.7811 1.7254 0.6528 0.6778 -1.0422 6.2041 43.3391 1.4955 0.5162
Pedestrian -1 -1 -1.0121 1481.2885 730.9257 1601.1594 962.2661 1.6994 0.6160 0.6615 4.5845 2.5693 11.8291 -0.5901 0.3816
Pedestrian -1 -1 -0.7847 1591.7590 726.5401 1715.3083 957.5068 1.7141 0.5715 0.6754 5.4534 2.5411 11.7965 -0.2937 0.2162
Pedestrian -1 -1 -0.6856 1644.5703 732.5447 1771.9452 981.7698 1.7501 0.5760 0.6299 5.5470 2.5750 11.1251 -0.1599 0.2158
Pedestrian -1 -1 1.6988 703.2530 733.9420 766.0011 875.1691 1.6817 0.6596 1.1260 -2.9067 3.1275 19.2580 1.5493 0.1939
Pedestrian -1 -1 -1.5294 1487.4277 723.4871 1594.5347 980.8592 1.7574 0.6734 0.6623 4.2698 2.5122 11.0015 -1.1036 0.1562
Pedestrian -1 -1 -1.4027 758.2888 708.9353 879.8991 1015.9557 1.7493 0.6388 0.6314 -0.8476 2.2762 9.0409 -1.5043 0.1347
Cyclist -1 -1 1.6979 699.4072 732.5756 765.8887 876.3875 1.6826 0.6728 1.4040 -2.9301 3.1211 19.2692 1.5473 0.1245
Car -1 -1 -1.4190 713.7497 785.9559 800.5786 858.4935 1.5393 1.8346 4.1587 -5.8336 6.4161 43.1789 -1.5438 0.2896
Car -1 -1 2.0293 134.7414 785.5515 304.3209 880.1136 1.6180 1.8259 4.3512 -17.3154 5.6289 35.1591 1.5716 0.1988
Car -1 -1 -1.4382 687.3214 784.2580 787.2578 872.4637 1.6532 1.9139 3.9388 -5.4968 5.8216 37.1410 -1.5768 0.1596
Car -1 -1 -1.5440 571.7701 754.6934 717.5853 918.6649 1.8121 1.9610 4.5856 -4.7470 4.0024 22.8045 -1.7486 0.1560
Car -1 -1 1.1979 1472.2968 788.4630 1601.1361 867.6436 1.4784 1.7745 4.2200 14.8449 5.9562 38.8168 1.5860 0.1375
