Pedestrian -1 -1 -1.2352 615.8293 719.4364 782.0401 1049.4657 1.7396 0.6782 1.0035 -1.5082 2.3266 8.7398 -1.4281 0.9252
Pedestrian -1 -1 -1.5865 1052.3369 751.5690 1101.2289 885.4954 1.6599 0.6297 0.7557 1.5213 3.3623 19.6958 -1.4927 0.6892
Pedestrian -1 -1 -0.9255 1485.1143 736.0075 1609.3636 966.6350 1.6646 0.6214 0.6602 4.5559 2.5614 11.6395 -0.4991 0.4472
Pedestrian -1 -1 1.5595 904.8643 780.0012 926.0459 840.1354 1.6134 0.5969 0.7697 -1.3032 6.0669 42.5463 1.5409 0.4452
Pedestrian -1 -1 -0.8309 1651.4457 732.7484 1788.1133 957.8062 1.6126 0.6299 0.6954 5.8267 2.4715 11.5058 -0.2999 0.4136
Pedestrian -1 -1 -1.2743 523.5248 735.6459 658.3326 1040.0337 1.6797 0.6285 0.6248 -2.1665 2.3553 8.8041 -1.5481 0.1794
Pedestrian -1 -1 1.6427 699.5876 741.1138 755.4119 881.7983 1.6473 0.6299 0.8617 -2.9176 3.1374 18.7188 1.4878 0.1668
Pedestrian -1 -1 2.5079 1484.1569 737.2802 1592.4165 942.5557 1.6290 0.6119 0.6181 4.8658 2.6058 12.6328 2.9249 0.1624
Pedestrian -1 -1 -1.1857 1577.0773 727.5253 1707.7969 991.6774 1.7499 0.6172 0.6845 4.8810 2.5168 10.7178 -0.6961 0.1585
Car -1 -1 -1.4613 700.5055 775.5772 784.8201 849.8443 1.5822 1.8890 4.2712 -6.1926 6.1101 42.7789 -1.5960 0.1733
Car -1 -1 -1.4084 682.0032 778.8618 785.4974 862.3232 1.5348 1.8739 3.8349 -5.5002 5.5007 36.5836 -1.5497 0.1572
