Pedestrian -1 -1 -1.3089 676.0273 697.5493 820.6926 1027.2609 1.8050 0.6767 0.7553 -1.2335 2.2514 8.7791 -1.4654 0.7192
Pedestrian -1 -1 -1.6663 1084.4119 762.8091 1138.7805 896.0410 1.6218 0.6463 0.6857 1.9316 3.4321 19.2793 -1.5480 0.5949
Pedestrian -1 -1 1.7738 686.1376 740.5338 759.5774 899.4797 1.6654 0.6848 0.6469 -2.6228 2.9673 16.4989 1.6136 0.3773
Pedestrian -1 -1 1.5117 945.0688 776.1760 970.8961 841.9533 1.6661 0.6576 0.6666 -0.0904 5.7309 39.8335 1.5221 0.3238
Pedestrian -1 -1 -2.0159 1750.6533 726.9182 1892.5859 1008.7699 1.7183 0.6052 0.6591 5.5958 2.4093 9.7573 -1.4191 0.2732
Cyclist -1 -1 1.5082 945.5273 774.8658 972.7742 841.5696 1.6474 0.6755 1.0668 -0.0614 5.7096 39.9572 1.5194 0.1117
Car -1 -1 -1.4670 695.3189 789.2354 795.4197 882.8932 1.6432 1.9088 4.2350 -5.1124 5.8249 35.9083 -1.6000 0.3108
Car -1 -1 -1.5645 748.1747 789.0532 808.3376 854.7534 1.4875 1.7799 4.0852 -5.6652 6.8357 46.5978 -1.6753 0.2528
Car -1 -1 1.1680 1735.0419 781.4803 1880.3199 865.5048 1.6265 1.8706 4.4064 22.4509 6.0425 39.8654 1.7062 0.1595
Car -1 -1 -1.4217 708.5915 786.0343 798.4560 862.1823 1.5315 1.8067 3.8565 -5.5363 6.0800 40.2656 -1.5492 0.1520
