Pedestrian -1 -1 -1.3080 634.4121 698.2119 778.7966 1018.3688 1.7561 0.6676 0.7935 -1.4834 2.2089 8.8158 -1.4962 0.8032
Pedestrian -1 -1 1.6002 902.8845 780.8879 926.5988 842.4033 1.6289 0.6323 0.5636 -1.2837 5.9696 41.3289 1.5811 0.5425
Pedestrian -1 -1 -1.6157 1053.1698 762.9561 1103.7113 892.8269 1.6140 0.6434 0.6262 1.5311 3.4549 19.6126 -1.5209 0.4819
Pedestrian -1 -1 -1.6395 1106.7557 764.4081 1156.5095 895.9833 1.5863 0.5999 0.6077 2.1632 3.3923 19.0362 -1.5069 0.3648
Pedestrian -1 -1 -1.5812 1783.2931 726.6600 1890.1006 966.8673 1.5914 0.6223 0.7010 6.3061 2.3556 10.7654 -0.9807 0.3044
Pedestrian -1 -1 -1.5781 1685.1261 727.9479 1784.8193 971.6432 1.6095 0.5937 0.6639 5.5316 2.3758 10.6834 -1.0331 0.2473
Pedestrian -1 -1 1.8046 701.2398 728.0555 769.3256 880.1470 1.7126 0.6488 0.7273 -2.6758 2.9644 17.7572 1.6542 0.1676
Car -1 -1 -1.5154 712.0582 795.3229 796.0359 881.9650 1.5682 1.8290 4.2524 -5.1840 6.1312 37.8540 -1.6425 0.5546
Car -1 -1 -1.5095 706.4860 779.3292 770.7660 844.1487 1.5597 1.7377 3.7010 -6.9565 6.6107 47.0013 -1.6469 0.2337
Car -1 -1 1.1213 1820.6522 844.9241 1936.0000 950.3170 1.5681 1.9497 4.1800 21.2874 6.8467 33.6704 1.7122 0.1759
Car -1 -1 1.1406 1734.4158 825.3610 1936.0000 942.1935 1.4523 1.8175 4.5436 16.8764 5.6681 29.0824 1.6964 0.1557
