Pedestrian -1 -1 -1.3101 711.5375 696.9811 864.6936 1032.6360 1.7687 0.6329 1.1045 -0.9842 2.2176 8.7234 -1.4350 0.5373
Pedestrian -1 -1 1.4903 972.2088 775.4722 997.5740 840.6720 1.6382 0.6277 0.6341 0.6204 5.6433 39.4444 1.5192 0.5126
Pedestrian -1 -1 -1.7267 1128.2402 748.4413 1189.5302 883.8008 1.6344 0.6726 0.8648 2.5392 3.2632 19.2824 -1.5751 0.2978
Pedestrian -1 -1 2.4772 709.4476 760.8834 795.8904 921.0792 1.5929 0.6766 0.6426 -2.2497 3.1018 16.1274 2.3376 0.1679
Pedestrian -1 -1 -0.6692 1777.3008 709.2949 1923.5386 974.0957 1.7471 0.6639 0.6097 6.1919 2.3561 10.4400 -0.0610 0.1626
Car -1 -1 -1.4788 730.8124 798.8987 827.7559 896.3250 1.6772 1.8603 4.2882 -4.2649 6.0733 35.6221 -1.5887 0.5514
Car -1 -1 -1.5192 771.3893 796.9506 836.6177 861.9529 1.4600 1.7549 3.8850 -4.7979 6.9836 46.0332 -1.6124 0.2154
Car -1 -1 1.8864 412.3919 764.8604 523.0447 834.8702 1.5709 1.8350 4.3832 -14.6144 5.9437 44.5268 1.5742 0.2049
Car -1 -1 -1.4842 750.6187 784.6112 831.1035 861.7407 1.5750 1.7948 3.7284 -4.5296 6.0683 40.1941 -1.5867 0.1820
Car -1 -1 -1.4118 569.3127 760.1425 762.2471 927.0706 1.7015 1.9681 4.4644 -4.0362 3.8199 21.1648 -1.5999 0.1681
