Pedestrian -1 -1 -1.2546 614.2631 691.8704 770.7583 1015.3310 1.7200 0.6497 0.9305 -1.5340 2.1301 8.6590 -1.4540 0.8383
Pedestrian -1 -1 -1.6468 1053.5012 768.9958 1106.0256 905.8263 1.6759 0.6398 0.6705 1.5294 3.5760 19.3776 -1.5510 0.6119
Pedestrian -1 -1 1.5790 903.7651 786.9830 926.5012 848.1241 1.6077 0.6130 0.5444 -1.2647 6.0877 41.0590 1.5602 0.5046
Pedestrian -1 -1 1.6362 679.8102 740.2114 739.9882 884.3981 1.5900 0.6518 0.6162 -2.9137 2.9560 17.3749 1.4676 0.2627
Pedestrian -1 -1 -1.0538 1756.0356 723.9828 1936.0000 985.7111 1.6763 0.6581 0.9848 6.1969 2.4040 10.4735 -0.4471 0.2458
Pedestrian -1 -1 -1.7599 1101.9003 781.2068 1160.4230 907.9934 1.5458 0.6609 0.5899 2.1893 3.5979 19.3192 -1.6277 0.1783
Cyclist -1 -1 -0.7691 1729.3728 721.1989 1936.0000 983.4904 1.6916 0.7149 1.3227 6.1993 2.3935 10.4403 -0.1605 0.2371
Car -1 -1 -1.4908 683.3615 783.6873 768.6315 863.2358 1.6157 1.9502 4.2499 -6.4321 6.2308 41.2798 -1.6366 0.4155
Car -1 -1 -1.5225 683.9822 789.5072 768.8829 876.6244 1.5702 1.8210 3.7322 -5.6382 5.7753 36.2560 -1.6688 0.2708
Car -1 -1 1.1579 1815.9677 831.7198 1936.0000 934.7834 1.5910 1.8914 4.1059 21.2822 6.6011 34.0411 1.7439 0.2571
Car -1 -1 -1.4689 699.9914 785.5162 770.7769 853.6437 1.5722 1.7197 3.9605 -6.9013 6.7293 46.0047 -1.6083 0.1936
