Pedestrian -1 -1 -1.2841 637.7277 694.0954 778.0276 1004.5807 1.7519 0.6629 0.7359 -1.5119 2.1876 9.0153 -1.4710 0.6189
Pedestrian -1 -1 1.5104 903.6173 782.1146 927.4398 844.0660 1.6460 0.6357 0.5832 -1.2762 6.0582 41.6528 1.4918 0.5240
Pedestrian -1 -1 -1.5068 1762.3142 720.9135 1869.6913 955.9274 1.5866 0.6000 0.6277 6.2209 2.3128 10.8800 -0.9179 0.4536
Pedestrian -1 -1 -1.7850 1051.8842 752.7914 1108.7023 880.1700 1.5888 0.6388 0.6035 1.5603 3.2996 19.6676 -1.6890 0.3967
Pedestrian -1 -1 -1.4296 1665.2821 713.6844 1775.1179 960.6193 1.6583 0.5879 0.6360 5.4757 2.3243 10.7853 -0.8936 0.3344
Pedestrian -1 -1 -1.6433 1105.8547 755.3975 1154.8137 884.0089 1.5642 0.5917 0.6223 2.1632 3.2668 19.1827 -1.5116 0.2593
Pedestrian -1 -1 1.5561 934.7493 780.5671 957.3381 842.5661 1.6537 0.6254 0.5947 -0.4253 6.0262 41.7036 1.5584 0.2302
Pedestrian -1 -1 -1.1704 1363.9498 708.9733 1465.0271 925.9692 1.7755 0.6786 0.5303 3.9355 2.5296 12.9894 -0.8343 0.2256
Car -1 -1 -1.4718 706.7195 785.6185 797.7224 868.2215 1.5280 1.8411 4.0440 -5.2055 5.7981 37.6836 -1.6004 0.3325
Car -1 -1 -3.7457 1854.6195 856.5590 1936.0000 949.5972 1.8013 1.8816 4.2349 23.4609 7.3400 34.7802 -3.1257 0.2666
