Pedestrian -1 -1 -1.3437 730.7482 703.7010 877.4671 1034.0438 1.7439 0.6557 0.9336 -0.8865 2.2254 8.6348 -1.4570 0.7687
Pedestrian -1 -1 -1.7794 1152.3496 759.2365 1212.1725 892.9859 1.6288 0.6456 0.6940 2.8444 3.3943 19.2939 -1.6113 0.4758
Pedestrian -1 -1 1.4708 997.6598 778.8721 1023.4637 844.2911 1.6227 0.6215 0.5965 1.2794 5.6593 38.8899 1.5174 0.3881
Pedestrian -1 -1 2.9035 719.5594 765.0865 796.4061 907.4857 1.4048 0.6824 0.6753 -2.1885 2.9519 16.0628 2.7670 0.1854
Car -1 -1 -1.4848 754.1403 790.8044 847.6813 881.6522 1.5845 1.8259 4.0442 -3.7466 5.7517 35.5314 -1.5804 0.4326
Car -1 -1 -1.3791 597.9213 755.7781 790.2302 917.0851 1.6543 1.8569 4.0806 -3.5758 3.6497 20.7399 -1.5490 0.2766
Car -1 -1 1.8717 428.4597 767.4376 533.0104 836.5469 1.5645 1.7872 4.1678 -14.2420 6.0096 44.5491 1.5675 0.2597
Car -1 -1 -1.4998 790.5634 789.7988 856.7000 854.0058 1.4672 1.7159 3.8759 -4.2011 6.7664 46.1120 -1.5797 0.1924
Car -1 -1 -3.4118 1397.0846 714.9773 1936.0000 953.6831 1.4499 1.7641 3.8428 5.3580 2.2127 11.3640 -2.9099 0.1778
Car -1 -1 -1.4948 760.8569 789.2734 843.7159 870.0829 1.6043 1.8557 3.9767 -4.1812 6.2051 39.8521 -1.5893 0.1723
Car -1 -1 1.8621 319.3088 770.3505 424.0010 838.5159 1.5125 1.7635 4.1079 -17.4058 6.0306 44.3350 1.4919 0.1540
